0,0,0,0.3,0,0,0,0.2,0.18,0,0.2,-0.18,0,-0.2,0.18,0,-0.2,-0.18,0
0.001,7.29953e-08,-4.79967e-08,0.299999,2.23121e-06,-2.21512e-07,-2.53746e-06,0.2,0.18,0,0.2,-0.18,0,-0.2,0.18,0,-0.2,-0.18,0
0.002,2.93644e-07,-1.93033e-07,0.299997,8.88306e-06,-8.75121e-07,-1.0091e-05,0.2,0.18,0,0.2,-0.18,0,-0.2,0.18,0,-0.2,-0.18,0
0.003,6.64442e-07,-4.36679e-07,0.299994,1.98928e-05,-1.94444e-06,-2.25723e-05,0.2,0.18,0,0.2,-0.18,0,-0.2,0.18,0,-0.2,-0.18,0
0.004,1.18788e-06,-7.80504e-07,0.29999,3.51979e-05,-3.41306e-06,-3.98932e-05,0.2,0.18,0,0.2,-0.18,0,-0.2,0.18,0,-0.2,-0.18,0
0.005,1.86646e-06,-1.22608e-06,0.299984,5.47355e-05,-5.26462e-06,-6.19653e-05,0.2,0.18,0,0.2,-0.18,0,-0.2,0.18,0,-0.2,-0.18,0
0.006,2.70267e-06,-1.77497e-06,0.299976,7.8443e-05,-7.4827e-06,-8.87004e-05,0.2,0.18,0,0.2,-0.18,0,-0.2,0.18,0,-0.2,-0.18,0
0.007,3.69901e-06,-2.42875e-06,0.299968,0.000106258,-1.00509e-05,-0.00012001,0.2,0.18,0,0.2,-0.18,0,-0.2,0.18,0,-0.2,-0.18,0
0.008,4.85798e-06,-3.18899e-06,0.299958,0.000138117,-1.29529e-05,-0.000155807,0.2,0.18,0,0.2,-0.18,0,-0.2,0.18,0,-0.2,-0.18,0
0.009,6.18206e-06,-4.05725e-06,0.299947,0.000173958,-1.61722e-05,-0.000196001,0.2,0.18,0,0.2,-0.18,0,-0.2,0.18,0,-0.2,-0.18,0
0.01,7.67375e-06,-5.03511e-06,0.299935,0.000213718,-1.96925e-05,-0.000240506,0.2,0.18,0,0.2,-0.18,0,-0.2,0.18,0,-0.2,-0.18,0
0.011,9.33555e-06,-6.12414e-06,0.299921,0.000257335,-2.34974e-05,-0.000289232,0.2,0.18,0,0.2,-0.18,0,-0.2,0.18,0,-0.2,-0.18,0
0.012,1.11699e-05,-7.3259e-06,0.299906,0.000304745,-2.75704e-05,-0.000342091,0.2,0.18,0,0.2,-0.18,0,-0.2,0.18,0,-0.2,-0.18,0
0.013,1.31794e-05,-8.64197e-06,0.29989,0.000355886,-3.18953e-05,-0.000398996,0.2,0.18,0,0.2,-0.18,0,-0.2,0.18,0,-0.2,-0.18,0
0.014,1.53665e-05,-1.00739e-05,0.299872,0.000410696,-3.64555e-05,-0.000459857,0.2,0.18,0,0.2,-0.18,0,-0.2,0.18,0,-0.2,-0.18,0
0.015,1.77337e-05,-1.16233e-05,0.299853,0.000469112,-4.12348e-05,-0.000524588,0.2,0.18,0,0.2,-0.18,0,-0.2,0.18,0,-0.2,-0.18,0
0.016,2.02835e-05,-1.32917e-05,0.299833,0.00053107,-4.62167e-05,-0.000593098,0.2,0.18,0,0.2,-0.18,0,-0.2,0.18,0,-0.2,-0.18,0
0.017,2.30183e-05,-1.50807e-05,0.299812,0.000596509,-5.13848e-05,-0.000665301,0.2,0.18,0,0.2,-0.18,0,-0.2,0.18,0,-0.2,-0.18,0
0.018,2.59407e-05,-1.69918e-05,0.299789,0.000665365,-5.67227e-05,-0.000741107,0.2,0.18,0,0.2,-0.18,0,-0.2,0.18,0,-0.2,-0.18,0
0.019,2.90532e-05,-1.90267e-05,0.299765,0.000737577,-6.22141e-05,-0.000820429,0.2,0.18,0,0.2,-0.18,0,-0.2,0.18,0,-0.2,-0.18,0
0.02,3.23582e-05,-2.11868e-05,0.29974,0.00081308,-6.78425e-05,-0.000903178,0.2,0.18,0,0.2,-0.18,0,-0.2,0.18,0,-0.2,-0.18,0
0.021,3.58583e-05,-2.34739e-05,0.299713,0.000891813,-7.35916e-05,-0.000989266,0.2,0.18,0,0.2,-0.18,0,-0.2,0.18,0,-0.2,-0.18,0
0.022,3.95559e-05,-2.58893e-05,0.299685,0.000973713,-7.9445e-05,-0.0010786,0.2,0.18,0,0.2,-0.18,0,-0.2,0.18,0,-0.2,-0.18,0
0.023,4.34536e-05,-2.84348e-05,0.299656,0.00105872,-8.53862e-05,-0.00117111,0.2,0.18,0,0.2,-0.18,0,-0.2,0.18,0,-0.2,-0.18,0
0.024,4.75538e-05,-3.11118e-05,0.299626,0.00114676,-9.1399e-05,-0.00126668,0.2,0.18,0,0.2,-0.18,0,-0.2,0.18,0,-0.2,-0.18,0
0.025,5.1859e-05,-3.39219e-05,0.299594,0.00123779,-9.74668e-05,-0.00136524,0.2,0.18,0,0.2,-0.18,0,-0.2,0.18,0,-0.2,-0.18,0
0.026,5.63718e-05,-3.68668e-05,0.299561,0.00133173,-0.000103573,-0.0014667,0.2,0.18,0,0.2,-0.18,0,-0.2,0.18,0,-0.2,-0.18,0
0.027,6.10946e-05,-3.9948e-05,0.299527,0.00142852,-0.000109702,-0.00157097,0.2,0.18,0,0.2,-0.18,0,-0.2,0.18,0,-0.2,-0.18,0
0.028,6.60299e-05,-4.3167e-05,0.299492,0.00152811,-0.000115837,-0.00167796,0.2,0.18,0,0.2,-0.18,0,-0.2,0.18,0,-0.2,-0.18,0
0.029,7.11803e-05,-4.65254e-05,0.299455,0.00163042,-0.000121961,-0.00178758,0.2,0.18,0,0.2,-0.18,0,-0.2,0.18,0,-0.2,-0.18,0
0.03,7.65481e-05,-5.00248e-05,0.299417,0.0017354,-0.000128059,-0.00189975,0.2,0.18,0,0.2,-0.18,0,-0.2,0.18,0,-0.2,-0.18,0
0.031,8.21359e-05,-5.36667e-05,0.299378,0.00184298,-0.000134113,-0.00201437,0.2,0.18,0,0.2,-0.18,0,-0.2,0.18,0,-0.2,-0.18,0
0.032,8.79463e-05,-5.74528e-05,0.299337,0.0019531,-0.000140107,-0.00213136,0.2,0.18,0,0.2,-0.18,0,-0.2,0.18,0,-0.2,-0.18,0
0.033,9.39816e-05,-6.13846e-05,0.299296,0.0020657,-0.000146026,-0.00225064,0.2,0.18,0,0.2,-0.18,0,-0.2,0.18,0,-0.2,-0.18,0
0.034,0.000100244,-6.54637e-05,0.299253,0.00218071,-0.000151852,-0.0023721,0.2,0.18,0,0.2,-0.18,0,-0.2,0.18,0,-0.2,-0.18,0
0.035,0.000106737,-6.96916e-05,0.299208,0.00229808,-0.000157569,-0.00249566,0.2,0.18,0,0.2,-0.18,0,-0.2,0.18,0,-0.2,-0.18,0
0.036,0.000113463,-7.40699e-05,0.299163,0.00241773,-0.000163161,-0.00262125,0.2,0.18,0,0.2,-0.18,0,-0.2,0.18,0,-0.2,-0.18,0
0.037,0.000120423,-7.86002e-05,0.299116,0.00253961,-0.000168612,-0.00274875,0.2,0.18,0,0.2,-0.18,0,-0.2,0.18,0,-0.2,-0.18,0
0.038,0.00012762,-8.3284e-05,0.299068,0.00266365,-0.000173904,-0.0028781,0.2,0.18,0,0.2,-0.18,0,-0.2,0.18,0,-0.2,-0.18,0
0.039,0.000135058,-8.81229e-05,0.299019,0.0027898,-0.000179022,-0.0030092,0.2,0.18,0,0.2,-0.18,0,-0.2,0.18,0,-0.2,-0.18,0
0.04,0.000142738,-9.31185e-05,0.298969,0.00291798,-0.00018395,-0.00314195,0.2,0.18,0,0.2,-0.18,0,-0.2,0.18,0,-0.2,-0.18,0
0.041,0.000150663,-9.82724e-05,0.298917,0.00304814,-0.00018867,-0.00327629,0.2,0.18,0,0.2,-0.18,0,-0.2,0.18,0,-0.2,-0.18,0
0.042,0.000158836,-0.000103586,0.298864,0.00318022,-0.000193166,-0.0034121,0.2,0.18,0,0.2,-0.18,0,-0.2,0.18,0,-0.2,-0.18,0
0.043,0.000167258,-0.000109061,0.29881,0.00331414,-0.000197423,-0.00354932,0.2,0.18,0,0.2,-0.18,0,-0.2,0.18,0,-0.2,-0.18,0
0.044,0.000175933,-0.000114699,0.298754,0.00344985,-0.000201423,-0.00368784,0.2,0.18,0,0.2,-0.18,0,-0.2,0.18,0,-0.2,-0.18,0
0.045,0.000184863,-0.000120502,0.298698,0.00358729,-0.000205151,-0.00382759,0.2,0.18,0,0.2,-0.18,0,-0.2,0.18,0,-0.2,-0.18,0
0.046,0.00019405,-0.000126471,0.29864,0.00372639,-0.000208589,-0.00396846,0.2,0.18,0,0.2,-0.18,0,-0.2,0.18,0,-0.2,-0.18,0
0.047,0.000203498,-0.000132607,0.298581,0.00386708,-0.000211722,-0.00411038,0.2,0.18,0,0.2,-0.18,0,-0.2,0.18,0,-0.2,-0.18,0
0.048,0.000213207,-0.000138912,0.29852,0.00400932,-0.000214533,-0.00425326,0.2,0.18,0,0.2,-0.18,0,-0.2,0.18,0,-0.2,-0.18,0
0.049,0.000223182,-0.000145389,0.298459,0.00415303,-0.000217006,-0.004397,0.2,0.18,0,0.2,-0.18,0,-0.2,0.18,0,-0.2,-0.18,0
0.05,0.000233424,-0.000152038,0.298396,0.00429815,-0.000219124,-0.00454153,0.2,0.18,0,0.2,-0.18,0,-0.2,0.18,0,-0.2,-0.18,0
0.051,0.000243935,-0.00015886,0.298332,0.00444462,-0.000220871,-0.00468674,0.2,0.18,0,0.2,-0.18,0,-0.2,0.18,0,-0.2,-0.18,0
0.052,0.00025472,-0.000165859,0.298266,0.00459238,-0.000222231,-0.00483256,0.2,0.18,0,0.2,-0.18,0,-0.2,0.18,0,-0.2,-0.18,0
0.053,0.000265779,-0.000173034,0.2982,0.00474136,-0.000223186,-0.00497889,0.2,0.18,0,0.2,-0.18,0,-0.2,0.18,0,-0.2,-0.18,0
0.054,0.000277115,-0.000180388,0.298132,0.0048915,-0.000223722,-0.00512564,0.2,0.18,0,0.2,-0.18,0,-0.2,0.18,0,-0.2,-0.18,0
0.055,0.000288731,-0.000187922,0.298063,0.00504273,-0.000223821,-0.00527274,0.2,0.18,0,0.2,-0.18,0,-0.2,0.18,0,-0.2,-0.18,0
0.056,0.00030063,-0.000195638,0.297993,0.00519501,-0.000223466,-0.00542008,0.2,0.18,0,0.2,-0.18,0,-0.2,0.18,0,-0.2,-0.18,0
0.057,0.000312814,-0.000203538,0.297922,0.00534826,-0.000222643,-0.00556759,0.2,0.18,0,0.2,-0.18,0,-0.2,0.18,0,-0.2,-0.18,0
0.058,0.000325285,-0.000211622,0.297849,0.00550241,-0.000221333,-0.00571517,0.2,0.18,0,0.2,-0.18,0,-0.2,0.18,0,-0.2,-0.18,0
0.059,0.000338045,-0.000219893,0.297776,0.00565742,-0.000219521,-0.00586273,0.2,0.18,0,0.2,-0.18,0,-0.2,0.18,0,-0.2,-0.18,0
0.06,0.000351099,-0.000228352,0.297701,0.00581321,-0.000217191,-0.0060102,0.2,0.18,0,0.2,-0.18,0,-0.2,0.18,0,-0.2,-0.18,0
0.061,0.000364447,-0.000237,0.297624,0.00596972,-0.000214326,-0.00615746,0.2,0.18,0,0.2,-0.18,0,-0.2,0.18,0,-0.2,-0.18,0
0.062,0.000378092,-0.00024584,0.297547,0.00612689,-0.000210909,-0.00630445,0.2,0.18,0,0.2,-0.18,0,-0.2,0.18,0,-0.2,-0.18,0
0.063,0.000392037,-0.000254873,0.297468,0.00628466,-0.000206924,-0.00645107,0.2,0.18,0,0.2,-0.18,0,-0.2,0.18,0,-0.2,-0.18,0
0.064,0.000406285,-0.0002641,0.297389,0.00644296,-0.000202356,-0.00659724,0.2,0.18,0,0.2,-0.18,0,-0.2,0.18,0,-0.2,-0.18,0
0.065,0.000420837,-0.000273523,0.297308,0.00660173,-0.000197187,-0.00674286,0.2,0.18,0,0.2,-0.18,0,-0.2,0.18,0,-0.2,-0.18,0
0.066,0.000435697,-0.000283143,0.297225,0.00676091,-0.0001914,-0.00688785,0.2,0.18,0,0.2,-0.18,0,-0.2,0.18,0,-0.2,-0.18,0
0.067,0.000450866,-0.000292962,0.297142,0.00692044,-0.000184981,-0.00703211,0.2,0.18,0,0.2,-0.18,0,-0.2,0.18,0,-0.2,-0.18,0
0.068,0.000466348,-0.000302982,0.297057,0.00708025,-0.000177912,-0.00717557,0.2,0.18,0,0.2,-0.18,0,-0.2,0.18,0,-0.2,-0.18,0
0.069,0.000482144,-0.000313205,0.296972,0.00724028,-0.000170176,-0.00731812,0.2,0.18,0,0.2,-0.18,0,-0.2,0.18,0,-0.2,-0.18,0
0.07,0.000498258,-0.000323631,0.296885,0.00740047,-0.000161759,-0.0074597,0.2,0.18,0,0.2,-0.18,0,-0.2,0.18,0,-0.2,-0.18,0
0.071,0.000514692,-0.000334262,0.296797,0.00756075,-0.000152642,-0.00760019,0.2,0.18,0,0.2,-0.18,0,-0.2,0.18,0,-0.2,-0.18,0
0.072,0.000531448,-0.0003451,0.296707,0.00772107,-0.00014281,-0.00773953,0.2,0.18,0,0.2,-0.18,0,-0.2,0.18,0,-0.2,-0.18,0
0.073,0.000548529,-0.000356147,0.296617,0.00788135,-0.000132246,-0.00787761,0.2,0.18,0,0.2,-0.18,0,-0.2,0.18,0,-0.2,-0.18,0
0.074,0.000565937,-0.000367404,0.296525,0.00804155,-0.000120934,-0.00801436,0.2,0.18,0,0.2,-0.18,0,-0.2,0.18,0,-0.2,-0.18,0
0.075,0.000583675,-0.000378872,0.296432,0.00820158,-0.000108858,-0.00814968,0.2,0.18,0,0.2,-0.18,0,-0.2,0.18,0,-0.2,-0.18,0
0.076,0.000601745,-0.000390554,0.296338,0.0083614,-9.60006e-05,-0.00828348,0.2,0.18,0,0.2,-0.18,0,-0.2,0.18,0,-0.2,-0.18,0
0.077,0.000620149,-0.00040245,0.296243,0.00852094,-8.23462e-05,-0.00841568,0.2,0.18,0,0.2,-0.18,0,-0.2,0.18,0,-0.2,-0.18,0
0.078,0.000638891,-0.000414563,0.296146,0.00868014,-6.78782e-05,-0.00854618,0.2,0.18,0,0.2,-0.18,0,-0.2,0.18,0,-0.2,-0.18,0
0.079,0.000657973,-0.000426893,0.296049,0.00883892,-5.25801e-05,-0.00867491,0.2,0.18,0,0.2,-0.18,0,-0.2,0.18,0,-0.2,-0.18,0
0.08,0.000677397,-0.000439443,0.29595,0.00899724,-3.64356e-05,-0.00880176,0.2,0.18,0,0.2,-0.18,0,-0.2,0.18,0,-0.2,-0.18,0
0.081,0.000697166,-0.000452215,0.29585,0.00915503,-1.94282e-05,-0.00892666,0.2,0.18,0,0.2,-0.18,0,-0.2,0.18,0,-0.2,-0.18,0
0.082,0.000717282,-0.000465208,0.295749,0.00931222,-1.5417e-06,-0.00904952,0.2,0.18,0,0.2,-0.18,0,-0.2,0.18,0,-0.2,-0.18,0
0.083,0.000737748,-0.000478426,0.295647,0.00946876,1.72404e-05,-0.00917024,0.2,0.18,0,0.2,-0.18,0,-0.2,0.18,0,-0.2,-0.18,0
0.084,0.000758566,-0.00049187,0.295543,0.00962458,3.69346e-05,-0.00928874,0.2,0.18,0,0.2,-0.18,0,-0.2,0.18,0,-0.2,-0.18,0
0.085,0.000779739,-0.000505541,0.295439,0.00977961,5.75571e-05,-0.00940493,0.2,0.18,0,0.2,-0.18,0,-0.2,0.18,0,-0.2,-0.18,0
0.086,0.000801269,-0.000519441,0.295333,0.0099338,7.91244e-05,-0.00951872,0.2,0.18,0,0.2,-0.18,0,-0.2,0.18,0,-0.2,-0.18,0
0.087,0.000823159,-0.000533571,0.295226,0.0100871,0.000101653,-0.00963002,0.2,0.18,0,0.2,-0.18,0,-0.2,0.18,0,-0.2,-0.18,0
0.088,0.00084541,-0.000547933,0.295118,0.0102394,0.000125159,-0.00973875,0.2,0.18,0,0.2,-0.18,0,-0.2,0.18,0,-0.2,-0.18,0
0.089,0.000868027,-0.000562529,0.295009,0.0103907,0.000149659,-0.00984481,0.2,0.18,0,0.2,-0.18,0,-0.2,0.18,0,-0.2,-0.18,0
0.09,0.000891011,-0.00057736,0.294898,0.0105408,0.000175169,-0.00994813,0.2,0.18,0,0.2,-0.18,0,-0.2,0.18,0,-0.2,-0.18,0
0.091,0.000914364,-0.000592428,0.294787,0.0106899,0.000201706,-0.0100486,0.2,0.18,0,0.2,-0.18,0,-0.2,0.18,0,-0.2,-0.18,0
0.092,0.00093809,-0.000607734,0.294674,0.0108377,0.000229286,-0.0101461,0.2,0.18,0,0.2,-0.18,0,-0.2,0.18,0,-0.2,-0.18,0
0.093,0.00096219,-0.00062328,0.29456,0.0109842,0.000257926,-0.0102407,0.2,0.18,0,0.2,-0.18,0,-0.2,0.18,0,-0.2,-0.18,0
0.094,0.000986668,-0.000639067,0.294445,0.0111294,0.000287642,-0.0103321,0.2,0.18,0,0.2,-0.18,0,-0.2,0.18,0,-0.2,-0.18,0
0.095,0.00101152,-0.000655098,0.294329,0.0112731,0.000318449,-0.0104203,0.2,0.18,0,0.2,-0.18,0,-0.2,0.18,0,-0.2,-0.18,0
0.096,0.00103676,-0.000671373,0.294212,0.0114154,0.000350366,-0.0105053,0.2,0.18,0,0.2,-0.18,0,-0.2,0.18,0,-0.2,-0.18,0
0.097,0.00106239,-0.000687894,0.294093,0.0115562,0.000383408,-0.0105869,0.2,0.18,0,0.2,-0.18,0,-0.2,0.18,0,-0.2,-0.18,0
0.098,0.0010884,-0.000704663,0.293974,0.0116953,0.000417591,-0.010665,0.2,0.18,0,0.2,-0.18,0,-0.2,0.18,0,-0.2,-0.18,0
0.099,0.0011148,-0.000721681,0.293853,0.0118328,0.000452932,-0.0107396,0.2,0.18,0,0.2,-0.18,0,-0.2,0.18,0,-0.2,-0.18,0
0.1,0.00114159,-0.00073895,0.293731,0.0119686,0.000489447,-0.0108105,0.2,0.18,0,0.2,-0.18,0,-0.2,0.18,0,-0.2,-0.18,0
0.101,0.00116878,-0.000756472,0.293608,0.0121026,0.000527152,-0.0108778,0.2,0.18,0,0.2,-0.18,0,-0.2,0.18,0,-0.2,-0.18,0
0.102,0.00119636,-0.000774249,0.293484,0.0122348,0.000566059,-0.0109413,0.2,0.18,0,0.2,-0.18,0,-0.2,0.18,0,-0.2,-0.18,0
0.103,0.00122435,-0.000792283,0.293359,0.0123652,0.000606179,-0.011001,0.2,0.18,0,0.2,-0.18,0,-0.2,0.18,0,-0.2,-0.18,0
0.104,0.00125273,-0.000810578,0.293233,0.0124938,0.000647522,-0.011057,0.2,0.18,0,0.2,-0.18,0,-0.2,0.18,0,-0.2,-0.18,0
0.105,0.00128151,-0.000829137,0.293105,0.0126205,0.000690101,-0.0111092,0.2,0.18,0,0.2,-0.18,0,-0.2,0.18,0,-0.2,-0.18,0
0.106,0.0013107,-0.000847961,0.292977,0.0127454,0.000733927,-0.0111577,0.2,0.18,0,0.2,-0.18,0,-0.2,0.18,0,-0.2,-0.18,0
0.107,0.00134029,-0.000867053,0.292847,0.0128685,0.000779009,-0.0112023,0.2,0.18,0,0.2,-0.18,0,-0.2,0.18,0,-0.2,-0.18,0
0.108,0.00137029,-0.000886417,0.292716,0.0129897,0.000825361,-0.0112431,0.2,0.18,0,0.2,-0.18,0,-0.2,0.18,0,-0.2,-0.18,0
0.109,0.0014007,-0.000906055,0.292584,0.0131091,0.000872992,-0.0112801,0.2,0.18,0,0.2,-0.18,0,-0.2,0.18,0,-0.2,-0.18,0
0.11,0.00143152,-0.00092597,0.292451,0.0132266,0.000921914,-0.0113133,0.2,0.18,0,0.2,-0.18,0,-0.2,0.18,0,-0.2,-0.18,0
0.111,0.00146275,-0.000946164,0.292318,0.0133421,0.000972139,-0.0113426,0.2,0.18,0,0.2,-0.18,0,-0.2,0.18,0,-0.2,-0.18,0
0.112,0.0014944,-0.000966639,0.292183,0.0134558,0.00102368,-0.0113681,0.2,0.18,0,0.2,-0.18,0,-0.2,0.18,0,-0.2,-0.18,0
0.113,0.00152646,-0.0009874,0.292046,0.0135676,0.00107654,-0.0113897,0.2,0.18,0,0.2,-0.18,0,-0.2,0.18,0,-0.2,-0.18,0
0.114,0.00155894,-0.00100845,0.291909,0.0136775,0.00113073,-0.0114074,0.2,0.18,0,0.2,-0.18,0,-0.2,0.18,0,-0.2,-0.18,0
0.115,0.00159184,-0.00102979,0.291771,0.0137854,0.00118628,-0.0114212,0.2,0.18,0,0.2,-0.18,0,-0.2,0.18,0,-0.2,-0.18,0
0.116,0.00162516,-0.00105142,0.291632,0.0138914,0.00124318,-0.011431,0.2,0.18,0,0.2,-0.18,0,-0.2,0.18,0,-0.2,-0.18,0
0.117,0.00165891,-0.00107334,0.291492,0.0139955,0.00130145,-0.011437,0.2,0.18,0,0.2,-0.18,0,-0.2,0.18,0,-0.2,-0.18,0
0.118,0.00169308,-0.00109557,0.291351,0.0140976,0.0013611,-0.011439,0.2,0.18,0,0.2,-0.18,0,-0.2,0.18,0,-0.2,-0.18,0
0.119,0.00172767,-0.00111809,0.291208,0.0141977,0.00142214,-0.0114371,0.2,0.18,0,0.2,-0.18,0,-0.2,0.18,0,-0.2,-0.18,0
0.12,0.0017627,-0.00114092,0.291065,0.0142959,0.00148459,-0.0114312,0.2,0.18,0,0.2,-0.18,0,-0.2,0.18,0,-0.2,-0.18,0
0.121,0.00179816,-0.00116406,0.290921,0.014392,0.00154844,-0.0114214,0.2,0.18,0,0.2,-0.18,0,-0.2,0.18,0,-0.2,-0.18,0
0.122,0.00183404,-0.0011875,0.290776,0.0144862,0.00161373,-0.0114075,0.2,0.18,0,0.2,-0.18,0,-0.2,0.18,0,-0.2,-0.18,0
0.123,0.00187036,-0.00121126,0.29063,0.0145784,0.00168044,-0.0113897,0.2,0.18,0,0.2,-0.18,0,-0.2,0.18,0,-0.2,-0.18,0
0.124,0.00190712,-0.00123532,0.290482,0.0146685,0.00174861,-0.0113678,0.2,0.18,0,0.2,-0.18,0,-0.2,0.18,0,-0.2,-0.18,0
0.125,0.00194432,-0.00125971,0.290334,0.0147566,0.00181823,-0.011342,0.2,0.18,0,0.2,-0.18,0,-0.2,0.18,0,-0.2,-0.18,0
0.126,0.00198195,-0.00128442,0.290185,0.0148427,0.00188932,-0.0113121,0.2,0.18,0,0.2,-0.18,0,-0.2,0.18,0,-0.2,-0.18,0
0.127,0.00202003,-0.00130945,0.290035,0.0149268,0.0019619,-0.0112781,0.2,0.18,0,0.2,-0.18,0,-0.2,0.18,0,-0.2,-0.18,0
0.128,0.00205854,-0.0013348,0.289884,0.0150087,0.00203596,-0.0112401,0.2,0.18,0,0.2,-0.18,0,-0.2,0.18,0,-0.2,-0.18,0
0.129,0.00209751,-0.00136048,0.289732,0.0150886,0.00211153,-0.011198,0.2,0.18,0,0.2,-0.18,0,-0.2,0.18,0,-0.2,-0.18,0
0.13,0.00213692,-0.00138649,0.289579,0.0151665,0.00218861,-0.0111518,0.2,0.18,0,0.2,-0.18,0,-0.2,0.18,0,-0.2,-0.18,0
0.131,0.00217677,-0.00141284,0.289426,0.0152422,0.00226721,-0.0111015,0.2,0.18,0,0.2,-0.18,0,-0.2,0.18,0,-0.2,-0.18,0
0.132,0.00221708,-0.00143952,0.289271,0.0153158,0.00234735,-0.0110471,0.2,0.18,0,0.2,-0.18,0,-0.2,0.18,0,-0.2,-0.18,0
0.133,0.00225784,-0.00146654,0.289115,0.0153874,0.00242904,-0.0109885,0.2,0.18,0,0.2,-0.18,0,-0.2,0.18,0,-0.2,-0.18,0
0.134,0.00229905,-0.0014939,0.288959,0.0154568,0.00251229,-0.0109259,0.2,0.18,0,0.2,-0.18,0,-0.2,0.18,0,-0.2,-0.18,0
0.135,0.00234072,-0.0015216,0.288801,0.0155241,0.0025971,-0.0108591,0.2,0.18,0,0.2,-0.18,0,-0.2,0.18,0,-0.2,-0.18,0
0.136,0.00238285,-0.00154965,0.288643,0.0155892,0.0026835,-0.0107881,0.2,0.18,0,0.2,-0.18,0,-0.2,0.18,0,-0.2,-0.18,0
0.137,0.00242543,-0.00157805,0.288484,0.0156522,0.00277149,-0.0107129,0.2,0.18,0,0.2,-0.18,0,-0.2,0.18,0,-0.2,-0.18,0
0.138,0.00246848,-0.0016068,0.288324,0.0157131,0.00286108,-0.0106336,0.2,0.18,0,0.2,-0.18,0,-0.2,0.18,0,-0.2,-0.18,0
0.139,0.00251198,-0.00163591,0.288163,0.0157717,0.00295228,-0.01055,0.2,0.18,0,0.2,-0.18,0,-0.2,0.18,0,-0.2,-0.18,0
0.14,0.00255596,-0.00166538,0.288001,0.0158282,0.00304511,-0.0104623,0.2,0.18,0,0.2,-0.18,0,-0.2,0.18,0,-0.2,-0.18,0
0.141,0.00260039,-0.0016952,0.287838,0.0158825,0.00313958,-0.0103703,0.2,0.18,0,0.2,-0.18,0,-0.2,0.18,0,-0.2,-0.18,0
0.142,0.0026453,-0.00172539,0.287675,0.0159346,0.00323569,-0.0102741,0.2,0.18,0,0.2,-0.18,0,-0.2,0.18,0,-0.2,-0.18,0
0.143,0.00269068,-0.00175594,0.28751,0.0159845,0.00333347,-0.0101736,0.2,0.18,0,0.2,-0.18,0,-0.2,0.18,0,-0.2,-0.18,0
0.144,0.00273652,-0.00178686,0.287345,0.0160322,0.00343291,-0.0100688,0.2,0.18,0,0.2,-0.18,0,-0.2,0.18,0,-0.2,-0.18,0
0.145,0.00278284,-0.00181815,0.287179,0.0160777,0.00353403,-0.00995983,0.2,0.18,0,0.2,-0.18,0,-0.2,0.18,0,-0.2,-0.18,0
0.146,0.00282964,-0.00184981,0.287012,0.0161209,0.00363685,-0.00984652,0.2,0.18,0,0.2,-0.18,0,-0.2,0.18,0,-0.2,-0.18,0
0.147,0.00287691,-0.00188185,0.286845,0.0161618,0.00374137,-0.00972891,0.2,0.18,0,0.2,-0.18,0,-0.2,0.18,0,-0.2,-0.18,0
0.148,0.00292466,-0.00191427,0.286676,0.0162005,0.0038476,-0.00960699,0.2,0.18,0,0.2,-0.18,0,-0.2,0.18,0,-0.2,-0.18,0
0.149,0.00297289,-0.00194707,0.286507,0.0162369,0.00395556,-0.00948075,0.2,0.18,0,0.2,-0.18,0,-0.2,0.18,0,-0.2,-0.18,0
0.15,0.00302161,-0.00198026,0.286337,0.0162711,0.00406525,-0.00935016,0.2,0.18,0,0.2,-0.18,0,-0.2,0.18,0,-0.2,-0.18,0
0.151,0.00307081,-0.00201383,0.286166,0.0163029,0.00417669,-0.00921522,0.2,0.18,0,0.2,-0.18,0,-0.2,0.18,0,-0.2,-0.18,0
0.152,0.00312049,-0.00204779,0.285995,0.0163325,0.00428989,-0.00907592,0.2,0.18,0,0.2,-0.18,0,-0.2,0.18,0,-0.2,-0.18,0
0.153,0.00317066,-0.00208214,0.285822,0.0163597,0.00440486,-0.00893224,0.2,0.18,0,0.2,-0.18,0,-0.2,0.18,0,-0.2,-0.18,0
0.154,0.00322132,-0.00211689,0.285649,0.0163847,0.00452162,-0.00878416,0.2,0.18,0,0.2,-0.18,0,-0.2,0.18,0,-0.2,-0.18,0
0.155,0.00327247,-0.00215204,0.285475,0.0164073,0.00464016,-0.00863169,0.2,0.18,0,0.2,-0.18,0,-0.2,0.18,0,-0.2,-0.18,0
0.156,0.00332411,-0.00218758,0.2853,0.0164275,0.00476051,-0.0084748,0.2,0.18,0,0.2,-0.18,0,-0.2,0.18,0,-0.2,-0.18,0
0.157,0.00337625,-0.00222353,0.285125,0.0164454,0.00488267,-0.00831349,0.2,0.18,0,0.2,-0.18,0,-0.2,0.18,0,-0.2,-0.18,0
0.158,0.00342889,-0.00225989,0.284949,0.016461,0.00500666,-0.00814773,0.2,0.18,0,0.2,-0.18,0,-0.2,0.18,0,-0.2,-0.18,0
0.159,0.00348202,-0.00229665,0.284772,0.0164741,0.00513248,-0.00797752,0.2,0.18,0,0.2,-0.18,0,-0.2,0.18,0,-0.2,-0.18,0
0.16,0.00353566,-0.00233382,0.284594,0.0164849,0.00526016,-0.00780285,0.2,0.18,0,0.2,-0.18,0,-0.2,0.18,0,-0.2,-0.18,0
0.161,0.00358979,-0.00237141,0.284416,0.0164933,0.00538969,-0.0076237,0.2,0.18,0,0.2,-0.18,0,-0.2,0.18,0,-0.2,-0.18,0
0.162,0.00364443,-0.00240942,0.284237,0.0164993,0.00552109,-0.00744005,0.2,0.18,0,0.2,-0.18,0,-0.2,0.18,0,-0.2,-0.18,0
0.163,0.00369958,-0.00244784,0.284057,0.0165029,0.00565437,-0.00725191,0.2,0.18,0,0.2,-0.18,0,-0.2,0.18,0,-0.2,-0.18,0
0.164,0.00375523,-0.00248669,0.283877,0.0165041,0.00578955,-0.00705925,0.2,0.18,0,0.2,-0.18,0,-0.2,0.18,0,-0.2,-0.18,0
0.165,0.00381139,-0.00252596,0.283696,0.0165028,0.00592663,-0.00686206,0.2,0.18,0,0.2,-0.18,0,-0.2,0.18,0,-0.2,-0.18,0
0.166,0.00386806,-0.00256565,0.283514,0.0164991,0.00606562,-0.00666033,0.2,0.18,0,0.2,-0.18,0,-0.2,0.18,0,-0.2,-0.18,0
0.167,0.00392524,-0.00260578,0.283332,0.016493,0.00620654,-0.00645404,0.2,0.18,0,0.2,-0.18,0,-0.2,0.18,0,-0.2,-0.18,0
0.168,0.00398294,-0.00264634,0.283148,0.0164844,0.0063494,-0.00624319,0.2,0.18,0,0.2,-0.18,0,-0.2,0.18,0,-0.2,-0.18,0
0.169,0.00404116,-0.00268733,0.282965,0.0164733,0.00649421,-0.00602776,0.2,0.18,0,0.2,-0.18,0,-0.2,0.18,0,-0.2,-0.18,0
0.17,0.00409989,-0.00272877,0.28278,0.0164597,0.00664097,-0.00580774,0.2,0.18,0,0.2,-0.18,0,-0.2,0.18,0,-0.2,-0.18,0
0.171,0.00415914,-0.00277064,0.282595,0.0164436,0.00678971,-0.00558312,0.2,0.18,0,0.2,-0.18,0,-0.2,0.18,0,-0.2,-0.18,0
0.172,0.00421892,-0.00281296,0.282409,0.0164251,0.00694043,-0.00535387,0.2,0.18,0,0.2,-0.18,0,-0.2,0.18,0,-0.2,-0.18,0
0.173,0.00427921,-0.00285572,0.282223,0.016404,0.00709314,-0.00512,0.2,0.18,0,0.2,-0.18,0,-0.2,0.18,0,-0.2,-0.18,0
0.174,0.00434004,-0.00289893,0.282036,0.0163804,0.00724785,-0.00488149,0.2,0.18,0,0.2,-0.18,0,-0.2,0.18,0,-0.2,-0.18,0
0.175,0.00440138,-0.0029426,0.281848,0.0163543,0.00740458,-0.00463833,0.2,0.18,0,0.2,-0.18,0,-0.2,0.18,0,-0.2,-0.18,0
0.176,0.00446326,-0.00298671,0.28166,0.0163256,0.00756334,-0.00439049,0.2,0.18,0,0.2,-0.18,0,-0.2,0.18,0,-0.2,-0.18,0
0.177,0.00452567,-0.00303129,0.281471,0.0162944,0.00772413,-0.00413798,0.2,0.18,0,0.2,-0.18,0,-0.2,0.18,0,-0.2,-0.18,0
0.178,0.00458861,-0.00307632,0.281282,0.0162606,0.00788697,-0.00388078,0.2,0.18,0,0.2,-0.18,0,-0.2,0.18,0,-0.2,-0.18,0
0.179,0.00465209,-0.00312182,0.281092,0.0162242,0.00805187,-0.00361887,0.2,0.18,0,0.2,-0.18,0,-0.2,0.18,0,-0.2,-0.18,0
0.18,0.0047161,-0.00316778,0.280901,0.0161853,0.00821884,-0.00335224,0.2,0.18,0,0.2,-0.18,0,-0.2,0.18,0,-0.2,-0.18,0
0.181,0.00478064,-0.0032142,0.28071,0.0161437,0.0083879,-0.00308088,0.2,0.18,0,0.2,-0.18,0,-0.2,0.18,0,-0.2,-0.18,0
0.182,0.00484573,-0.0032611,0.280518,0.0160996,0.00855904,-0.00280478,0.2,0.18,0,0.2,-0.18,0,-0.2,0.18,0,-0.2,-0.18,0
0.183,0.00491136,-0.00330847,0.280326,0.0160528,0.00873229,-0.00252393,0.2,0.18,0,0.2,-0.18,0,-0.2,0.18,0,-0.2,-0.18,0
0.184,0.00497753,-0.00335632,0.280133,0.0160035,0.00890766,-0.00223831,0.2,0.18,0,0.2,-0.18,0,-0.2,0.18,0,-0.2,-0.18,0
0.185,0.00504425,-0.00340465,0.27994,0.0159515,0.00908515,-0.00194791,0.2,0.18,0,0.2,-0.18,0,-0.2,0.18,0,-0.2,-0.18,0
0.186,0.00511151,-0.00345345,0.279746,0.0158968,0.00926478,-0.00165271,0.2,0.18,0,0.2,-0.18,0,-0.2,0.18,0,-0.2,-0.18,0
0.187,0.00517932,-0.00350274,0.279551,0.0158395,0.00944656,-0.00135271,0.2,0.18,0,0.2,-0.18,0,-0.2,0.18,0,-0.2,-0.18,0
0.188,0.00524768,-0.00355252,0.279356,0.0157795,0.0096305,-0.0010479,0.2,0.18,0,0.2,-0.18,0,-0.2,0.18,0,-0.2,-0.18,0
0.189,0.00531659,-0.00360278,0.279161,0.0157169,0.00981661,-0.000738247,0.2,0.18,0,0.2,-0.18,0,-0.2,0.18,0,-0.2,-0.18,0
0.19,0.00538606,-0.00365354,0.278965,0.0156516,0.0100049,-0.000423755,0.2,0.18,0,0.2,-0.18,0,-0.2,0.18,0,-0.2,-0.18,0
0.191,0.00545608,-0.00370479,0.278768,0.0155835,0.0101954,-0.000104407,0.2,0.18,0,0.2,-0.18,0,-0.2,0.18,0,-0.2,-0.18,0
0.192,0.00552666,-0.00375654,0.278571,0.0155128,0.0103881,0.000219809,0.2,0.18,0,0.2,-0.18,0,-0.2,0.18,0,-0.2,-0.18,0
0.193,0.0055978,-0.00380879,0.278374,0.0154394,0.010583,0.000548906,0.2,0.18,0,0.2,-0.18,0,-0.2,0.18,0,-0.2,-0.18,0
0.194,0.0056695,-0.00386154,0.278176,0.0153632,0.0107801,0.000882896,0.2,0.18,0,0.2,-0.18,0,-0.2,0.18,0,-0.2,-0.18,0
0.195,0.00574176,-0.0039148,0.277977,0.0152843,0.0109795,0.00122179,0.2,0.18,0,0.2,-0.18,0,-0.2,0.18,0,-0.2,-0.18,0
0.196,0.00581458,-0.00396856,0.277778,0.0152027,0.0111811,0.00156561,0.2,0.18,0,0.2,-0.18,0,-0.2,0.18,0,-0.2,-0.18,0
0.197,0.00588798,-0.00402283,0.277579,0.0151183,0.011385,0.00191436,0.2,0.18,0,0.2,-0.18,0,-0.2,0.18,0,-0.2,-0.18,0
0.198,0.00596194,-0.00407762,0.277379,0.0150311,0.0115911,0.00226805,0.2,0.18,0,0.2,-0.18,0,-0.2,0.18,0,-0.2,-0.18,0
0.199,0.00603647,-0.00413292,0.277178,0.0149412,0.0117996,0.00262669,0.2,0.18,0,0.2,-0.18,0,-0.2,0.18,0,-0.2,-0.18,0
0.2,0.00611157,-0.00418875,0.276978,0.0148485,0.0120103,0.00299031,0.2,0.18,0,0.2,-0.18,0,-0.2,0.18,0,-0.2,-0.18,0
0.201,0.00618724,-0.00424509,0.276776,0.014753,0.0122233,0.00335887,0.2,0.18,0,0.2,-0.18,0,-0.2,0.18,0,-0.2,-0.18,0
0.202,0.00626349,-0.00430196,0.276575,0.0146549,0.0124386,0.00373219,0.2,0.18,0,0.2,-0.18,0,-0.2,0.18,0,-0.2,-0.18,0
0.203,0.00634031,-0.00435935,0.276373,0.0145542,0.0126561,0.00411006,0.2,0.18,0,0.2,-0.18,0,-0.2,0.18,0,-0.2,-0.18,0
0.204,0.00641771,-0.00441727,0.27617,0.0144512,0.0128757,0.00449226,0.2,0.18,0,0.2,-0.18,0,-0.2,0.18,0,-0.2,-0.18,0
0.205,0.00649568,-0.00447572,0.275967,0.0143459,0.0130975,0.00487857,0.2,0.18,0,0.2,-0.18,0,-0.2,0.18,0,-0.2,-0.18,0
0.206,0.00657423,-0.0045347,0.275764,0.0142385,0.0133213,0.00526876,0.2,0.18,0,0.2,-0.18,0,-0.2,0.18,0,-0.2,-0.18,0
0.207,0.00665335,-0.00459422,0.27556,0.0141291,0.0135471,0.00566264,0.2,0.18,0,0.2,-0.18,0,-0.2,0.18,0,-0.2,-0.18,0
0.208,0.00673305,-0.00465428,0.275356,0.014018,0.0137749,0.00605997,0.2,0.18,0,0.2,-0.18,0,-0.2,0.18,0,-0.2,-0.18,0
0.209,0.00681333,-0.00471487,0.275152,0.0139051,0.0140047,0.00646053,0.2,0.18,0,0.2,-0.18,0,-0.2,0.18,0,-0.2,-0.18,0
0.21,0.00689418,-0.004776,0.274947,0.0137907,0.0142362,0.00686412,0.2,0.18,0,0.2,-0.18,0,-0.2,0.18,0,-0.2,-0.18,0
0.211,0.00697561,-0.00483768,0.274742,0.0136748,0.0144696,0.00727051,0.2,0.18,0,0.2,-0.18,0,-0.2,0.18,0,-0.2,-0.18,0
0.212,0.00705762,-0.00489991,0.274537,0.0135577,0.0147048,0.00767948,0.2,0.18,0,0.2,-0.18,0,-0.2,0.18,0,-0.2,-0.18,0
0.213,0.00714021,-0.00496268,0.274332,0.0134395,0.0149417,0.00809082,0.2,0.18,0,0.2,-0.18,0,-0.2,0.18,0,-0.2,-0.18,0
0.214,0.00722338,-0.005026,0.274126,0.0133203,0.0151803,0.00850431,0.2,0.18,0,0.2,-0.18,0,-0.2,0.18,0,-0.2,-0.18,0
0.215,0.00730712,-0.00508987,0.27392,0.0132002,0.0154205,0.00891972,0.2,0.18,0,0.2,-0.18,0,-0.2,0.18,0,-0.2,-0.18,0
0.216,0.00739145,-0.0051543,0.273713,0.0130793,0.0156623,0.00933685,0.2,0.18,0,0.2,-0.18,0,-0.2,0.18,0,-0.2,-0.18,0
0.217,0.00747635,-0.00521928,0.273506,0.0129579,0.0159056,0.00975547,0.2,0.18,0,0.2,-0.18,0,-0.2,0.18,0,-0.2,-0.18,0
0.218,0.00756184,-0.00528482,0.2733,0.0128361,0.0161503,0.0101754,0.2,0.18,0,0.2,-0.18,0,-0.2,0.18,0,-0.2,-0.18,0
0.219,0.00764791,-0.00535093,0.273092,0.012714,0.0163966,0.0105963,0.2,0.18,0,0.2,-0.18,0,-0.2,0.18,0,-0.2,-0.18,0
0.22,0.00773456,-0.0054176,0.272885,0.0125916,0.0166442,0.0110181,0.2,0.18,0,0.2,-0.18,0,-0.2,0.18,0,-0.2,-0.18,0
0.221,0.00782179,-0.00548483,0.272678,0.0124693,0.0168931,0.0114406,0.2,0.18,0,0.2,-0.18,0,-0.2,0.18,0,-0.2,-0.18,0
0.222,0.0079096,-0.00555263,0.27247,0.012347,0.0171433,0.0118634,0.2,0.18,0,0.2,-0.18,0,-0.2,0.18,0,-0.2,-0.18,0
0.223,0.007998,-0.005621,0.272262,0.012225,0.0173948,0.0122864,0.2,0.18,0,0.2,-0.18,0,-0.2,0.18,0,-0.2,-0.18,0
0.224,0.00808698,-0.00568994,0.272054,0.0121034,0.0176474,0.0127094,0.2,0.18,0,0.2,-0.18,0,-0.2,0.18,0,-0.2,-0.18,0
0.225,0.00817654,-0.00575945,0.271845,0.0119823,0.0179012,0.0131321,0.2,0.18,0,0.2,-0.18,0,-0.2,0.18,0,-0.2,-0.18,0
0.226,0.00826669,-0.00582955,0.271637,0.0118619,0.0181561,0.0135544,0.2,0.18,0,0.2,-0.18,0,-0.2,0.18,0,-0.2,-0.18,0
0.227,0.00835742,-0.00590022,0.271428,0.0117423,0.018412,0.0139759,0.2,0.18,0,0.2,-0.18,0,-0.2,0.18,0,-0.2,-0.18,0
0.228,0.00844874,-0.00597147,0.27122,0.0116236,0.018669,0.0143966,0.2,0.18,0,0.2,-0.18,0,-0.2,0.18,0,-0.2,-0.18,0
0.229,0.00854064,-0.0060433,0.271011,0.011506,0.0189268,0.0148162,0.2,0.18,0,0.2,-0.18,0,-0.2,0.18,0,-0.2,-0.18,0
0.23,0.00863313,-0.00611572,0.270802,0.0113896,0.0191856,0.0152344,0.2,0.18,0,0.2,-0.18,0,-0.2,0.18,0,-0.2,-0.18,0
0.231,0.00872621,-0.00618873,0.270593,0.0112746,0.0194452,0.015651,0.2,0.18,0,0.2,-0.18,0,-0.2,0.18,0,-0.2,-0.18,0
0.232,0.00881987,-0.00626233,0.270384,0.011161,0.0197056,0.0160659,0.2,0.18,0,0.2,-0.18,0,-0.2,0.18,0,-0.2,-0.18,0
0.233,0.00891411,-0.00633651,0.270175,0.0110491,0.0199668,0.0164788,0.2,0.18,0,0.2,-0.18,0,-0.2,0.18,0,-0.2,-0.18,0
0.234,0.00900895,-0.0064113,0.269965,0.0109389,0.0202287,0.0168895,0.2,0.18,0,0.2,-0.18,0,-0.2,0.18,0,-0.2,-0.18,0
0.235,0.00910437,-0.00648667,0.269756,0.0108307,0.0204912,0.0172977,0.2,0.18,0,0.2,-0.18,0,-0.2,0.18,0,-0.2,-0.18,0
0.236,0.00920039,-0.00656265,0.269547,0.0107244,0.0207544,0.0177033,0.2,0.18,0,0.2,-0.18,0,-0.2,0.18,0,-0.2,-0.18,0
0.237,0.00929699,-0.00663923,0.269337,0.0106204,0.0210181,0.018106,0.2,0.18,0,0.2,-0.18,0,-0.2,0.18,0,-0.2,-0.18,0
0.238,0.00939418,-0.00671641,0.269128,0.0105187,0.0212823,0.0185057,0.2,0.18,0,0.2,-0.18,0,-0.2,0.18,0,-0.2,-0.18,0
0.239,0.00949196,-0.00679419,0.268919,0.0104195,0.021547,0.018902,0.2,0.18,0,0.2,-0.18,0,-0.2,0.18,0,-0.2,-0.18,0
0.24,0.00959033,-0.00687259,0.268709,0.0103228,0.021812,0.0192949,0.2,0.18,0,0.2,-0.18,0,-0.2,0.18,0,-0.2,-0.18,0
0.241,0.00968929,-0.00695159,0.2685,0.0102289,0.0220775,0.019684,0.2,0.18,0,0.2,-0.18,0,-0.2,0.18,0,-0.2,-0.18,0
0.242,0.00978884,-0.0070312,0.268291,0.0101378,0.0223433,0.0200691,0.2,0.18,0,0.2,-0.18,0,-0.2,0.18,0,-0.2,-0.18,0
0.243,0.00988899,-0.00711143,0.268082,0.0100498,0.0226093,0.0204501,0.2,0.18,0,0.2,-0.18,0,-0.2,0.18,0,-0.2,-0.18,0
0.244,0.00998972,-0.00719227,0.267872,0.00996492,0.0228756,0.0208266,0.2,0.18,0,0.2,-0.18,0,-0.2,0.18,0,-0.2,-0.18,0
0.245,0.010091,-0.00727373,0.267663,0.00988332,0.023142,0.0211986,0.2,0.18,0,0.2,-0.18,0,-0.2,0.18,0,-0.2,-0.18,0
0.246,0.010193,-0.00735581,0.267454,0.00980515,0.0234086,0.0215657,0.2,0.18,0,0.2,-0.18,0,-0.2,0.18,0,-0.2,-0.18,0
0.247,0.0102955,-0.00743852,0.267245,0.00973054,0.0236752,0.0219278,0.2,0.18,0,0.2,-0.18,0,-0.2,0.18,0,-0.2,-0.18,0
0.248,0.0103986,-0.00752185,0.267036,0.00965964,0.0239418,0.0222847,0.2,0.18,0,0.2,-0.18,0,-0.2,0.18,0,-0.2,-0.18,0
0.249,0.0105023,-0.0076058,0.266828,0.00959257,0.0242085,0.022636,0.2,0.18,0,0.2,-0.18,0,-0.2,0.18,0,-0.2,-0.18,0
0.25,0.0106066,-0.00769039,0.266619,0.00952949,0.024475,0.0229817,0.2,0.18,0,0.2,-0.18,0,-0.2,0.18,0,-0.2,-0.18,0
0.251,0.0107115,-0.0077756,0.266411,0.00947052,0.0247415,0.0233214,0.2,0.18,0,0.2,-0.18,0,-0.2,0.18,0,-0.2,-0.18,0
0.252,0.010817,-0.00786146,0.266202,0.0094158,0.0250078,0.023655,0.2,0.18,0,0.2,-0.18,0,-0.2,0.18,0,-0.2,-0.18,0
0.253,0.010923,-0.00794794,0.265994,0.00936548,0.0252738,0.0239822,0.2,0.18,0,0.2,-0.18,0,-0.2,0.18,0,-0.2,-0.18,0
0.254,0.0110297,-0.00803507,0.265786,0.0093197,0.0255396,0.0243029,0.2,0.18,0,0.2,-0.18,0,-0.2,0.18,0,-0.2,-0.18,0
0.255,0.011137,-0.00812283,0.265578,0.00927858,0.0258051,0.0246168,0.2,0.18,0,0.2,-0.18,0,-0.2,0.18,0,-0.2,-0.18,0
0.256,0.0112449,-0.00821124,0.265371,0.00924227,0.0260702,0.0249237,0.2,0.18,0,0.2,-0.18,0,-0.2,0.18,0,-0.2,-0.18,0
0.257,0.0113533,-0.00830029,0.265163,0.0092109,0.0263349,0.0252233,0.2,0.18,0,0.2,-0.18,0,-0.2,0.18,0,-0.2,-0.18,0
0.258,0.0114624,-0.00838999,0.264956,0.00918462,0.0265992,0.0255156,0.2,0.18,0,0.2,-0.18,0,-0.2,0.18,0,-0.2,-0.18,0
0.259,0.0115721,-0.00848033,0.264749,0.00916357,0.0268629,0.0258001,0.2,0.18,0,0.2,-0.18,0,-0.2,0.18,0,-0.2,-0.18,0
0.26,0.0116823,-0.00857133,0.264542,0.00914787,0.0271261,0.0260768,0.2,0.18,0,0.2,-0.18,0,-0.2,0.18,0,-0.2,-0.18,0
0.261,0.0117932,-0.00866298,0.264336,0.00913768,0.0273887,0.0263454,0.2,0.18,0,0.2,-0.18,0,-0.2,0.18,0,-0.2,-0.18,0
0.262,0.0119047,-0.00875529,0.26413,0.00913312,0.0276506,0.0266056,0.2,0.18,0,0.2,-0.18,0,-0.2,0.18,0,-0.2,-0.18,0
0.263,0.0120167,-0.00884826,0.263924,0.00913434,0.0279118,0.0268573,0.2,0.18,0,0.2,-0.18,0,-0.2,0.18,0,-0.2,-0.18,0
0.264,0.0121294,-0.00894188,0.263718,0.00914147,0.0281723,0.0271003,0.2,0.18,0,0.2,-0.18,0,-0.2,0.18,0,-0.2,-0.18,0
0.265,0.0122427,-0.00903617,0.263513,0.00915465,0.028432,0.0273343,0.2,0.18,0,0.2,-0.18,0,-0.2,0.18,0,-0.2,-0.18,0
0.266,0.0123565,-0.00913112,0.263308,0.00917403,0.0286908,0.0275592,0.2,0.18,0,0.2,-0.18,0,-0.2,0.18,0,-0.2,-0.18,0
0.267,0.012471,-0.00922674,0.263103,0.00919973,0.0289488,0.0277746,0.2,0.18,0,0.2,-0.18,0,-0.2,0.18,0,-0.2,-0.18,0
0.268,0.0125861,-0.00932303,0.262898,0.0092319,0.0292057,0.0279804,0.2,0.18,0,0.2,-0.18,0,-0.2,0.18,0,-0.2,-0.18,0
0.269,0.0127017,-0.00941999,0.262694,0.00927068,0.0294617,0.0281763,0.2,0.18,0,0.2,-0.18,0,-0.2,0.18,0,-0.2,-0.18,0
0.27,0.012818,-0.00951762,0.262491,0.0093162,0.0297167,0.0283622,0.2,0.18,0,0.2,-0.18,0,-0.2,0.18,0,-0.2,-0.18,0
0.271,0.0129349,-0.00961592,0.262287,0.0093686,0.0299706,0.0285379,0.2,0.18,0,0.2,-0.18,0,-0.2,0.18,0,-0.2,-0.18,0
0.272,0.0130524,-0.00971491,0.262084,0.00942802,0.0302233,0.028703,0.2,0.18,0,0.2,-0.18,0,-0.2,0.18,0,-0.2,-0.18,0
0.273,0.0131705,-0.00981457,0.261882,0.0094946,0.0304749,0.0288574,0.2,0.18,0,0.2,-0.18,0,-0.2,0.18,0,-0.2,-0.18,0
0.274,0.0132891,-0.00991492,0.261679,0.00956848,0.0307252,0.0290009,0.2,0.18,0,0.2,-0.18,0,-0.2,0.18,0,-0.2,-0.18,0
0.275,0.0134084,-0.010016,0.261478,0.00964979,0.0309742,0.0291332,0.2,0.18,0,0.2,-0.18,0,-0.2,0.18,0,-0.2,-0.18,0
0.276,0.0135283,-0.0101177,0.261276,0.00973867,0.0312219,0.0292542,0.2,0.18,0,0.2,-0.18,0,-0.2,0.18,0,-0.2,-0.18,0
0.277,0.0136489,-0.0102201,0.261075,0.00983526,0.0314682,0.0293636,0.2,0.18,0,0.2,-0.18,0,-0.2,0.18,0,-0.2,-0.18,0
0.278,0.01377,-0.0103232,0.260875,0.00993971,0.0317131,0.0294612,0.2,0.18,0,0.2,-0.18,0,-0.2,0.18,0,-0.2,-0.18,0
0.279,0.0138917,-0.010427,0.260675,0.0100521,0.0319565,0.0295467,0.2,0.18,0,0.2,-0.18,0,-0.2,0.18,0,-0.2,-0.18,0
0.28,0.014014,-0.0105314,0.260475,0.0101727,0.0321984,0.0296201,0.2,0.18,0,0.2,-0.18,0,-0.2,0.18,0,-0.2,-0.18,0
0.281,0.014137,-0.0106366,0.260276,0.0103015,0.0324387,0.0296809,0.2,0.18,0,0.2,-0.18,0,-0.2,0.18,0,-0.2,-0.18,0
0.282,0.0142605,-0.0107425,0.260078,0.0104387,0.0326774,0.0297291,0.2,0.18,0,0.2,-0.18,0,-0.2,0.18,0,-0.2,-0.18,0
0.283,0.0143847,-0.0108491,0.25988,0.0105845,0.0329144,0.0297645,0.2,0.18,0,0.2,-0.18,0,-0.2,0.18,0,-0.2,-0.18,0
0.284,0.0145094,-0.0109564,0.259682,0.0107389,0.0331497,0.0297867,0.2,0.18,0,0.2,-0.18,0,-0.2,0.18,0,-0.2,-0.18,0
0.285,0.0146348,-0.0110644,0.259485,0.0109022,0.0333833,0.0297955,0.2,0.18,0,0.2,-0.18,0,-0.2,0.18,0,-0.2,-0.18,0
0.286,0.0147608,-0.0111731,0.259289,0.0110744,0.033615,0.0297908,0.2,0.18,0,0.2,-0.18,0,-0.2,0.18,0,-0.2,-0.18,0
0.287,0.0148874,-0.0112825,0.259093,0.0112557,0.0338448,0.0297724,0.2,0.18,0,0.2,-0.18,0,-0.2,0.18,0,-0.2,-0.18,0
0.288,0.0150146,-0.0113926,0.258897,0.0114463,0.0340728,0.02974,0.2,0.18,0,0.2,-0.18,0,-0.2,0.18,0,-0.2,-0.18,0
0.289,0.0151424,-0.0115035,0.258702,0.0116462,0.0342988,0.0296934,0.2,0.18,0,0.2,-0.18,0,-0.2,0.18,0,-0.2,-0.18,0
0.29,0.0152708,-0.011615,0.258508,0.0118556,0.0345227,0.0296323,0.2,0.18,0,0.2,-0.18,0,-0.2,0.18,0,-0.2,-0.18,0
0.291,0.0153999,-0.0117273,0.258315,0.0120747,0.0347446,0.0295566,0.2,0.18,0,0.2,-0.18,0,-0.2,0.18,0,-0.2,-0.18,0
0.292,0.0155295,-0.0118403,0.258121,0.0123035,0.0349644,0.0294661,0.2,0.18,0,0.2,-0.18,0,-0.2,0.18,0,-0.2,-0.18,0
0.293,0.0156598,-0.011954,0.257929,0.0125423,0.0351821,0.0293605,0.2,0.18,0,0.2,-0.18,0,-0.2,0.18,0,-0.2,-0.18,0
0.294,0.0157907,-0.0120685,0.257737,0.0127911,0.0353975,0.0292396,0.2,0.18,0,0.2,-0.18,0,-0.2,0.18,0,-0.2,-0.18,0
0.295,0.0159222,-0.0121837,0.257546,0.0130501,0.0356107,0.0291032,0.2,0.18,0,0.2,-0.18,0,-0.2,0.18,0,-0.2,-0.18,0
0.296,0.0160543,-0.0122996,0.257356,0.0133195,0.0358216,0.0289511,0.2,0.18,0,0.2,-0.18,0,-0.2,0.18,0,-0.2,-0.18,0
0.297,0.016187,-0.0124162,0.257166,0.0135994,0.0360301,0.028783,0.2,0.18,0,0.2,-0.18,0,-0.2,0.18,0,-0.2,-0.18,0
0.298,0.0163203,-0.0125336,0.256977,0.0138898,0.0362363,0.0285988,0.2,0.18,0,0.2,-0.18,0,-0.2,0.18,0,-0.2,-0.18,0
0.299,0.0164543,-0.0126517,0.256788,0.014191,0.03644,0.0283982,0.2,0.18,0,0.2,-0.18,0,-0.2,0.18,0,-0.2,-0.18,0
0.3,0.0165889,-0.0127705,0.2566,0.0145031,0.0366411,0.028181,0.2,0.18,0,0.2,-0.18,0,-0.2,0.18,0,-0.2,-0.18,0
0.301,0.016724,-0.0128901,0.256413,0.0148262,0.0368398,0.0279471,0.2,0.18,0,0.2,-0.18,0,-0.2,0.18,0,-0.2,-0.18,0
0.302,0.0168598,-0.0130105,0.256227,0.0151602,0.037036,0.0276966,0.2,0.18,0,0.2,-0.18,0,-0.2,0.18,0,-0.2,-0.18,0
0.303,0.0169962,-0.0131315,0.256041,0.0155049,0.0372298,0.0274299,0.2,0.18,0,0.2,-0.18,0,-0.2,0.18,0,-0.2,-0.18,0
0.304,0.0171332,-0.0132533,0.255856,0.0158603,0.0374212,0.0271473,0.2,0.18,0,0.2,-0.18,0,-0.2,0.18,0,-0.2,-0.18,0
0.305,0.0172708,-0.0133759,0.255672,0.0162261,0.0376104,0.026849,0.2,0.18,0,0.2,-0.18,0,-0.2,0.18,0,-0.2,-0.18,0
0.306,0.0174089,-0.0134991,0.255488,0.0166023,0.0377974,0.0265353,0.2,0.18,0,0.2,-0.18,0,-0.2,0.18,0,-0.2,-0.18,0
0.307,0.0175476,-0.0136231,0.255305,0.0169887,0.0379822,0.0262066,0.2,0.18,0,0.2,-0.18,0,-0.2,0.18,0,-0.2,-0.18,0
0.308,0.0176869,-0.0137478,0.255123,0.0173852,0.0381649,0.0258631,0.2,0.18,0,0.2,-0.18,0,-0.2,0.18,0,-0.2,-0.18,0
0.309,0.0178267,-0.0138732,0.254941,0.0177916,0.0383457,0.0255051,0.2,0.18,0,0.2,-0.18,0,-0.2,0.18,0,-0.2,-0.18,0
0.31,0.0179671,-0.0139993,0.25476,0.0182078,0.0385245,0.0251329,0.2,0.18,0,0.2,-0.18,0,-0.2,0.18,0,-0.2,-0.18,0
0.311,0.018108,-0.0141261,0.25458,0.0186336,0.0387014,0.0247468,0.2,0.18,0,0.2,-0.18,0,-0.2,0.18,0,-0.2,-0.18,0
0.312,0.0182494,-0.0142536,0.2544,0.019069,0.0388765,0.0243471,0.2,0.18,0,0.2,-0.18,0,-0.2,0.18,0,-0.2,-0.18,0
0.313,0.0183914,-0.0143818,0.254221,0.0195138,0.0390499,0.023934,0.2,0.18,0,0.2,-0.18,0,-0.2,0.18,0,-0.2,-0.18,0
0.314,0.0185338,-0.0145107,0.254042,0.0199678,0.0392216,0.0235079,0.2,0.18,0,0.2,-0.18,0,-0.2,0.18,0,-0.2,-0.18,0
0.315,0.0186768,-0.0146403,0.253865,0.020431,0.0393917,0.0230691,0.2,0.18,0,0.2,-0.18,0,-0.2,0.18,0,-0.2,-0.18,0
0.316,0.0188203,-0.0147706,0.253687,0.0209031,0.0395603,0.0226178,0.2,0.18,0,0.2,-0.18,0,-0.2,0.18,0,-0.2,-0.18,0
0.317,0.0189642,-0.0149016,0.25351,0.0213841,0.0397274,0.0221543,0.2,0.18,0,0.2,-0.18,0,-0.2,0.18,0,-0.2,-0.18,0
0.318,0.0191086,-0.0150332,0.253334,0.0218738,0.0398931,0.021679,0.2,0.18,0,0.2,-0.18,0,-0.2,0.18,0,-0.2,-0.18,0
0.319,0.0192535,-0.0151656,0.253159,0.022372,0.0400575,0.0211921,0.2,0.18,0,0.2,-0.18,0,-0.2,0.18,0,-0.2,-0.18,0
0.32,0.0193989,-0.0152986,0.252984,0.0228787,0.0402206,0.0206938,0.2,0.18,0,0.2,-0.18,0,-0.2,0.18,0,-0.2,-0.18,0
0.321,0.0195447,-0.0154323,0.252809,0.0233937,0.0403825,0.0201846,0.2,0.18,0,0.2,-0.18,0,-0.2,0.18,0,-0.2,-0.18,0
0.322,0.0196909,-0.0155666,0.252635,0.0239168,0.0405432,0.0196647,0.2,0.18,0,0.2,-0.18,0,-0.2,0.18,0,-0.2,-0.18,0
0.323,0.0198376,-0.0157016,0.252462,0.024448,0.0407029,0.0191343,0.2,0.18,0,0.2,-0.18,0,-0.2,0.18,0,-0.2,-0.18,0
0.324,0.0199847,-0.0158373,0.252289,0.0249871,0.0408616,0.0185938,0.2,0.18,0,0.2,-0.18,0,-0.2,0.18,0,-0.2,-0.18,0
0.325,0.0201323,-0.0159736,0.252117,0.0255339,0.0410194,0.0180435,0.2,0.18,0,0.2,-0.18,0,-0.2,0.18,0,-0.2,-0.18,0
0.326,0.0202802,-0.0161106,0.251945,0.0260883,0.0411763,0.0174836,0.2,0.18,0,0.2,-0.18,0,-0.2,0.18,0,-0.2,-0.18,0
0.327,0.0204286,-0.0162482,0.251774,0.0266502,0.0413324,0.0169145,0.2,0.18,0,0.2,-0.18,0,-0.2,0.18,0,-0.2,-0.18,0
0.328,0.0205773,-0.0163865,0.251603,0.0272195,0.0414878,0.0163364,0.2,0.18,0,0.2,-0.18,0,-0.2,0.18,0,-0.2,-0.18,0
0.329,0.0207265,-0.0165254,0.251433,0.0277959,0.0416425,0.0157496,0.2,0.18,0,0.2,-0.18,0,-0.2,0.18,0,-0.2,-0.18,0
0.33,0.020876,-0.016665,0.251263,0.0283794,0.0417966,0.0151544,0.2,0.18,0,0.2,-0.18,0,-0.2,0.18,0,-0.2,-0.18,0
0.331,0.0210259,-0.0168052,0.251094,0.0289699,0.0419502,0.0145511,0.2,0.18,0,0.2,-0.18,0,-0.2,0.18,0,-0.2,-0.18,0
0.332,0.0211762,-0.016946,0.250925,0.0295672,0.0421033,0.01394,0.2,0.18,0,0.2,-0.18,0,-0.2,0.18,0,-0.2,-0.18,0
0.333,0.0213268,-0.0170875,0.250757,0.0301711,0.042256,0.0133214,0.2,0.18,0,0.2,-0.18,0,-0.2,0.18,0,-0.2,-0.18,0
0.334,0.0214778,-0.0172295,0.250589,0.0307815,0.0424084,0.0126956,0.2,0.18,0,0.2,-0.18,0,-0.2,0.18,0,-0.2,-0.18,0
0.335,0.0216291,-0.0173722,0.250421,0.0313983,0.0425605,0.0120628,0.2,0.18,0,0.2,-0.18,0,-0.2,0.18,0,-0.2,-0.18,0
0.336,0.0217807,-0.0175155,0.250255,0.0320214,0.0427125,0.0114234,0.2,0.18,0,0.2,-0.18,0,-0.2,0.18,0,-0.2,-0.18,0
0.337,0.0219327,-0.0176595,0.250088,0.0326506,0.0428643,0.0107777,0.2,0.18,0,0.2,-0.18,0,-0.2,0.18,0,-0.2,-0.18,0
0.338,0.0220849,-0.017804,0.249922,0.0332857,0.043016,0.0101258,0.2,0.18,0,0.2,-0.18,0,-0.2,0.18,0,-0.2,-0.18,0
0.339,0.0222375,-0.0179492,0.249756,0.0339267,0.0431678,0.00946824,0.2,0.18,0,0.2,-0.18,0,-0.2,0.18,0,-0.2,-0.18,0
0.34,0.0223904,-0.0180949,0.249591,0.0345734,0.0433196,0.00880515,0.2,0.18,0,0.2,-0.18,0,-0.2,0.18,0,-0.2,-0.18,0
0.341,0.0225436,-0.0182413,0.249426,0.0352257,0.0434716,0.00813688,0.2,0.18,0,0.2,-0.18,0,-0.2,0.18,0,-0.2,-0.18,0
0.342,0.022697,-0.0183882,0.249262,0.0358834,0.0436238,0.0074637,0.2,0.18,0,0.2,-0.18,0,-0.2,0.18,0,-0.2,-0.18,0
0.343,0.0228508,-0.0185358,0.249098,0.0365464,0.0437762,0.00678591,0.2,0.18,0,0.2,-0.18,0,-0.2,0.18,0,-0.2,-0.18,0
0.344,0.0230048,-0.0186839,0.248934,0.0372146,0.043929,0.00610379,0.2,0.18,0,0.2,-0.18,0,-0.2,0.18,0,-0.2,-0.18,0
0.345,0.023159,-0.0188326,0.248771,0.0378877,0.0440823,0.00541765,0.2,0.18,0,0.2,-0.18,0,-0.2,0.18,0,-0.2,-0.18,0
0.346,0.0233135,-0.0189819,0.248608,0.0385658,0.0442359,0.00472777,0.2,0.18,0,0.2,-0.18,0,-0.2,0.18,0,-0.2,-0.18,0
0.347,0.0234683,-0.0191318,0.248446,0.0392486,0.0443902,0.00403444,0.2,0.18,0,0.2,-0.18,0,-0.2,0.18,0,-0.2,-0.18,0
0.348,0.0236233,-0.0192822,0.248283,0.039936,0.044545,0.00333795,0.2,0.18,0,0.2,-0.18,0,-0.2,0.18,0,-0.2,-0.18,0
0.349,0.0237785,-0.0194333,0.248122,0.0406279,0.0447006,0.0026386,0.2,0.18,0,0.2,-0.18,0,-0.2,0.18,0,-0.2,-0.18,0
0.35,0.0239339,-0.0195848,0.24796,0.0413242,0.0448568,0.00193666,0.2,0.18,0,0.2,-0.18,0,-0.2,0.18,0,-0.2,-0.18,0
0.351,0.0240895,-0.019737,0.247799,0.0420246,0.0450139,0.00123245,0.2,0.18,0,0.2,-0.18,0,-0.2,0.18,0,-0.2,-0.18,0
0.352,0.0242454,-0.0198897,0.247638,0.0427291,0.0451719,0.000526229,0.2,0.18,0,0.2,-0.18,0,-0.2,0.18,0,-0.2,-0.18,0
0.353,0.0244014,-0.020043,0.247478,0.0434375,0.0453308,-0.000181692,0.2,0.18,0,0.2,-0.18,0,-0.2,0.18,0,-0.2,-0.18,0
0.354,0.0245576,-0.0201968,0.247318,0.0441497,0.0454907,-0.000891028,0.2,0.18,0,0.2,-0.18,0,-0.2,0.18,0,-0.2,-0.18,0
0.355,0.024714,-0.0203512,0.247158,0.0448656,0.0456517,-0.00160149,0.2,0.18,0,0.2,-0.18,0,-0.2,0.18,0,-0.2,-0.18,0
0.356,0.0248706,-0.0205061,0.246998,0.045585,0.0458139,-0.00231278,0.2,0.18,0,0.2,-0.18,0,-0.2,0.18,0,-0.2,-0.18,0
0.357,0.0250273,-0.0206616,0.246839,0.0463078,0.0459773,-0.00302462,0.2,0.18,0,0.2,-0.18,0,-0.2,0.18,0,-0.2,-0.18,0
0.358,0.0251842,-0.0208176,0.24668,0.0470338,0.0461419,-0.00373671,0.2,0.18,0,0.2,-0.18,0,-0.2,0.18,0,-0.2,-0.18,0
0.359,0.0253412,-0.0209741,0.246522,0.0477629,0.0463079,-0.00444876,0.2,0.18,0,0.2,-0.18,0,-0.2,0.18,0,-0.2,-0.18,0
0.36,0.0254984,-0.0211312,0.246363,0.0484951,0.0464754,-0.00516049,0.2,0.18,0,0.2,-0.18,0,-0.2,0.18,0,-0.2,-0.18,0
0.361,0.0256557,-0.0212888,0.246205,0.04923,0.0466443,-0.00587159,0.2,0.18,0,0.2,-0.18,0,-0.2,0.18,0,-0.2,-0.18,0
0.362,0.0258131,-0.021447,0.246047,0.0499676,0.0468147,-0.00658179,0.2,0.18,0,0.2,-0.18,0,-0.2,0.18,0,-0.2,-0.18,0
0.363,0.0259706,-0.0216056,0.245889,0.0507078,0.0469868,-0.00729078,0.2,0.18,0,0.2,-0.18,0,-0.2,0.18,0,-0.2,-0.18,0
0.364,0.0261282,-0.0217648,0.245732,0.0514505,0.0471606,-0.00799828,0.2,0.18,0,0.2,-0.18,0,-0.2,0.18,0,-0.2,-0.18,0
0.365,0.0262859,-0.0219245,0.245575,0.0521954,0.0473361,-0.00870401,0.2,0.18,0,0.2,-0.18,0,-0.2,0.18,0,-0.2,-0.18,0
0.366,0.0264438,-0.0220847,0.245418,0.0529425,0.0475134,-0.00940766,0.2,0.18,0,0.2,-0.18,0,-0.2,0.18,0,-0.2,-0.18,0
0.367,0.0266016,-0.0222454,0.245261,0.0536916,0.0476926,-0.0101089,0.2,0.18,0,0.2,-0.18,0,-0.2,0.18,0,-0.2,-0.18,0
0.368,0.0267596,-0.0224066,0.245105,0.0544425,0.0478738,-0.0108076,0.2,0.18,0,0.2,-0.18,0,-0.2,0.18,0,-0.2,-0.18,0
0.369,0.0269176,-0.0225683,0.244948,0.0551953,0.048057,-0.0115033,0.2,0.18,0,0.2,-0.18,0,-0.2,0.18,0,-0.2,-0.18,0
0.37,0.0270757,-0.0227305,0.244792,0.0559496,0.0482423,-0.0121957,0.2,0.18,0,0.2,-0.18,0,-0.2,0.18,0,-0.2,-0.18,0
0.371,0.0272338,-0.0228932,0.244636,0.0567054,0.0484298,-0.0128847,0.2,0.18,0,0.2,-0.18,0,-0.2,0.18,0,-0.2,-0.18,0
0.372,0.027392,-0.0230564,0.244481,0.0574625,0.0486194,-0.0135698,0.2,0.18,0,0.2,-0.18,0,-0.2,0.18,0,-0.2,-0.18,0
0.373,0.0275502,-0.0232201,0.244325,0.0582208,0.0488114,-0.0142508,0.2,0.18,0,0.2,-0.18,0,-0.2,0.18,0,-0.2,-0.18,0
0.374,0.0277084,-0.0233843,0.24417,0.0589802,0.0490057,-0.0149274,0.2,0.18,0,0.2,-0.18,0,-0.2,0.18,0,-0.2,-0.18,0
0.375,0.0278666,-0.0235489,0.244015,0.0597406,0.0492024,-0.0155993,0.2,0.18,0,0.2,-0.18,0,-0.2,0.18,0,-0.2,-0.18,0
0.376,0.0280249,-0.023714,0.243859,0.0605017,0.0494017,-0.0162663,0.2,0.18,0,0.2,-0.18,0,-0.2,0.18,0,-0.2,-0.18,0
0.377,0.0281831,-0.0238796,0.243705,0.0612634,0.0496035,-0.016928,0.2,0.18,0,0.2,-0.18,0,-0.2,0.18,0,-0.2,-0.18,0
0.378,0.0283413,-0.0240457,0.24355,0.0620257,0.0498079,-0.0175841,0.2,0.18,0,0.2,-0.18,0,-0.2,0.18,0,-0.2,-0.18,0
0.379,0.0284995,-0.0242122,0.243395,0.0627883,0.050015,-0.0182343,0.2,0.18,0,0.2,-0.18,0,-0.2,0.18,0,-0.2,-0.18,0
0.38,0.0286577,-0.0243792,0.24324,0.0635512,0.0502249,-0.0188785,0.2,0.18,0,0.2,-0.18,0,-0.2,0.18,0,-0.2,-0.18,0
0.381,0.0288159,-0.0245466,0.243086,0.0643142,0.0504376,-0.0195162,0.2,0.18,0,0.2,-0.18,0,-0.2,0.18,0,-0.2,-0.18,0
0.382,0.028974,-0.0247146,0.242932,0.0650772,0.0506532,-0.0201472,0.2,0.18,0,0.2,-0.18,0,-0.2,0.18,0,-0.2,-0.18,0
0.383,0.029132,-0.0248829,0.242777,0.06584,0.0508717,-0.0207711,0.2,0.18,0,0.2,-0.18,0,-0.2,0.18,0,-0.2,-0.18,0
0.384,0.02929,-0.0250517,0.242623,0.0666025,0.0510933,-0.0213878,0.2,0.18,0,0.2,-0.18,0,-0.2,0.18,0,-0.2,-0.18,0
0.385,0.029448,-0.025221,0.242469,0.0673645,0.051318,-0.0219969,0.2,0.18,0,0.2,-0.18,0,-0.2,0.18,0,-0.2,-0.18,0
0.386,0.0296058,-0.0253906,0.242315,0.068126,0.0515458,-0.0225981,0.2,0.18,0,0.2,-0.18,0,-0.2,0.18,0,-0.2,-0.18,0
0.387,0.0297636,-0.0255608,0.242161,0.0688868,0.0517769,-0.0231911,0.2,0.18,0,0.2,-0.18,0,-0.2,0.18,0,-0.2,-0.18,0
0.388,0.0299213,-0.0257313,0.242008,0.0696467,0.0520112,-0.0237756,0.2,0.18,0,0.2,-0.18,0,-0.2,0.18,0,-0.2,-0.18,0
0.389,0.0300789,-0.0259023,0.241854,0.0704056,0.052249,-0.0243514,0.2,0.18,0,0.2,-0.18,0,-0.2,0.18,0,-0.2,-0.18,0
0.39,0.0302363,-0.0260737,0.2417,0.0711634,0.0524901,-0.0249182,0.2,0.18,0,0.2,-0.18,0,-0.2,0.18,0,-0.2,-0.18,0
0.391,0.0303937,-0.0262456,0.241546,0.07192,0.0527348,-0.0254756,0.2,0.18,0,0.2,-0.18,0,-0.2,0.18,0,-0.2,-0.18,0
0.392,0.0305509,-0.0264178,0.241393,0.0726751,0.052983,-0.0260234,0.2,0.18,0,0.2,-0.18,0,-0.2,0.18,0,-0.2,-0.18,0
0.393,0.030708,-0.0265905,0.241239,0.0734287,0.0532349,-0.0265612,0.2,0.18,0,0.2,-0.18,0,-0.2,0.18,0,-0.2,-0.18,0
0.394,0.030865,-0.0267636,0.241085,0.0741807,0.0534904,-0.0270889,0.2,0.18,0,0.2,-0.18,0,-0.2,0.18,0,-0.2,-0.18,0
0.395,0.0310218,-0.0269371,0.240932,0.0749308,0.0537497,-0.0276061,0.2,0.18,0,0.2,-0.18,0,-0.2,0.18,0,-0.2,-0.18,0
0.396,0.0311785,-0.027111,0.240778,0.075679,0.0540129,-0.0281124,0.2,0.18,0,0.2,-0.18,0,-0.2,0.18,0,-0.2,-0.18,0
0.397,0.031335,-0.0272853,0.240625,0.0764251,0.05428,-0.0286077,0.2,0.18,0,0.2,-0.18,0,-0.2,0.18,0,-0.2,-0.18,0
0.398,0.0314913,-0.02746,0.240471,0.077169,0.054551,-0.0290916,0.2,0.18,0,0.2,-0.18,0,-0.2,0.18,0,-0.2,-0.18,0
0.399,0.0316474,-0.0276351,0.240317,0.0779106,0.0548261,-0.0295639,0.2,0.18,0,0.2,-0.18,0,-0.2,0.18,0,-0.2,-0.18,0
0.4,0.0318034,-0.0278105,0.240164,0.0786497,0.0551052,-0.0300242,0.2,0.18,0,0.2,-0.18,0,-0.2,0.18,0,-0.2,-0.18,0
0.401,0.0319591,-0.0279864,0.24001,0.0793861,0.0553886,-0.0304723,0.2,0.18,0,0.2,-0.18,0,-0.2,0.18,0,-0.2,-0.18,0
0.402,0.0321147,-0.0281627,0.239856,0.0801198,0.055676,-0.0309082,0.2,0.18,0,0.2,-0.18,0,-0.2,0.18,0,-0.2,-0.18,0
0.403,0.03227,-0.0283393,0.239702,0.0808508,0.0559675,-0.0313318,0.2,0.18,0,0.2,-0.18,0,-0.2,0.18,0,-0.2,-0.18,0
0.404,0.0324251,-0.0285164,0.239549,0.0815788,0.0562631,-0.0317432,0.2,0.18,0,0.2,-0.18,0,-0.2,0.18,0,-0.2,-0.18,0
0.405,0.03258,-0.0286938,0.239395,0.0823039,0.0565627,-0.0321424,0.2,0.18,0,0.2,-0.18,0,-0.2,0.18,0,-0.2,-0.18,0
0.406,0.0327346,-0.0288717,0.239241,0.0830259,0.0568663,-0.0325293,0.2,0.18,0,0.2,-0.18,0,-0.2,0.18,0,-0.2,-0.18,0
0.407,0.032889,-0.02905,0.239087,0.0837448,0.0571738,-0.0329039,0.2,0.18,0,0.2,-0.18,0,-0.2,0.18,0,-0.2,-0.18,0
0.408,0.0330431,-0.0292287,0.238934,0.0844605,0.0574852,-0.0332664,0.2,0.18,0,0.2,-0.18,0,-0.2,0.18,0,-0.2,-0.18,0
0.409,0.0331969,-0.0294078,0.23878,0.0851728,0.0578004,-0.0336165,0.2,0.18,0,0.2,-0.18,0,-0.2,0.18,0,-0.2,-0.18,0
0.41,0.0333504,-0.0295873,0.238626,0.0858818,0.0581194,-0.0339545,0.2,0.18,0,0.2,-0.18,0,-0.2,0.18,0,-0.2,-0.18,0
0.411,0.0335036,-0.0297672,0.238473,0.0865872,0.0584422,-0.0342801,0.2,0.18,0,0.2,-0.18,0,-0.2,0.18,0,-0.2,-0.18,0
0.412,0.0336566,-0.0299476,0.238319,0.0872891,0.0587687,-0.0345936,0.2,0.18,0,0.2,-0.18,0,-0.2,0.18,0,-0.2,-0.18,0
0.413,0.0338092,-0.0301284,0.238166,0.0879873,0.059099,-0.0348948,0.2,0.18,0,0.2,-0.18,0,-0.2,0.18,0,-0.2,-0.18,0
0.414,0.0339614,-0.0303096,0.238012,0.0886818,0.0594328,-0.0351837,0.2,0.18,0,0.2,-0.18,0,-0.2,0.18,0,-0.2,-0.18,0
0.415,0.0341134,-0.0304912,0.237859,0.0893724,0.0597703,-0.0354604,0.2,0.18,0,0.2,-0.18,0,-0.2,0.18,0,-0.2,-0.18,0
0.416,0.034265,-0.0306733,0.237705,0.0900591,0.0601113,-0.0357249,0.2,0.18,0,0.2,-0.18,0,-0.2,0.18,0,-0.2,-0.18,0
0.417,0.0344162,-0.0308559,0.237552,0.0907418,0.0604559,-0.0359771,0.2,0.18,0,0.2,-0.18,0,-0.2,0.18,0,-0.2,-0.18,0
0.418,0.0345671,-0.0310389,0.237399,0.0914204,0.0608039,-0.0362171,0.2,0.18,0,0.2,-0.18,0,-0.2,0.18,0,-0.2,-0.18,0
0.419,0.0347175,-0.0312223,0.237246,0.0920949,0.0611554,-0.0364448,0.2,0.18,0,0.2,-0.18,0,-0.2,0.18,0,-0.2,-0.18,0
0.42,0.0348676,-0.0314062,0.237093,0.092765,0.0615103,-0.0366603,0.2,0.18,0,0.2,-0.18,0,-0.2,0.18,0,-0.2,-0.18,0
0.421,0.0350173,-0.0315905,0.23694,0.0934308,0.0618685,-0.0368635,0.2,0.18,0,0.2,-0.18,0,-0.2,0.18,0,-0.2,-0.18,0
0.422,0.0351666,-0.0317753,0.236787,0.0940922,0.0622301,-0.0370545,0.2,0.18,0,0.2,-0.18,0,-0.2,0.18,0,-0.2,-0.18,0
0.423,0.0353155,-0.0319606,0.236635,0.0947491,0.0625949,-0.0372333,0.2,0.18,0,0.2,-0.18,0,-0.2,0.18,0,-0.2,-0.18,0
0.424,0.0354639,-0.0321463,0.236482,0.0954013,0.062963,-0.0373998,0.2,0.18,0,0.2,-0.18,0,-0.2,0.18,0,-0.2,-0.18,0
0.425,0.0356119,-0.0323325,0.23633,0.0960489,0.0633343,-0.037554,0.2,0.18,0,0.2,-0.18,0,-0.2,0.18,0,-0.2,-0.18,0
0.426,0.0357594,-0.0325192,0.236178,0.0966917,0.0637088,-0.037696,0.2,0.18,0,0.2,-0.18,0,-0.2,0.18,0,-0.2,-0.18,0
0.427,0.0359065,-0.0327063,0.236026,0.0973296,0.0640864,-0.0378258,0.2,0.18,0,0.2,-0.18,0,-0.2,0.18,0,-0.2,-0.18,0
0.428,0.0360532,-0.032894,0.235874,0.0979625,0.064467,-0.0379433,0.2,0.18,0,0.2,-0.18,0,-0.2,0.18,0,-0.2,-0.18,0
0.429,0.0361993,-0.0330821,0.235722,0.0985904,0.0648507,-0.0380486,0.2,0.18,0,0.2,-0.18,0,-0.2,0.18,0,-0.2,-0.18,0
0.43,0.0363449,-0.0332707,0.235571,0.0992132,0.0652374,-0.0381416,0.2,0.18,0,0.2,-0.18,0,-0.2,0.18,0,-0.2,-0.18,0
0.431,0.0364901,-0.0334598,0.23542,0.0998307,0.0656271,-0.0382223,0.2,0.18,0,0.2,-0.18,0,-0.2,0.18,0,-0.2,-0.18,0
0.432,0.0366347,-0.0336493,0.235268,0.100443,0.0660197,-0.0382909,0.2,0.18,0,0.2,-0.18,0,-0.2,0.18,0,-0.2,-0.18,0
0.433,0.0367788,-0.0338394,0.235118,0.10105,0.0664151,-0.0383471,0.2,0.18,0,0.2,-0.18,0,-0.2,0.18,0,-0.2,-0.18,0
0.434,0.0369224,-0.03403,0.234967,0.101651,0.0668134,-0.0383912,0.2,0.18,0,0.2,-0.18,0,-0.2,0.18,0,-0.2,-0.18,0
0.435,0.0370654,-0.0342211,0.234816,0.102247,0.0672145,-0.0384229,0.2,0.18,0,0.2,-0.18,0,-0.2,0.18,0,-0.2,-0.18,0
0.436,0.0372079,-0.0344127,0.234666,0.102837,0.0676184,-0.0384425,0.2,0.18,0,0.2,-0.18,0,-0.2,0.18,0,-0.2,-0.18,0
0.437,0.0373499,-0.0346048,0.234516,0.103422,0.068025,-0.0384497,0.2,0.18,0,0.2,-0.18,0,-0.2,0.18,0,-0.2,-0.18,0
0.438,0.0374912,-0.0347974,0.234366,0.104,0.0684342,-0.0384448,0.2,0.18,0,0.2,-0.18,0,-0.2,0.18,0,-0.2,-0.18,0
0.439,0.037632,-0.0349905,0.234217,0.104573,0.0688461,-0.0384276,0.2,0.18,0,0.2,-0.18,0,-0.2,0.18,0,-0.2,-0.18,0
0.44,0.0377722,-0.0351841,0.234068,0.10514,0.0692606,-0.0383981,0.2,0.18,0,0.2,-0.18,0,-0.2,0.18,0,-0.2,-0.18,0
0.441,0.0379118,-0.0353783,0.233919,0.105701,0.0696776,-0.0383564,0.2,0.18,0,0.2,-0.18,0,-0.2,0.18,0,-0.2,-0.18,0
0.442,0.0380507,-0.035573,0.23377,0.106255,0.0700972,-0.0383024,0.2,0.18,0,0.2,-0.18,0,-0.2,0.18,0,-0.2,-0.18,0
0.443,0.0381891,-0.0357682,0.233621,0.106803,0.0705192,-0.0382362,0.2,0.18,0,0.2,-0.18,0,-0.2,0.18,0,-0.2,-0.18,0
0.444,0.0383268,-0.035964,0.233473,0.107345,0.0709437,-0.0381577,0.2,0.18,0,0.2,-0.18,0,-0.2,0.18,0,-0.2,-0.18,0
0.445,0.0384639,-0.0361603,0.233325,0.107881,0.0713706,-0.038067,0.2,0.18,0,0.2,-0.18,0,-0.2,0.18,0,-0.2,-0.18,0
0.446,0.0386003,-0.0363572,0.233178,0.10841,0.0717998,-0.037964,0.2,0.18,0,0.2,-0.18,0,-0.2,0.18,0,-0.2,-0.18,0
0.447,0.0387361,-0.0365545,0.23303,0.108932,0.0722314,-0.0378488,0.2,0.18,0,0.2,-0.18,0,-0.2,0.18,0,-0.2,-0.18,0
0.448,0.0388712,-0.0367525,0.232883,0.109448,0.0726652,-0.0377213,0.2,0.18,0,0.2,-0.18,0,-0.2,0.18,0,-0.2,-0.18,0
0.449,0.0390056,-0.036951,0.232737,0.109957,0.0731012,-0.0375816,0.2,0.18,0,0.2,-0.18,0,-0.2,0.18,0,-0.2,-0.18,0
0.45,0.0391393,-0.03715,0.23259,0.110459,0.0735395,-0.0374297,0.2,0.18,0,0.2,-0.18,0,-0.2,0.18,3.31804e-06,-0.2,-0.18,0
0.451,0.0392723,-0.0373496,0.232444,0.110954,0.0739799,-0.0372654,0.2,0.18,0,0.2,-0.18,0,-0.199998,0.179999,1.47842e-05,-0.2,-0.18,0
0.452,0.0394046,-0.0375498,0.232299,0.111442,0.0744224,-0.037089,0.2,0.18,0,0.2,-0.18,0,-0.199996,0.179998,3.43831e-05,-0.2,-0.18,0
0.453,0.0395362,-0.0377505,0.232153,0.111923,0.0748669,-0.0369002,0.2,0.18,0,0.2,-0.18,0,-0.199993,0.179996,6.20569e-05,-0.2,-0.18,0
0.454,0.039667,-0.0379518,0.232008,0.112397,0.0753136,-0.0366993,0.2,0.18,0,0.2,-0.18,0,-0.199988,0.179994,9.77477e-05,-0.2,-0.18,0
0.455,0.0397971,-0.0381537,0.231864,0.112864,0.0757622,-0.036486,0.2,0.18,0,0.2,-0.18,0,-0.199983,0.179991,0.000141397,-0.2,-0.18,0
0.456,0.0399265,-0.0383561,0.23172,0.113323,0.0762127,-0.0362605,0.2,0.18,0,0.2,-0.18,0,-0.199977,0.179988,0.000192948,-0.2,-0.18,0
0.457,0.040055,-0.0385591,0.231576,0.113774,0.0766652,-0.0360228,0.2,0.18,0,0.2,-0.18,0,-0.19997,0.179984,0.000252342,-0.2,-0.18,0
0.458,0.0401829,-0.0387627,0.231432,0.114219,0.0771195,-0.0357728,0.2,0.18,0,0.2,-0.18,0,-0.199961,0.17998,0.000319521,-0.2,-0.18,0
0.459,0.0403099,-0.0389669,0.231289,0.114655,0.0775757,-0.0355106,0.2,0.18,0,0.2,-0.18,0,-0.199952,0.179975,0.000394427,-0.2,-0.18,0
0.46,0.0404361,-0.0391717,0.231147,0.115084,0.0780337,-0.0352361,0.2,0.18,0,0.2,-0.18,0,-0.199942,0.179969,0.000477002,-0.2,-0.18,0
0.461,0.0405615,-0.039377,0.231004,0.115505,0.0784934,-0.0349493,0.2,0.18,0,0.2,-0.18,0,-0.199931,0.179963,0.000567188,-0.2,-0.18,0
0.462,0.0406862,-0.039583,0.230862,0.115918,0.0789548,-0.0346504,0.2,0.18,0,0.2,-0.18,0,-0.199919,0.179957,0.000664927,-0.2,-0.18,0
0.463,0.04081,-0.0397896,0.230721,0.116323,0.0794179,-0.0343391,0.2,0.18,0,0.2,-0.18,0,-0.199906,0.17995,0.000770162,-0.2,-0.18,0
0.464,0.0409329,-0.0399967,0.23058,0.11672,0.0798826,-0.0340156,0.2,0.18,0,0.2,-0.18,0,-0.199892,0.179943,0.000882834,-0.2,-0.18,0
0.465,0.041055,-0.0402045,0.230439,0.117109,0.0803489,-0.0336798,0.2,0.18,0,0.2,-0.18,0,-0.199877,0.179935,0.00100289,-0.2,-0.18,0
0.466,0.0411763,-0.0404129,0.230299,0.11749,0.0808168,-0.0333318,0.2,0.18,0,0.2,-0.18,0,-0.199861,0.179926,0.00113026,-0.2,-0.18,0
0.467,0.0412967,-0.0406219,0.23016,0.117862,0.0812862,-0.0329716,0.2,0.18,0,0.2,-0.18,0,-0.199844,0.179918,0.00126489,-0.2,-0.18,0
0.468,0.0414162,-0.0408315,0.230021,0.118226,0.081757,-0.032599,0.2,0.18,0,0.2,-0.18,0,-0.199826,0.179908,0.00140674,-0.2,-0.18,0
0.469,0.0415348,-0.0410417,0.229882,0.118582,0.0822293,-0.0322143,0.2,0.18,0,0.2,-0.18,0,-0.199807,0.179898,0.00155573,-0.2,-0.18,0
0.47,0.0416526,-0.0412525,0.229744,0.118928,0.0827029,-0.0318172,0.2,0.18,0,0.2,-0.18,0,-0.199788,0.179888,0.0017118,-0.2,-0.18,0
0.471,0.0417694,-0.041464,0.229606,0.119267,0.0831779,-0.0314079,0.2,0.18,0,0.2,-0.18,0,-0.199767,0.179877,0.00187491,-0.2,-0.18,0
0.472,0.0418853,-0.0416761,0.229468,0.119596,0.0836542,-0.0309864,0.2,0.18,0,0.2,-0.18,0,-0.199745,0.179865,0.002045,-0.2,-0.18,0
0.473,0.0420003,-0.0418889,0.229332,0.119917,0.0841318,-0.0305526,0.2,0.18,0,0.2,-0.18,0,-0.199723,0.179853,0.002222,-0.2,-0.18,0
0.474,0.0421144,-0.0421022,0.229195,0.120228,0.0846106,-0.0301065,0.2,0.18,0,0.2,-0.18,0,-0.199699,0.179841,0.00240586,-0.2,-0.18,0
0.475,0.0422275,-0.0423163,0.22906,0.120531,0.0850906,-0.0296482,0.2,0.18,0,0.2,-0.18,0,-0.199675,0.179828,0.00259651,-0.2,-0.18,0
0.476,0.0423396,-0.0425309,0.228924,0.120825,0.0855717,-0.0291777,0.2,0.18,0,0.2,-0.18,0,-0.199649,0.179814,0.00279391,-0.2,-0.18,0
0.477,0.0424508,-0.0427462,0.22879,0.121109,0.0860539,-0.0286949,0.2,0.18,0,0.2,-0.18,0,-0.199623,0.1798,0.00299799,-0.2,-0.18,0
0.478,0.042561,-0.0429622,0.228656,0.121384,0.0865372,-0.0281998,0.2,0.18,0,0.2,-0.18,0,-0.199595,0.179786,0.0032087,-0.2,-0.18,0
0.479,0.0426703,-0.0431788,0.228522,0.12165,0.0870215,-0.0276925,0.2,0.18,0,0.2,-0.18,0,-0.199567,0.179771,0.00342598,-0.2,-0.18,0
0.48,0.0427785,-0.043396,0.228389,0.121906,0.0875069,-0.0271729,0.2,0.18,0,0.2,-0.18,0,-0.199538,0.179755,0.00364977,-0.2,-0.18,0
0.481,0.0428857,-0.043614,0.228256,0.122153,0.0879931,-0.026641,0.2,0.18,0,0.2,-0.18,0,-0.199507,0.179739,0.00388,-0.2,-0.18,0
0.482,0.042992,-0.0438325,0.228124,0.12239,0.0884803,-0.0260969,0.2,0.18,0,0.2,-0.18,0,-0.199476,0.179723,0.00411664,-0.2,-0.18,0
0.483,0.0430971,-0.0440518,0.227993,0.122618,0.0889683,-0.0255406,0.2,0.18,0,0.2,-0.18,0,-0.199444,0.179706,0.00435961,-0.2,-0.18,0
0.484,0.0432013,-0.0442717,0.227862,0.122836,0.0894571,-0.0249719,0.2,0.18,0,0.2,-0.18,0,-0.199411,0.179688,0.00460885,-0.2,-0.18,0
0.485,0.0433044,-0.0444923,0.227732,0.123043,0.0899467,-0.0243911,0.2,0.18,0,0.2,-0.18,0,-0.199377,0.17967,0.00486432,-0.2,-0.18,0
0.486,0.0434064,-0.0447136,0.227602,0.123241,0.0904371,-0.0237979,0.2,0.18,0,0.2,-0.18,0,-0.199342,0.179652,0.00512595,-0.2,-0.18,0
0.487,0.0435074,-0.0449356,0.227473,0.123429,0.0909282,-0.0231925,0.2,0.18,0,0.2,-0.18,0,-0.199306,0.179633,0.00539368,-0.2,-0.18,0
0.488,0.0436073,-0.0451582,0.227345,0.123607,0.0914199,-0.0225749,0.2,0.18,0,0.2,-0.18,0,-0.199269,0.179613,0.00566746,-0.2,-0.18,0
0.489,0.0437061,-0.0453815,0.227217,0.123774,0.0919122,-0.021945,0.2,0.18,0,0.2,-0.18,0,-0.199231,0.179593,0.00594723,-0.2,-0.18,0
0.49,0.0438038,-0.0456055,0.22709,0.123931,0.0924052,-0.0213028,0.2,0.18,0,0.2,-0.18,0,-0.199192,0.179573,0.00623293,-0.2,-0.18,0
0.491,0.0439005,-0.0458303,0.226963,0.124078,0.0928986,-0.0206484,0.2,0.18,0,0.2,-0.18,0,-0.199153,0.179552,0.0065245,-0.2,-0.18,0
0.492,0.0439959,-0.0460557,0.226837,0.124215,0.0933926,-0.0199817,0.2,0.18,0,0.2,-0.18,0,-0.199112,0.17953,0.00682188,-0.2,-0.18,0
0.493,0.0440903,-0.0462818,0.226712,0.12434,0.093887,-0.0193028,0.2,0.18,0,0.2,-0.18,0,-0.199071,0.179508,0.00712502,-0.2,-0.18,0
0.494,0.0441835,-0.0465086,0.226587,0.124455,0.0943819,-0.0186116,0.2,0.18,0,0.2,-0.18,0,-0.199028,0.179486,0.00743386,-0.2,-0.18,0
0.495,0.0442756,-0.0467361,0.226463,0.12456,0.0948771,-0.0179081,0.2,0.18,0,0.2,-0.18,0,-0.198985,0.179463,0.00774834,-0.2,-0.18,0
0.496,0.0443665,-0.0469644,0.22634,0.124653,0.0953727,-0.0171924,0.2,0.18,0,0.2,-0.18,0,-0.19894,0.179439,0.00806841,-0.2,-0.18,0
0.497,0.0444563,-0.0471933,0.226217,0.124736,0.0958685,-0.0164644,0.2,0.18,0,0.2,-0.18,0,-0.198895,0.179415,0.00839399,-0.2,-0.18,0
0.498,0.0445449,-0.047423,0.226095,0.124807,0.0963647,-0.0157242,0.2,0.18,0,0.2,-0.18,0,-0.198849,0.179391,0.00872505,-0.2,-0.18,0
0.499,0.0446323,-0.0476534,0.225974,0.124868,0.096861,-0.0149717,0.2,0.18,0,0.2,-0.18,0,-0.198801,0.179366,0.00906151,-0.2,-0.18,0
0.5,0.0447184,-0.0478845,0.225853,0.124917,0.0973575,-0.0142069,0.2,0.18,0,0.2,-0.18,0,-0.198753,0.17934,0.00940333,-0.2,-0.18,0
0.501,0.0448034,-0.0481163,0.225733,0.124955,0.0978542,-0.01343,0.2,0.18,0,0.2,-0.18,0,-0.198704,0.179314,0.00975043,-0.2,-0.18,0
0.502,0.0448872,-0.0483489,0.225614,0.124983,0.0983509,-0.0126411,0.2,0.18,0,0.2,-0.18,0,-0.198654,0.179288,0.0101028,-0.2,-0.18,0
0.503,0.0449698,-0.0485822,0.225496,0.124999,0.0988478,-0.0118407,0.2,0.18,0,0.2,-0.18,0,-0.198604,0.179261,0.0104603,-0.2,-0.18,0
0.504,0.0450511,-0.0488162,0.225378,0.125006,0.0993446,-0.0110292,0.2,0.18,0,0.2,-0.18,0,-0.198552,0.179233,0.0108229,-0.2,-0.18,0
0.505,0.0451313,-0.049051,0.225261,0.125002,0.0998415,-0.0102068,0.2,0.18,0,0.2,-0.18,0,-0.198499,0.179206,0.0111906,-0.2,-0.18,0
0.506,0.0452102,-0.0492864,0.225145,0.12499,0.100338,-0.00937402,0.2,0.18,0,0.2,-0.18,0,-0.198445,0.179177,0.0115633,-0.2,-0.18,0
0.507,0.045288,-0.0495226,0.225029,0.124967,0.100835,-0.00853114,0.2,0.18,0,0.2,-0.18,0,-0.198391,0.179148,0.011941,-0.2,-0.18,0
0.508,0.0453645,-0.0497596,0.224915,0.124937,0.101332,-0.00767856,0.2,0.18,0,0.2,-0.18,0,-0.198335,0.179119,0.0123235,-0.2,-0.18,0
0.509,0.0454399,-0.0499972,0.224801,0.124897,0.101828,-0.00681663,0.2,0.18,0,0.2,-0.18,0,-0.198279,0.179089,0.0127109,-0.2,-0.18,0
0.51,0.045514,-0.0502356,0.224687,0.12485,0.102325,-0.00594572,0.2,0.18,0,0.2,-0.18,0,-0.198221,0.179059,0.013103,-0.2,-0.18,0
0.511,0.045587,-0.0504746,0.224575,0.124794,0.102821,-0.00506619,0.2,0.18,0,0.2,-0.18,0,-0.198163,0.179028,0.0134998,-0.2,-0.18,0
0.512,0.0456587,-0.0507144,0.224463,0.124731,0.103317,-0.00417841,0.2,0.18,0,0.2,-0.18,0,-0.198104,0.178997,0.0139014,-0.2,-0.18,0
0.513,0.0457293,-0.0509549,0.224352,0.124662,0.103812,-0.00328273,0.2,0.18,0,0.2,-0.18,0,-0.198044,0.178965,0.0143074,-0.2,-0.18,0
0.514,0.0457986,-0.0511962,0.224242,0.124585,0.104308,-0.00237953,0.2,0.18,0,0.2,-0.18,0,-0.197983,0.178932,0.0147181,-0.2,-0.18,0
0.515,0.0458668,-0.0514381,0.224133,0.124502,0.104803,-0.00146917,0.2,0.18,0,0.2,-0.18,0,-0.197921,0.1789,0.0151332,-0.2,-0.18,0
0.516,0.0459337,-0.0516808,0.224025,0.124413,0.105297,-0.000552017,0.2,0.18,0,0.2,-0.18,0,-0.197858,0.178866,0.0155527,-0.2,-0.18,0
0.517,0.0459995,-0.0519242,0.223917,0.124318,0.105791,0.000371573,0.2,0.18,0,0.2,-0.18,0,-0.197794,0.178833,0.0159767,-0.2,-0.18,0
0.518,0.046064,-0.0521682,0.22381,0.124218,0.106285,0.00130123,0.2,0.18,0,0.2,-0.18,0,-0.19773,0.178798,0.0164049,-0.2,-0.18,0
0.519,0.0461274,-0.052413,0.223705,0.124113,0.106778,0.00223659,0.2,0.18,0,0.2,-0.18,0,-0.197664,0.178764,0.0168373,-0.2,-0.18,0
0.52,0.0461896,-0.0526586,0.2236,0.124003,0.107271,0.0031773,0.2,0.18,0,0.2,-0.18,0,-0.197597,0.178728,0.017274,-0.2,-0.18,0
0.521,0.0462506,-0.0529048,0.223495,0.123889,0.107763,0.00412297,0.2,0.18,0,0.2,-0.18,0,-0.19753,0.178693,0.0177148,-0.2,-0.18,0
0.522,0.0463104,-0.0531517,0.223392,0.123771,0.108255,0.00507326,0.2,0.18,0,0.2,-0.18,0,-0.197462,0.178657,0.0181597,-0.2,-0.18,0
0.523,0.046369,-0.0533994,0.22329,0.123649,0.108746,0.0060278,0.2,0.18,0,0.2,-0.18,0,-0.197393,0.17862,0.0186085,-0.2,-0.18,0
0.524,0.0464264,-0.0536477,0.223188,0.123524,0.109236,0.00698622,0.2,0.18,0,0.2,-0.18,0,-0.197322,0.178583,0.0190614,-0.2,-0.18,0
0.525,0.0464827,-0.0538968,0.223087,0.123396,0.109726,0.00794816,0.2,0.18,0,0.2,-0.18,0,-0.197251,0.178545,0.0195181,-0.2,-0.18,0
0.526,0.0465377,-0.0541465,0.222987,0.123265,0.110215,0.00891326,0.2,0.18,0,0.2,-0.18,0,-0.197179,0.178507,0.0199787,-0.2,-0.18,0
0.527,0.0465916,-0.054397,0.222889,0.123132,0.110703,0.00988114,0.2,0.18,0,0.2,-0.18,0,-0.197107,0.178469,0.0204431,-0.2,-0.18,0
0.528,0.0466442,-0.0546481,0.222791,0.122998,0.111191,0.0108514,0.2,0.18,0,0.2,-0.18,0,-0.197033,0.17843,0.0209112,-0.2,-0.18,0
0.529,0.0466957,-0.0549,0.222693,0.122861,0.111677,0.0118238,0.2,0.18,0,0.2,-0.18,0,-0.196958,0.17839,0.021383,-0.2,-0.18,0
0.53,0.046746,-0.0551526,0.222597,0.122724,0.112163,0.0127979,0.2,0.18,0,0.2,-0.18,0,-0.196883,0.17835,0.0218583,-0.2,-0.18,0
0.531,0.0467952,-0.0554059,0.222502,0.122586,0.112648,0.0137733,0.2,0.18,0,0.2,-0.18,0,-0.196806,0.17831,0.0223373,-0.2,-0.18,0
0.532,0.0468431,-0.0556599,0.222408,0.122447,0.113132,0.0147497,0.2,0.18,0,0.2,-0.18,0,-0.196729,0.178269,0.0228197,-0.2,-0.18,0
0.533,0.0468899,-0.0559145,0.222315,0.122308,0.113615,0.0157266,0.2,0.18,0,0.2,-0.18,0,-0.19665,0.178227,0.0233056,-0.2,-0.18,0
0.534,0.0469354,-0.0561699,0.222222,0.122169,0.114097,0.0167039,0.2,0.18,0,0.2,-0.18,0,-0.196571,0.178185,0.0237948,-0.2,-0.18,0
0.535,0.0469798,-0.056426,0.222131,0.122031,0.114578,0.017681,0.2,0.18,0,0.2,-0.18,0,-0.196491,0.178143,0.0242874,-0.2,-0.18,0
0.536,0.0470231,-0.0566827,0.22204,0.121893,0.115058,0.0186576,0.2,0.18,0,0.2,-0.18,0,-0.19641,0.1781,0.0247833,-0.2,-0.18,0
0.537,0.0470651,-0.0569402,0.221951,0.121757,0.115536,0.0196333,0.2,0.18,0,0.2,-0.18,0,-0.196328,0.178057,0.0252823,-0.2,-0.18,0
0.538,0.047106,-0.0571984,0.221863,0.121622,0.116014,0.0206079,0.2,0.18,0,0.2,-0.18,0,-0.196246,0.178013,0.0257845,-0.2,-0.18,0
0.539,0.0471457,-0.0574572,0.221775,0.12149,0.116491,0.0215808,0.2,0.18,0,0.2,-0.18,0,-0.196162,0.177969,0.0262898,-0.2,-0.18,0
0.54,0.0471842,-0.0577168,0.221689,0.121359,0.116966,0.0225518,0.2,0.18,0,0.2,-0.18,0,-0.196078,0.177924,0.0267981,-0.2,-0.18,0
0.541,0.0472215,-0.057977,0.221603,0.121231,0.11744,0.0235205,0.2,0.18,0,0.2,-0.18,0,-0.195992,0.177879,0.0273094,-0.2,-0.18,0
0.542,0.0472577,-0.058238,0.221519,0.121106,0.117913,0.0244866,0.2,0.18,0,0.2,-0.18,0,-0.195906,0.177833,0.0278236,-0.2,-0.18,0
0.543,0.0472927,-0.0584996,0.221435,0.120985,0.118384,0.0254496,0.2,0.18,0,0.2,-0.18,0,-0.195819,0.177787,0.0283407,-0.2,-0.18,0
0.544,0.0473265,-0.0587619,0.221353,0.120867,0.118854,0.0264092,0.2,0.18,0,0.2,-0.18,0,-0.195731,0.17774,0.0288605,-0.2,-0.18,0
0.545,0.0473591,-0.0590249,0.221272,0.120753,0.119323,0.027365,0.2,0.18,0,0.2,-0.18,0,-0.195642,0.177693,0.0293831,-0.2,-0.18,0
0.546,0.0473906,-0.0592886,0.221191,0.120643,0.119791,0.0283167,0.2,0.18,0,0.2,-0.18,0,-0.195552,0.177646,0.0299084,-0.2,-0.18,0
0.547,0.0474209,-0.059553,0.221112,0.120538,0.120257,0.0292639,0.2,0.18,0,0.2,-0.18,0,-0.195461,0.177598,0.0304363,-0.2,-0.18,0
0.548,0.0474501,-0.059818,0.221034,0.120438,0.120721,0.0302062,0.2,0.18,0,0.2,-0.18,0,-0.195369,0.177549,0.0309668,-0.2,-0.18,0
0.549,0.0474781,-0.0600838,0.220957,0.120344,0.121184,0.0311434,0.2,0.18,0,0.2,-0.18,0,-0.195277,0.1775,0.0314998,-0.2,-0.18,0
0.55,0.0475049,-0.0603502,0.220881,0.120255,0.121645,0.0320749,0.2,0.18,0,0.2,-0.18,0,-0.195184,0.177451,0.0320353,-0.2,-0.18,0
0.551,0.0475305,-0.0606173,0.220806,0.120172,0.122105,0.0330005,0.2,0.18,0,0.2,-0.18,0,-0.195089,0.177401,0.0325731,-0.2,-0.18,0
0.552,0.047555,-0.0608851,0.220732,0.120096,0.122564,0.0339198,0.2,0.18,0,0.2,-0.18,0,-0.194994,0.177351,0.0331133,-0.2,-0.18,0
0.553,0.0475783,-0.0611536,0.22066,0.120027,0.12302,0.0348323,0.2,0.18,0,0.2,-0.18,0,-0.194898,0.1773,0.0336558,-0.2,-0.18,0
0.554,0.0476004,-0.0614228,0.220588,0.119964,0.123475,0.0357379,0.2,0.18,0,0.2,-0.18,0,-0.194801,0.177248,0.0342005,-0.2,-0.18,0
0.555,0.0476214,-0.0616926,0.220518,0.119909,0.123928,0.036636,0.2,0.18,0,0.2,-0.18,0,-0.194703,0.177197,0.0347473,-0.2,-0.18,0
0.556,0.0476413,-0.0619631,0.220448,0.119862,0.12438,0.0375264,0.2,0.18,0,0.2,-0.18,0,-0.194605,0.177145,0.0352963,-0.2,-0.18,0
0.557,0.0476599,-0.0622343,0.22038,0.119823,0.124829,0.0384086,0.2,0.18,0,0.2,-0.18,0,-0.194505,0.177092,0.0358473,-0.2,-0.18,0
0.558,0.0476774,-0.0625062,0.220313,0.119793,0.125277,0.0392824,0.2,0.18,0,0.2,-0.18,0,-0.194405,0.177039,0.0364002,-0.2,-0.18,0
0.559,0.0476938,-0.0627787,0.220247,0.119771,0.125723,0.0401472,0.2,0.18,0,0.2,-0.18,0,-0.194304,0.176985,0.0369552,-0.2,-0.18,0
0.56,0.047709,-0.063052,0.220182,0.119758,0.126168,0.0410029,0.2,0.18,0,0.2,-0.18,0,-0.194201,0.176931,0.0375119,-0.2,-0.18,0
0.561,0.047723,-0.0633259,0.220119,0.119755,0.12661,0.0418489,0.2,0.18,0,0.2,-0.18,0,-0.194098,0.176877,0.0380706,-0.2,-0.18,0
0.562,0.0477359,-0.0636004,0.220056,0.119762,0.12705,0.042685,0.2,0.18,0,0.2,-0.18,0,-0.193994,0.176822,0.0386309,-0.2,-0.18,0
0.563,0.0477476,-0.0638757,0.219995,0.11978,0.127488,0.0435107,0.2,0.18,0,0.2,-0.18,0,-0.19389,0.176766,0.039193,-0.2,-0.18,0
0.564,0.0477581,-0.0641516,0.219935,0.119807,0.127925,0.0443258,0.2,0.18,0,0.2,-0.18,0,-0.193784,0.17671,0.0397567,-0.2,-0.18,0
0.565,0.0477675,-0.0644282,0.219876,0.119846,0.128359,0.0451298,0.2,0.18,0,0.2,-0.18,0,-0.193678,0.176654,0.040322,-0.2,-0.18,0
0.566,0.0477758,-0.0647054,0.219818,0.119896,0.128791,0.0459225,0.2,0.18,0,0.2,-0.18,0,-0.19357,0.176597,0.0408888,-0.2,-0.18,0
0.567,0.0477829,-0.0649834,0.219762,0.119958,0.129221,0.0467033,0.2,0.18,0,0.2,-0.18,0,-0.193462,0.17654,0.0414571,-0.2,-0.18,0
0.568,0.0477888,-0.065262,0.219707,0.120031,0.129649,0.047472,0.2,0.18,0,0.2,-0.18,0,-0.193353,0.176482,0.0420268,-0.2,-0.18,0
0.569,0.0477936,-0.0655412,0.219653,0.120117,0.130074,0.0482282,0.2,0.18,0,0.2,-0.18,0,-0.193243,0.176424,0.0425978,-0.2,-0.18,0
0.57,0.0477973,-0.0658212,0.2196,0.120216,0.130498,0.0489715,0.2,0.18,0,0.2,-0.18,0,-0.193132,0.176365,0.0431701,-0.2,-0.18,0
0.571,0.0477998,-0.0661018,0.219548,0.120327,0.130919,0.0497015,0.2,0.18,0,0.2,-0.18,0,-0.19302,0.176306,0.0437437,-0.2,-0.18,0
0.572,0.0478012,-0.066383,0.219498,0.120452,0.131338,0.050418,0.2,0.18,0,0.2,-0.18,0,-0.192908,0.176246,0.0443184,-0.2,-0.18,0
0.573,0.0478014,-0.0666649,0.219449,0.120591,0.131754,0.0511205,0.2,0.18,0,0.2,-0.18,0,-0.192795,0.176186,0.0448943,-0.2,-0.18,0
0.574,0.0478004,-0.0669475,0.219401,0.120743,0.132169,0.0518087,0.2,0.18,0,0.2,-0.18,0,-0.19268,0.176126,0.0454712,-0.2,-0.18,0
0.575,0.0477983,-0.0672308,0.219355,0.12091,0.13258,0.0524822,0.2,0.18,0,0.2,-0.18,0,-0.192565,0.176065,0.0460492,-0.2,-0.18,0
0.576,0.0477951,-0.0675147,0.21931,0.121092,0.13299,0.0531406,0.2,0.18,0,0.2,-0.18,0,-0.192449,0.176004,0.046628,-0.2,-0.18,0
0.577,0.0477907,-0.0677992,0.219266,0.121289,0.133397,0.0537836,0.2,0.18,0,0.2,-0.18,0,-0.192332,0.175942,0.0472078,-0.2,-0.18,0
0.578,0.0477852,-0.0680845,0.219223,0.121501,0.133801,0.0544109,0.2,0.18,0,0.2,-0.18,0,-0.192215,0.17588,0.0477884,-0.2,-0.18,0
0.579,0.0477785,-0.0683704,0.219182,0.121729,0.134203,0.0550219,0.2,0.18,0,0.2,-0.18,0,-0.192096,0.175817,0.0483698,-0.2,-0.18,0
0.58,0.0477707,-0.0686569,0.219142,0.121974,0.134602,0.0556165,0.2,0.18,0,0.2,-0.18,0,-0.191977,0.175754,0.0489519,-0.2,-0.18,0
0.581,0.0477618,-0.0689441,0.219103,0.122234,0.134999,0.0561942,0.2,0.18,0,0.2,-0.18,0,-0.191856,0.17569,0.0495346,-0.2,-0.18,0
0.582,0.0477517,-0.069232,0.219066,0.122512,0.135393,0.0567546,0.2,0.18,0,0.2,-0.18,0,-0.191735,0.175626,0.0501179,-0.2,-0.18,0
0.583,0.0477405,-0.0695205,0.21903,0.122806,0.135784,0.0572975,0.2,0.18,0,0.2,-0.18,0,-0.191613,0.175561,0.0507018,-0.2,-0.18,0
0.584,0.0477281,-0.0698096,0.218995,0.123118,0.136173,0.0578223,0.2,0.18,0,0.2,-0.18,0,-0.191491,0.175496,0.0512862,-0.2,-0.18,0
0.585,0.0477147,-0.0700994,0.218962,0.123448,0.136559,0.0583289,0.2,0.18,0,0.2,-0.18,0,-0.191367,0.175431,0.0518709,-0.2,-0.18,0
0.586,0.0477,-0.0703899,0.21893,0.123797,0.136942,0.0588167,0.2,0.18,0,0.2,-0.18,0,-0.191243,0.175365,0.0524561,-0.2,-0.18,0
0.587,0.0476843,-0.070681,0.218899,0.124163,0.137323,0.0592855,0.2,0.18,0,0.2,-0.18,0,-0.191117,0.175299,0.0530416,-0.2,-0.18,0
0.588,0.0476674,-0.0709728,0.21887,0.124549,0.1377,0.0597348,0.2,0.18,0,0.2,-0.18,0,-0.190991,0.175232,0.0536273,-0.2,-0.18,0
0.589,0.0476493,-0.0712652,0.218842,0.124954,0.138075,0.0601643,0.2,0.18,0,0.2,-0.18,0,-0.190864,0.175165,0.0542132,-0.2,-0.18,0
0.59,0.0476302,-0.0715583,0.218816,0.125378,0.138446,0.0605737,0.2,0.18,0,0.2,-0.18,0,-0.190736,0.175097,0.0547992,-0.2,-0.18,0
0.591,0.0476099,-0.071852,0.218791,0.125823,0.138815,0.0609626,0.2,0.18,0,0.2,-0.18,0,-0.190607,0.175029,0.0553853,-0.2,-0.18,0
0.592,0.0475884,-0.0721464,0.218767,0.126288,0.139181,0.0613306,0.2,0.18,0,0.2,-0.18,0,-0.190478,0.17496,0.0559714,-0.2,-0.18,0
0.593,0.0475659,-0.0724414,0.218745,0.126773,0.139544,0.0616773,0.2,0.18,0,0.2,-0.18,0,-0.190347,0.174891,0.0565575,-0.2,-0.18,0
0.594,0.0475422,-0.072737,0.218724,0.127279,0.139904,0.0620025,0.2,0.18,0,0.2,-0.18,0,-0.190216,0.174822,0.0571435,-0.2,-0.18,0
0.595,0.0475174,-0.0730333,0.218705,0.127807,0.14026,0.0623056,0.2,0.18,0,0.2,-0.18,0,-0.190084,0.174752,0.0577293,-0.2,-0.18,0
0.596,0.0474914,-0.0733302,0.218687,0.128356,0.140614,0.0625864,0.2,0.18,0,0.2,-0.18,0,-0.189951,0.174682,0.058315,-0.2,-0.18,0
0.597,0.0474643,-0.0736278,0.21867,0.128928,0.140964,0.0628445,0.2,0.18,0,0.2,-0.18,0,-0.189818,0.174611,0.0589003,-0.2,-0.18,0
0.598,0.0474361,-0.073926,0.218655,0.129521,0.141311,0.0630795,0.2,0.18,0,0.2,-0.18,0,-0.189683,0.17454,0.0594853,-0.2,-0.18,0
0.599,0.0474068,-0.0742249,0.218642,0.130138,0.141655,0.0632911,0.2,0.18,0,0.2,-0.18,0,-0.189548,0.174468,0.06007,-0.2,-0.18,0
0.6,0.0473764,-0.0745244,0.21863,0.130777,0.141996,0.0634789,0.2,0.18,0,0.2,-0.18,0,-0.189411,0.174396,0.0606542,-0.2,-0.18,0
0.601,0.0473448,-0.0748245,0.218619,0.13144,0.142334,0.0636427,0.2,0.18,0,0.2,-0.18,0,-0.189274,0.174323,0.0612378,-0.2,-0.18,0
0.602,0.0473121,-0.0751253,0.21861,0.132126,0.142668,0.0637825,0.2,0.18,0,0.2,-0.18,0,-0.189136,0.17425,0.061821,-0.2,-0.18,0
0.603,0.0472783,-0.0754267,0.218602,0.132834,0.142999,0.0638986,0.2,0.18,0,0.2,-0.18,0,-0.188998,0.174177,0.0624035,-0.2,-0.18,0
0.604,0.0472434,-0.0757287,0.218596,0.133566,0.143326,0.0639912,0.2,0.18,0,0.2,-0.18,0,-0.188858,0.174103,0.0629853,-0.2,-0.18,0
0.605,0.0472075,-0.0760312,0.218591,0.134319,0.14365,0.0640607,0.2,0.18,0,0.2,-0.18,0,-0.188718,0.174029,0.0635664,-0.2,-0.18,0
0.606,0.0471705,-0.0763344,0.218587,0.135095,0.143971,0.0641071,0.2,0.18,0,0.2,-0.18,0,-0.188576,0.173954,0.0641467,-0.2,-0.18,0
0.607,0.0471324,-0.0766381,0.218585,0.135892,0.144289,0.0641308,0.2,0.18,0,0.2,-0.18,0,-0.188434,0.173879,0.0647261,-0.2,-0.18,0
0.608,0.0470933,-0.0769424,0.218585,0.136711,0.144603,0.064132,0.2,0.18,0,0.2,-0.18,0,-0.188292,0.173803,0.0653047,-0.2,-0.18,0
0.609,0.0470531,-0.0772472,0.218585,0.137551,0.144914,0.064111,0.2,0.18,0,0.2,-0.18,0,-0.188148,0.173727,0.0658823,-0.2,-0.18,0
0.61,0.047012,-0.0775526,0.218587,0.138412,0.145221,0.0640678,0.2,0.18,0,0.2,-0.18,0,-0.188003,0.173651,0.0664588,-0.2,-0.18,0
0.611,0.0469698,-0.0778585,0.218591,0.139294,0.145525,0.0640029,0.2,0.18,0,0.2,-0.18,0,-0.187858,0.173574,0.0670343,-0.2,-0.18,0
0.612,0.0469266,-0.0781649,0.218596,0.140196,0.145826,0.0639164,0.2,0.18,0,0.2,-0.18,0,-0.187712,0.173496,0.0676086,-0.2,-0.18,0
0.613,0.0468825,-0.0784718,0.218602,0.141118,0.146123,0.0638086,0.2,0.18,0,0.2,-0.18,0,-0.187565,0.173419,0.0681817,-0.2,-0.18,0
0.614,0.0468373,-0.0787792,0.218609,0.14206,0.146416,0.0636796,0.2,0.18,0,0.2,-0.18,0,-0.187417,0.17334,0.0687536,-0.2,-0.18,0
0.615,0.0467912,-0.079087,0.218618,0.143022,0.146707,0.0635298,0.2,0.18,0,0.2,-0.18,0,-0.187268,0.173262,0.0693241,-0.2,-0.18,0
0.616,0.0467441,-0.0793954,0.218628,0.144003,0.146993,0.0633594,0.2,0.18,0,0.2,-0.18,0,-0.187119,0.173183,0.0698933,-0.2,-0.18,0
0.617,0.0466961,-0.0797042,0.218639,0.145003,0.147277,0.0631686,0.2,0.18,0,0.2,-0.18,0,-0.186969,0.173103,0.0704611,-0.2,-0.18,0
0.618,0.0466472,-0.0800134,0.218652,0.146021,0.147556,0.0629576,0.2,0.18,0,0.2,-0.18,0,-0.186818,0.173023,0.0710273,-0.2,-0.18,0
0.619,0.0465974,-0.0803231,0.218666,0.147058,0.147833,0.0627267,0.2,0.18,0,0.2,-0.18,0,-0.186666,0.172943,0.071592,-0.2,-0.18,0
0.62,0.0465466,-0.0806331,0.218681,0.148113,0.148106,0.0624762,0.2,0.18,0,0.2,-0.18,0,-0.186513,0.172862,0.0721552,-0.2,-0.18,0
0.621,0.046495,-0.0809436,0.218697,0.149186,0.148375,0.0622061,0.2,0.18,0,0.2,-0.18,0,-0.186359,0.172781,0.0727166,-0.2,-0.18,0
0.622,0.0464424,-0.0812545,0.218715,0.150277,0.148641,0.0619169,0.2,0.18,0,0.2,-0.18,0,-0.186205,0.172699,0.0732763,-0.2,-0.18,0
0.623,0.046389,-0.0815658,0.218734,0.151385,0.148903,0.0616087,0.2,0.18,0,0.2,-0.18,0,-0.18605,0.172617,0.0738343,-0.2,-0.18,0
0.624,0.0463347,-0.0818774,0.218754,0.15251,0.149162,0.0612817,0.2,0.18,0,0.2,-0.18,0,-0.185894,0.172534,0.0743904,-0.2,-0.18,0
0.625,0.0462796,-0.0821894,0.218775,0.153652,0.149417,0.0609363,0.2,0.18,0,0.2,-0.18,0,-0.185737,0.172451,0.0749446,-0.2,-0.18,0
0.626,0.0462237,-0.0825018,0.218798,0.154811,0.149668,0.0605725,0.2,0.18,0,0.2,-0.18,0,-0.18558,0.172368,0.0754969,-0.2,-0.18,0
0.627,0.0461669,-0.0828145,0.218821,0.155986,0.149916,0.0601908,0.2,0.18,0,0.2,-0.18,0,-0.185421,0.172284,0.0760471,-0.2,-0.18,0
0.628,0.0461093,-0.0831275,0.218846,0.157176,0.150161,0.0597912,0.2,0.18,0,0.2,-0.18,0,-0.185262,0.1722,0.0765953,-0.2,-0.18,0
0.629,0.0460509,-0.0834409,0.218872,0.158383,0.150402,0.0593741,0.2,0.18,0,0.2,-0.18,0,-0.185102,0.172115,0.0771414,-0.2,-0.18,0
0.63,0.0459917,-0.0837545,0.218899,0.159605,0.150639,0.0589396,0.2,0.18,0,0.2,-0.18,0,-0.184941,0.17203,0.0776853,-0.2,-0.18,0
0.631,0.0459317,-0.0840685,0.218927,0.160842,0.150872,0.058488,0.2,0.18,0,0.2,-0.18,0,-0.18478,0.171945,0.0782269,-0.2,-0.18,0
0.632,0.0458709,-0.0843827,0.218956,0.162094,0.151102,0.0580196,0.2,0.18,0,0.2,-0.18,0,-0.184617,0.171859,0.0787662,-0.2,-0.18,0
0.633,0.0458094,-0.0846972,0.218987,0.16336,0.151328,0.0575346,0.2,0.18,0,0.2,-0.18,0,-0.184454,0.171772,0.0793032,-0.2,-0.18,0
0.634,0.0457471,-0.0850119,0.219018,0.164641,0.151551,0.0570332,0.2,0.18,0,0.2,-0.18,0,-0.18429,0.171685,0.0798378,-0.2,-0.18,0
0.635,0.0456841,-0.0853269,0.219051,0.165936,0.15177,0.0565156,0.2,0.18,0,0.2,-0.18,0,-0.184125,0.171598,0.0803699,-0.2,-0.18,0
0.636,0.0456204,-0.0856422,0.219084,0.167245,0.151985,0.0559821,0.2,0.18,0,0.2,-0.18,0,-0.18396,0.171511,0.0808994,-0.2,-0.18,0
0.637,0.045556,-0.0859576,0.219119,0.168567,0.152197,0.055433,0.2,0.18,0,0.2,-0.18,0,-0.183793,0.171423,0.0814264,-0.2,-0.18,0
0.638,0.0454908,-0.0862733,0.219155,0.169903,0.152404,0.0548684,0.2,0.18,0,0.2,-0.18,0,-0.183626,0.171334,0.0819507,-0.2,-0.18,0
0.639,0.045425,-0.0865892,0.219191,0.171251,0.152609,0.0542886,0.2,0.18,0,0.2,-0.18,0,-0.183458,0.171245,0.0824723,-0.2,-0.18,0
0.64,0.0453585,-0.0869053,0.219229,0.172612,0.152809,0.0536938,0.2,0.18,0,0.2,-0.18,0,-0.18329,0.171156,0.0829912,-0.2,-0.18,0
0.641,0.0452913,-0.0872215,0.219268,0.173986,0.153005,0.0530843,0.2,0.18,0,0.2,-0.18,0,-0.18312,0.171066,0.0835072,-0.2,-0.18,0
0.642,0.0452235,-0.0875379,0.219308,0.175372,0.153198,0.0524603,0.2,0.18,0,0.2,-0.18,0,-0.18295,0.170976,0.0840203,-0.2,-0.18,0
0.643,0.045155,-0.0878545,0.219348,0.176769,0.153387,0.051822,0.2,0.18,0,0.2,-0.18,0,-0.182778,0.170885,0.0845306,-0.2,-0.18,0
0.644,0.0450859,-0.0881712,0.21939,0.178178,0.153573,0.0511697,0.2,0.18,0,0.2,-0.18,0,-0.182606,0.170794,0.0850378,-0.2,-0.18,0
0.645,0.0450161,-0.088488,0.219433,0.179599,0.153754,0.0505036,0.2,0.18,0,0.2,-0.18,0,-0.182434,0.170703,0.0855419,-0.2,-0.18,0
0.646,0.0449458,-0.088805,0.219477,0.18103,0.153932,0.0498239,0.2,0.18,0,0.2,-0.18,0,-0.18226,0.170611,0.086043,-0.2,-0.18,0
0.647,0.0448748,-0.0891221,0.219521,0.182472,0.154106,0.049131,0.2,0.18,0,0.2,-0.18,0,-0.182086,0.170519,0.0865409,-0.2,-0.18,0
0.648,0.0448033,-0.0894393,0.219567,0.183925,0.154276,0.0484249,0.2,0.18,0,0.2,-0.18,0,-0.181911,0.170426,0.0870355,-0.2,-0.18,0
0.649,0.0447311,-0.0897565,0.219613,0.185388,0.154442,0.047706,0.2,0.18,0,0.2,-0.18,0,-0.181735,0.170333,0.0875269,-0.2,-0.18,0
0.65,0.0446585,-0.0900739,0.21966,0.186861,0.154604,0.0469745,0.2,0.18,0,0.2,-0.18,0,-0.181558,0.17024,0.0880149,-0.2,-0.18,0
0.651,0.0445852,-0.0903912,0.219709,0.188343,0.154763,0.0462306,0.2,0.18,0,0.2,-0.18,0,-0.181381,0.170146,0.0884995,-0.2,-0.18,0
0.652,0.0445114,-0.0907087,0.219758,0.189835,0.154918,0.0454745,0.2,0.18,0,0.2,-0.18,0,-0.181203,0.170051,0.0889807,-0.2,-0.18,0
0.653,0.0444371,-0.0910262,0.219808,0.191336,0.155068,0.0447066,0.2,0.18,0,0.2,-0.18,0,-0.181024,0.169957,0.0894583,-0.2,-0.18,0
0.654,0.0443623,-0.0913437,0.219859,0.192846,0.155215,0.0439269,0.2,0.18,0,0.2,-0.18,0,-0.180844,0.169861,0.0899324,-0.2,-0.18,0
0.655,0.0442869,-0.0916612,0.21991,0.194365,0.155358,0.0431359,0.2,0.18,0,0.2,-0.18,0,-0.180663,0.169766,0.0904029,-0.2,-0.18,0
0.656,0.0442111,-0.0919788,0.219963,0.195891,0.155497,0.0423336,0.2,0.18,0,0.2,-0.18,0,-0.180482,0.16967,0.0908696,-0.2,-0.18,0
0.657,0.0441347,-0.0922963,0.220016,0.197426,0.155632,0.0415204,0.2,0.18,0,0.2,-0.18,0,-0.1803,0.169573,0.0913326,-0.2,-0.18,0
0.658,0.0440579,-0.0926139,0.22007,0.198969,0.155764,0.0406964,0.2,0.18,0,0.2,-0.18,0,-0.180117,0.169477,0.0917918,-0.2,-0.18,0
0.659,0.0439807,-0.0929313,0.220125,0.200519,0.155891,0.039862,0.2,0.18,0,0.2,-0.18,0,-0.179933,0.169379,0.0922471,-0.2,-0.18,0
0.66,0.0439029,-0.0932488,0.220181,0.202076,0.156014,0.0390173,0.2,0.18,0,0.2,-0.18,0,-0.179749,0.169282,0.0926985,-0.2,-0.18,0
0.661,0.0438248,-0.0935662,0.220238,0.20364,0.156133,0.0381626,0.2,0.18,0,0.2,-0.18,0,-0.179563,0.169184,0.0931459,-0.2,-0.18,0
0.662,0.0437462,-0.0938835,0.220295,0.205211,0.156249,0.037298,0.2,0.18,0,0.2,-0.18,0,-0.179377,0.169085,0.0935893,-0.2,-0.18,0
0.663,0.0436672,-0.0942008,0.220353,0.206788,0.15636,0.036424,0.2,0.18,0,0.2,-0.18,0,-0.179191,0.168986,0.0940286,-0.2,-0.18,0
0.664,0.0435878,-0.094518,0.220412,0.208371,0.156467,0.0355406,0.2,0.18,0,0.2,-0.18,0,-0.179003,0.168887,0.0944638,-0.2,-0.18,0
0.665,0.0435079,-0.0948351,0.220471,0.20996,0.156571,0.0346481,0.2,0.18,0,0.2,-0.18,0,-0.178815,0.168787,0.0948947,-0.2,-0.18,0
0.666,0.0434277,-0.095152,0.220532,0.211554,0.15667,0.0337468,0.2,0.18,0,0.2,-0.18,0,-0.178626,0.168687,0.0953213,-0.2,-0.18,0
0.667,0.0433472,-0.0954689,0.220593,0.213154,0.156765,0.0328369,0.2,0.18,0,0.2,-0.18,0,-0.178436,0.168587,0.0957436,-0.2,-0.18,0
0.668,0.0432662,-0.0957856,0.220654,0.214759,0.156856,0.0319187,0.2,0.18,0,0.2,-0.18,0,-0.178245,0.168486,0.0961616,-0.2,-0.18,0
0.669,0.043185,-0.0961022,0.220717,0.216368,0.156943,0.0309922,0.2,0.18,0,0.2,-0.18,0,-0.178054,0.168385,0.0965751,-0.2,-0.18,0
0.67,0.0431033,-0.0964186,0.22078,0.217982,0.157027,0.0300579,0.2,0.18,0,0.2,-0.18,0,-0.177862,0.168283,0.0969841,-0.2,-0.18,0
0.671,0.0430214,-0.0967349,0.220843,0.2196,0.157105,0.0291159,0.2,0.18,0,0.2,-0.18,0,-0.177669,0.168181,0.0973885,-0.2,-0.18,0
0.672,0.0429391,-0.0970509,0.220908,0.221222,0.15718,0.0281665,0.2,0.18,0,0.2,-0.18,0,-0.177475,0.168078,0.0977883,-0.2,-0.18,0
0.673,0.0428566,-0.0973668,0.220973,0.222848,0.157251,0.0272099,0.2,0.18,0,0.2,-0.18,0,-0.17728,0.167975,0.0981834,-0.2,-0.18,0
0.674,0.0427737,-0.0976825,0.221038,0.224477,0.157318,0.0262464,0.2,0.18,0,0.2,-0.18,0,-0.177085,0.167872,0.0985738,-0.2,-0.18,0
0.675,0.0426906,-0.097998,0.221104,0.226109,0.15738,0.0252761,0.2,0.18,0,0.2,-0.18,0,-0.176889,0.167768,0.0989594,-0.2,-0.18,0
0.676,0.0426071,-0.0983132,0.221171,0.227744,0.157438,0.0242993,0.2,0.18,0,0.2,-0.18,0,-0.176693,0.167664,0.0993402,-0.2,-0.18,0
0.677,0.0425235,-0.0986283,0.221239,0.229381,0.157493,0.0233163,0.2,0.18,0,0.2,-0.18,0,-0.176495,0.16756,0.099716,-0.2,-0.18,0
0.678,0.0424395,-0.098943,0.221307,0.231021,0.157543,0.0223272,0.2,0.18,0,0.2,-0.18,0,-0.176297,0.167455,0.100087,-0.2,-0.18,0
0.679,0.0423554,-0.0992575,0.221375,0.232662,0.157588,0.0213324,0.2,0.18,0,0.2,-0.18,0,-0.176098,0.16735,0.100453,-0.2,-0.18,0
0.68,0.042271,-0.0995718,0.221444,0.234305,0.15763,0.0203321,0.2,0.18,0,0.2,-0.18,0,-0.175898,0.167244,0.100814,-0.2,-0.18,0
0.681,0.0421864,-0.0998857,0.221514,0.23595,0.157668,0.0193264,0.2,0.18,0,0.2,-0.18,0,-0.175697,0.167138,0.101169,-0.2,-0.18,0
0.682,0.0421016,-0.100199,0.221584,0.237596,0.157701,0.0183157,0.2,0.18,0,0.2,-0.18,0,-0.175496,0.167031,0.10152,-0.2,-0.18,0
0.683,0.0420166,-0.100513,0.221655,0.239243,0.15773,0.0173001,0.2,0.18,0,0.2,-0.18,0,-0.175294,0.166924,0.101865,-0.2,-0.18,0
0.684,0.0419315,-0.100826,0.221726,0.24089,0.157754,0.0162799,0.2,0.18,0,0.2,-0.18,0,-0.175091,0.166817,0.102205,-0.2,-0.18,0
0.685,0.0418461,-0.101139,0.221798,0.242537,0.157775,0.0152554,0.2,0.18,0,0.2,-0.18,0,-0.174888,0.166709,0.102539,-0.2,-0.18,0
0.686,0.0417606,-0.101451,0.22187,0.244185,0.157791,0.0142267,0.2,0.18,0,0.2,-0.18,0,-0.174684,0.166601,0.102868,-0.2,-0.18,0
0.687,0.041675,-0.101763,0.221943,0.245833,0.157803,0.0131941,0.2,0.18,0,0.2,-0.18,0,-0.174479,0.166493,0.103192,-0.2,-0.18,0
0.688,0.0415892,-0.102075,0.222016,0.247479,0.157811,0.0121579,0.2,0.18,0,0.2,-0.18,0,-0.174273,0.166384,0.10351,-0.2,-0.18,0
0.689,0.0415033,-0.102386,0.22209,0.249126,0.157814,0.0111182,0.2,0.18,0,0.2,-0.18,0,-0.174066,0.166274,0.103822,-0.2,-0.18,0
0.69,0.0414173,-0.102697,0.222164,0.250771,0.157813,0.0100754,0.2,0.18,0,0.2,-0.18,0,-0.173859,0.166165,0.104129,-0.2,-0.18,0
0.691,0.0413312,-0.103007,0.222238,0.252414,0.157808,0.00902962,0.2,0.18,0,0.2,-0.18,0,-0.173651,0.166055,0.10443,-0.2,-0.18,0
0.692,0.041245,-0.103317,0.222313,0.254056,0.157799,0.00798112,0.2,0.18,0,0.2,-0.18,0,-0.173442,0.165944,0.104725,-0.2,-0.18,0
0.693,0.0411587,-0.103627,0.222388,0.255697,0.157785,0.00693014,0.2,0.18,0,0.2,-0.18,0,-0.173233,0.165833,0.105015,-0.2,-0.18,0
0.694,0.0410724,-0.103936,0.222464,0.257335,0.157766,0.00587691,0.2,0.18,0,0.2,-0.18,0,-0.173023,0.165722,0.105298,-0.2,-0.18,0
0.695,0.040986,-0.104245,0.22254,0.258971,0.157744,0.00482168,0.2,0.18,0,0.2,-0.18,0,-0.172812,0.16561,0.105576,-0.2,-0.18,0
0.696,0.0408996,-0.104554,0.222617,0.260603,0.157717,0.00376467,0.2,0.18,0,0.2,-0.18,0,-0.1726,0.165498,0.105847,-0.2,-0.18,0
0.697,0.0408131,-0.104861,0.222693,0.262233,0.157686,0.00270612,0.2,0.18,0,0.2,-0.18,0,-0.172387,0.165386,0.106113,-0.2,-0.18,0
0.698,0.0407266,-0.105169,0.222771,0.26386,0.15765,0.00164628,0.2,0.18,0,0.2,-0.18,0,-0.172174,0.165273,0.106372,-0.2,-0.18,0
0.699,0.0406401,-0.105476,0.222848,0.265483,0.15761,0.000585364,0.2,0.18,0,0.2,-0.18,0,-0.17196,0.16516,0.106626,-0.2,-0.18,0
0.7,0.0405537,-0.105782,0.222926,0.267103,0.157565,-0.000476378,0.2,0.18,0,0.2,-0.18,0,-0.171746,0.165046,0.106873,-0.2,-0.18,0
0.701,0.0404672,-0.106088,0.223004,0.268718,0.157516,-0.00153871,0.2,0.18,0,0.2,-0.18,0,-0.17153,0.164932,0.107113,-0.2,-0.18,0
0.702,0.0403807,-0.106394,0.223083,0.270329,0.157463,-0.00260141,0.2,0.18,0,0.2,-0.18,0,-0.171314,0.164818,0.107347,-0.2,-0.18,0
0.703,0.0402943,-0.106698,0.223161,0.271936,0.157405,-0.00366423,0.2,0.18,0,0.2,-0.18,0,-0.171097,0.164703,0.107575,-0.2,-0.18,0
0.704,0.0402079,-0.107003,0.22324,0.273538,0.157342,-0.00472695,0.2,0.18,0,0.2,-0.18,0,-0.170879,0.164588,0.107797,-0.2,-0.18,0
0.705,0.0401216,-0.107307,0.22332,0.275134,0.157275,-0.00578932,0.2,0.18,0,0.2,-0.18,0,-0.170661,0.164472,0.108012,-0.2,-0.18,0
0.706,0.0400353,-0.10761,0.223399,0.276726,0.157203,-0.00685111,0.2,0.18,0,0.2,-0.18,0,-0.170442,0.164356,0.10822,-0.2,-0.18,0
0.707,0.0399491,-0.107912,0.223479,0.278312,0.157127,-0.00791208,0.2,0.18,0,0.2,-0.18,0,-0.170222,0.16424,0.108422,-0.2,-0.18,0
0.708,0.0398629,-0.108214,0.223559,0.279893,0.157046,-0.00897201,0.2,0.18,0,0.2,-0.18,0,-0.170002,0.164123,0.108617,-0.2,-0.18,0
0.709,0.0397768,-0.108516,0.223639,0.281468,0.15696,-0.0100307,0.2,0.18,0,0.2,-0.18,0,-0.169781,0.164006,0.108805,-0.2,-0.18,0
0.71,0.0396908,-0.108817,0.22372,0.283036,0.156869,-0.0110878,0.2,0.18,0,0.2,-0.18,0,-0.169559,0.163889,0.108986,-0.2,-0.18,0
0.711,0.039605,-0.109117,0.223801,0.284599,0.156774,-0.0121432,0.2,0.18,0,0.2,-0.18,0,-0.169336,0.163771,0.109161,-0.2,-0.18,0
0.712,0.0395192,-0.109417,0.223882,0.286155,0.156674,-0.0131966,0.2,0.18,0,0.2,-0.18,0,-0.169112,0.163652,0.109328,-0.2,-0.18,0
0.713,0.0394335,-0.109716,0.223963,0.287704,0.156568,-0.0142477,0.2,0.18,0,0.2,-0.18,0,-0.168888,0.163534,0.109489,-0.2,-0.18,0
0.714,0.039348,-0.110014,0.224044,0.289246,0.156458,-0.0152965,0.2,0.18,0,0.2,-0.18,0,-0.168663,0.163415,0.109642,-0.2,-0.18,0
0.715,0.0392625,-0.110312,0.224126,0.290781,0.156343,-0.0163425,0.2,0.18,0,0.2,-0.18,0,-0.168438,0.163295,0.109789,-0.2,-0.18,0
0.716,0.0391772,-0.110609,0.224207,0.292308,0.156223,-0.0173856,0.2,0.18,0,0.2,-0.18,0,-0.168211,0.163176,0.109928,-0.2,-0.18,0
0.717,0.0390921,-0.110906,0.224289,0.293828,0.156098,-0.0184255,0.2,0.18,0,0.2,-0.18,0,-0.167984,0.163055,0.11006,-0.2,-0.18,0
0.718,0.0390071,-0.111202,0.224371,0.295341,0.155968,-0.0194621,0.2,0.18,0,0.2,-0.18,0,-0.167757,0.162935,0.110184,-0.2,-0.18,0
0.719,0.0389223,-0.111497,0.224453,0.296845,0.155833,-0.020495,0.2,0.18,0,0.2,-0.18,0,-0.167528,0.162814,0.110302,-0.2,-0.18,0
0.72,0.0388376,-0.111791,0.224535,0.29834,0.155693,-0.0215241,0.2,0.18,0,0.2,-0.18,0,-0.167299,0.162693,0.110412,-0.2,-0.18,0
0.721,0.0387532,-0.112085,0.224617,0.299828,0.155547,-0.0225491,0.2,0.18,0,0.2,-0.18,0,-0.167069,0.162571,0.110514,-0.2,-0.18,0
0.722,0.0386689,-0.112378,0.2247,0.301306,0.155396,-0.0235697,0.2,0.18,0,0.2,-0.18,0,-0.166838,0.162449,0.110609,-0.2,-0.18,0
0.723,0.0385848,-0.11267,0.224782,0.302776,0.15524,-0.0245858,0.2,0.18,0,0.2,-0.18,0,-0.166607,0.162327,0.110697,-0.2,-0.18,0
0.724,0.0385009,-0.112962,0.224865,0.304236,0.155079,-0.025597,0.2,0.18,0,0.2,-0.18,0,-0.166375,0.162204,0.110776,-0.2,-0.18,0
0.725,0.0384172,-0.113253,0.224947,0.305687,0.154912,-0.0266033,0.2,0.18,0,0.2,-0.18,0,-0.166142,0.162081,0.110849,-0.2,-0.18,0
0.726,0.0383337,-0.113543,0.22503,0.307128,0.15474,-0.0276042,0.2,0.18,0,0.2,-0.18,0,-0.165909,0.161957,0.110913,-0.2,-0.18,0
0.727,0.0382505,-0.113832,0.225113,0.30856,0.154563,-0.0285997,0.2,0.18,0,0.2,-0.18,0,-0.165675,0.161833,0.110969,-0.2,-0.18,0
0.728,0.0381675,-0.114121,0.225196,0.309981,0.15438,-0.0295894,0.2,0.18,0,0.2,-0.18,0,-0.16544,0.161709,0.111018,-0.2,-0.18,0
0.729,0.0380847,-0.114409,0.225278,0.311392,0.154191,-0.0305732,0.2,0.18,0,0.2,-0.18,0,-0.165204,0.161584,0.111059,-0.2,-0.18,0
0.73,0.0380022,-0.114696,0.225361,0.312793,0.153997,-0.0315507,0.2,0.18,0,0.2,-0.18,0,-0.164968,0.161459,0.111092,-0.2,-0.18,0
0.731,0.03792,-0.114982,0.225444,0.314183,0.153798,-0.0325218,0.2,0.18,0,0.2,-0.18,0,-0.164731,0.161333,0.111116,-0.2,-0.18,0
0.732,0.037838,-0.115268,0.225527,0.315562,0.153593,-0.0334862,0.2,0.18,0,0.2,-0.18,0,-0.164493,0.161208,0.111133,-0.2,-0.18,0
0.733,0.0377563,-0.115553,0.22561,0.31693,0.153382,-0.0344437,0.2,0.18,0,0.2,-0.18,0,-0.164255,0.161081,0.111141,-0.2,-0.18,0
0.734,0.0376749,-0.115837,0.225693,0.318286,0.153166,-0.0353941,0.2,0.18,0,0.2,-0.18,0,-0.164016,0.160955,0.111142,-0.2,-0.18,0
0.735,0.0375937,-0.11612,0.225775,0.319631,0.152944,-0.0363371,0.2,0.18,0,0.2,-0.18,0,-0.163777,0.160829,0.111134,-0.2,-0.18,0
0.736,0.0375129,-0.116402,0.225858,0.320964,0.152716,-0.0372724,0.2,0.18,0,0.2,-0.18,0,-0.163539,0.160703,0.111118,-0.2,-0.18,0
0.737,0.0374324,-0.116683,0.225941,0.322285,0.152482,-0.0382,0.2,0.18,0,0.2,-0.18,0,-0.163302,0.160577,0.111093,-0.2,-0.18,0
0.738,0.0373522,-0.116964,0.226023,0.323593,0.152243,-0.0391194,0.2,0.18,0,0.2,-0.18,0,-0.163066,0.160452,0.111061,-0.2,-0.18,0
0.739,0.0372723,-0.117243,0.226106,0.324889,0.151997,-0.0400305,0.2,0.18,0,0.2,-0.18,0,-0.16283,0.160328,0.111021,-0.2,-0.18,0
0.74,0.0371928,-0.117522,0.226188,0.326172,0.151746,-0.0409331,0.2,0.18,0,0.2,-0.18,0,-0.162595,0.160203,0.110973,-0.2,-0.18,0
0.741,0.0371136,-0.1178,0.226271,0.327443,0.151489,-0.0418268,0.2,0.18,0,0.2,-0.18,0,-0.162361,0.160079,0.110917,-0.2,-0.18,0
0.742,0.0370347,-0.118077,0.226353,0.3287,0.151226,-0.0427116,0.2,0.18,0,0.2,-0.18,0,-0.162128,0.159956,0.110853,-0.2,-0.18,0
0.743,0.0369562,-0.118353,0.226435,0.329944,0.150956,-0.0435871,0.2,0.18,0,0.2,-0.18,0,-0.161895,0.159833,0.110781,-0.2,-0.18,0
0.744,0.0368781,-0.118629,0.226517,0.331174,0.150681,-0.0444531,0.2,0.18,0,0.2,-0.18,0,-0.161663,0.15971,0.110702,-0.2,-0.18,0
0.745,0.0368003,-0.118903,0.226599,0.33239,0.1504,-0.0453094,0.2,0.18,0,0.2,-0.18,0,-0.161431,0.159587,0.110615,-0.2,-0.18,0
0.746,0.036723,-0.119176,0.226681,0.333593,0.150112,-0.0461557,0.2,0.18,0,0.2,-0.18,0,-0.161201,0.159465,0.110521,-0.2,-0.18,0
0.747,0.036646,-0.119449,0.226762,0.334781,0.149819,-0.0469918,0.2,0.18,0,0.2,-0.18,0,-0.160971,0.159343,0.110419,-0.2,-0.18,0
0.748,0.0365694,-0.11972,0.226844,0.335954,0.149519,-0.0478175,0.2,0.18,0,0.2,-0.18,0,-0.160741,0.159222,0.110309,-0.2,-0.18,0
0.749,0.0364932,-0.119991,0.226925,0.337113,0.149213,-0.0486325,0.2,0.18,0,0.2,-0.18,0,-0.160513,0.159101,0.110192,-0.2,-0.18,0
0.75,0.0364175,-0.120261,0.227006,0.338257,0.148901,-0.0494366,0.2,0.18,0,0.2,-0.18,0,-0.160285,0.158981,0.110068,-0.2,-0.18,0
0.751,0.0363421,-0.120529,0.227087,0.339386,0.148582,-0.0502296,0.2,0.18,0,0.2,-0.18,0,-0.160058,0.15886,0.109937,-0.2,-0.18,0
0.752,0.0362672,-0.120797,0.227167,0.340499,0.148257,-0.0510113,0.2,0.18,0,0.2,-0.18,0,-0.159832,0.158741,0.109798,-0.2,-0.18,0
0.753,0.0361928,-0.121064,0.227248,0.341597,0.147926,-0.0517813,0.2,0.18,0,0.2,-0.18,0,-0.159606,0.158621,0.109652,-0.2,-0.18,0
0.754,0.0361188,-0.121329,0.227328,0.342678,0.147588,-0.0525395,0.2,0.18,0,0.2,-0.18,0,-0.159381,0.158502,0.109499,-0.2,-0.18,0
0.755,0.0360452,-0.121594,0.227408,0.343744,0.147244,-0.0532856,0.2,0.18,0,0.2,-0.18,0,-0.159157,0.158383,0.109339,-0.2,-0.18,0
0.756,0.0359721,-0.121858,0.227488,0.344794,0.146893,-0.0540194,0.2,0.18,0,0.2,-0.18,0,-0.158933,0.158265,0.109172,-0.2,-0.18,0
0.757,0.0358995,-0.12212,0.227567,0.345827,0.146535,-0.0547406,0.2,0.18,0,0.2,-0.18,0,-0.158711,0.158147,0.108998,-0.2,-0.18,0
0.758,0.0358274,-0.122382,0.227646,0.346843,0.146171,-0.0554491,0.2,0.18,0,0.2,-0.18,0,-0.158489,0.15803,0.108817,-0.2,-0.18,0
0.759,0.0357557,-0.122642,0.227725,0.347842,0.145801,-0.0561446,0.2,0.18,0,0.2,-0.18,0,-0.158267,0.157913,0.108629,-0.2,-0.18,0
0.76,0.0356846,-0.122902,0.227804,0.348825,0.145424,-0.0568268,0.2,0.18,0,0.2,-0.18,0,-0.158047,0.157796,0.108435,-0.2,-0.18,0
0.761,0.0356139,-0.12316,0.227882,0.349789,0.14504,-0.0574956,0.2,0.18,0,0.2,-0.18,0,-0.157827,0.15768,0.108233,-0.2,-0.18,0
0.762,0.0355438,-0.123418,0.22796,0.350737,0.144649,-0.0581506,0.2,0.18,0,0.2,-0.18,0,-0.157608,0.157564,0.108026,-0.2,-0.18,0
0.763,0.0354742,-0.123674,0.228038,0.351666,0.144252,-0.0587917,0.2,0.18,0,0.2,-0.18,0,-0.157389,0.157448,0.107811,-0.2,-0.18,0
0.764,0.0354051,-0.123929,0.228115,0.352577,0.143848,-0.0594186,0.2,0.18,0,0.2,-0.18,0,-0.157172,0.157333,0.10759,-0.2,-0.18,0
0.765,0.0353366,-0.124183,0.228192,0.35347,0.143437,-0.0600311,0.2,0.18,0,0.2,-0.18,0,-0.156955,0.157218,0.107363,-0.2,-0.18,0
0.766,0.0352686,-0.124436,0.228269,0.354345,0.143019,-0.060629,0.2,0.18,0,0.2,-0.18,0,-0.156739,0.157104,0.107129,-0.2,-0.18,0
0.767,0.0352011,-0.124688,0.228345,0.355201,0.142594,-0.0612119,0.2,0.18,0,0.2,-0.18,0,-0.156523,0.15699,0.106889,-0.2,-0.18,0
0.768,0.0351343,-0.124939,0.228421,0.356037,0.142162,-0.0617797,0.2,0.18,0,0.2,-0.18,0,-0.156308,0.156876,0.106642,-0.2,-0.18,0
0.769,0.035068,-0.125189,0.228497,0.356855,0.141723,-0.0623322,0.2,0.18,0,0.2,-0.18,0,-0.156094,0.156763,0.106389,-0.2,-0.18,0
0.77,0.0350022,-0.125437,0.228572,0.357653,0.141278,-0.0628691,0.2,0.18,0,0.2,-0.18,0,-0.155881,0.15665,0.10613,-0.2,-0.18,0
0.771,0.0349371,-0.125684,0.228647,0.358432,0.140825,-0.0633902,0.2,0.18,0,0.2,-0.18,0,-0.155669,0.156537,0.105865,-0.2,-0.18,0
0.772,0.0348725,-0.12593,0.228721,0.359191,0.140365,-0.0638952,0.2,0.18,0,0.2,-0.18,0,-0.155457,0.156425,0.105594,-0.2,-0.18,0
0.773,0.0348086,-0.126175,0.228795,0.35993,0.139898,-0.0643839,0.2,0.18,0,0.2,-0.18,0,-0.155246,0.156314,0.105317,-0.2,-0.18,0
0.774,0.0347453,-0.126419,0.228869,0.360648,0.139423,-0.064856,0.2,0.18,0,0.2,-0.18,0,-0.155036,0.156202,0.105034,-0.2,-0.18,0
0.775,0.0346826,-0.126662,0.228942,0.361347,0.138942,-0.0653115,0.2,0.18,0,0.2,-0.18,0,-0.154826,0.156091,0.104745,-0.2,-0.18,0
0.776,0.0346205,-0.126903,0.229014,0.362024,0.138453,-0.0657499,0.2,0.18,0,0.2,-0.18,0,-0.154617,0.155981,0.10445,-0.2,-0.18,0
0.777,0.0345591,-0.127143,0.229087,0.36268,0.137957,-0.0661711,0.2,0.18,0,0.2,-0.18,0,-0.154409,0.155871,0.104149,-0.2,-0.18,0
0.778,0.0344983,-0.127382,0.229158,0.363316,0.137453,-0.0665748,0.2,0.18,0,0.2,-0.18,0,-0.154202,0.155761,0.103843,-0.2,-0.18,0
0.779,0.0344381,-0.12762,0.229229,0.36393,0.136943,-0.0669608,0.2,0.18,0,0.2,-0.18,0,-0.153995,0.155652,0.103531,-0.2,-0.18,0
0.78,0.0343786,-0.127857,0.2293,0.364522,0.136424,-0.0673289,0.2,0.18,0,0.2,-0.18,0,-0.15379,0.155543,0.103213,-0.2,-0.18,0
0.781,0.0343198,-0.128092,0.22937,0.365092,0.135899,-0.0676788,0.2,0.18,0,0.2,-0.18,0,-0.153584,0.155434,0.10289,-0.2,-0.18,0
0.782,0.0342617,-0.128326,0.22944,0.365641,0.135366,-0.0680103,0.2,0.18,0,0.2,-0.18,0,-0.15338,0.155326,0.102561,-0.2,-0.18,0
0.783,0.0342042,-0.128559,0.229509,0.366167,0.134825,-0.0683232,0.2,0.18,0,0.2,-0.18,0,-0.153177,0.155218,0.102227,-0.2,-0.18,0
0.784,0.0341475,-0.12879,0.229578,0.366671,0.134277,-0.0686171,0.2,0.18,0,0.2,-0.18,0,-0.152974,0.155111,0.101887,-0.2,-0.18,0
0.785,0.0340914,-0.12902,0.229646,0.367151,0.133721,-0.068892,0.2,0.18,0,0.2,-0.18,0,-0.152772,0.155004,0.101543,-0.2,-0.18,0
0.786,0.0340361,-0.129249,0.229714,0.367609,0.133157,-0.0691476,0.2,0.18,0,0.2,-0.18,0,-0.15257,0.154897,0.101192,-0.2,-0.18,0
0.787,0.0339815,-0.129477,0.229781,0.368044,0.132586,-0.0693835,0.2,0.18,0,0.2,-0.18,0,-0.15237,0.154791,0.100837,-0.2,-0.18,0
0.788,0.0339276,-0.129703,0.229847,0.368456,0.132008,-0.0695997,0.2,0.18,0,0.2,-0.18,0,-0.15217,0.154686,0.100477,-0.2,-0.18,0
0.789,0.0338744,-0.129928,0.229913,0.368844,0.131421,-0.0697958,0.2,0.18,0,0.2,-0.18,0,-0.151971,0.15458,0.100111,-0.2,-0.18,0
0.79,0.033822,-0.130152,0.229978,0.369208,0.130827,-0.0699716,0.2,0.18,0,0.2,-0.18,0,-0.151773,0.154475,0.0997406,-0.2,-0.18,0
0.791,0.0337703,-0.130374,0.230043,0.369548,0.130224,-0.0701269,0.2,0.18,0,0.2,-0.18,0,-0.151575,0.154371,0.0993651,-0.2,-0.18,0
0.792,0.0337194,-0.130595,0.230107,0.369864,0.129614,-0.0702614,0.2,0.18,0,0.2,-0.18,0,-0.151378,0.154267,0.0989847,-0.2,-0.18,0
0.793,0.0336693,-0.130815,0.23017,0.370155,0.128996,-0.070375,0.2,0.18,0,0.2,-0.18,0,-0.151182,0.154163,0.0985994,-0.2,-0.18,0
0.794,0.0336199,-0.131033,0.230233,0.370421,0.12837,-0.0704674,0.2,0.18,0,0.2,-0.18,0,-0.150987,0.154059,0.0982093,-0.2,-0.18,0
0.795,0.0335714,-0.13125,0.230295,0.370663,0.127737,-0.0705383,0.2,0.18,0,0.2,-0.18,0,-0.150792,0.153957,0.0978145,-0.2,-0.18,0
0.796,0.0335236,-0.131465,0.230356,0.37088,0.127095,-0.0705875,0.2,0.18,0,0.2,-0.18,0,-0.150599,0.153854,0.097415,-0.2,-0.18,0
0.797,0.0334766,-0.131679,0.230417,0.371071,0.126445,-0.0706147,0.2,0.18,0,0.2,-0.18,0,-0.150406,0.153752,0.0970108,-0.2,-0.18,0
0.798,0.0334304,-0.131892,0.230477,0.371236,0.125787,-0.0706199,0.2,0.18,0,0.2,-0.18,0,-0.150214,0.15365,0.0966021,-0.2,-0.18,0
0.799,0.0333851,-0.132103,0.230537,0.371376,0.125121,-0.0706026,0.2,0.18,0,0.2,-0.18,0,-0.150022,0.153549,0.096189,-0.2,-0.18,0
0.8,0.0333405,-0.132313,0.230596,0.371489,0.124446,-0.0705627,0.2,0.18,0,0.2,-0.18,0,-0.149831,0.153448,0.0957713,-0.2,-0.18,0
0.801,0.0332968,-0.132522,0.230654,0.371577,0.123764,-0.0705,0.2,0.18,0,0.2,-0.18,0,-0.149641,0.153347,0.0953493,-0.2,-0.18,0
0.802,0.0332539,-0.132729,0.230711,0.371639,0.123073,-0.0704149,0.2,0.18,0,0.2,-0.18,0,-0.149452,0.153247,0.0949229,-0.2,-0.18,0
0.803,0.0332119,-0.132934,0.230768,0.371675,0.122375,-0.0703075,0.2,0.18,0,0.2,-0.18,0,-0.149264,0.153148,0.0944923,-0.2,-0.18,0
0.804,0.0331707,-0.133138,0.230824,0.371686,0.121669,-0.0701784,0.2,0.18,0,0.2,-0.18,0,-0.149076,0.153048,0.0940574,-0.2,-0.18,0
0.805,0.0331303,-0.133341,0.230879,0.371672,0.120955,-0.0700277,0.2,0.18,0,0.2,-0.18,0,-0.14889,0.152949,0.0936184,-0.2,-0.18,0
0.806,0.0330908,-0.133542,0.230933,0.371634,0.120233,-0.069856,0.2,0.18,0,0.2,-0.18,0,-0.148703,0.152851,0.0931753,-0.2,-0.18,0
0.807,0.033052,-0.133742,0.230987,0.371572,0.119505,-0.0696635,0.2,0.18,0,0.2,-0.18,0,-0.148518,0.152753,0.0927281,-0.2,-0.18,0
0.808,0.0330141,-0.133941,0.231041,0.371487,0.118769,-0.0694505,0.2,0.18,0,0.2,-0.18,0,-0.148334,0.152655,0.092277,-0.2,-0.18,0
0.809,0.0329771,-0.134137,0.231093,0.371378,0.118026,-0.0692175,0.2,0.18,0,0.2,-0.18,0,-0.14815,0.152558,0.0918219,-0.2,-0.18,0
0.81,0.0329408,-0.134333,0.231145,0.371247,0.117276,-0.0689647,0.2,0.18,0,0.2,-0.18,0,-0.147967,0.152461,0.091363,-0.2,-0.18,0
0.811,0.0329054,-0.134527,0.231196,0.371093,0.116519,-0.0686926,0.2,0.18,0,0.2,-0.18,0,-0.147785,0.152365,0.0909002,-0.2,-0.18,0
0.812,0.0328708,-0.13472,0.231247,0.370917,0.115755,-0.0684014,0.2,0.18,0,0.2,-0.18,0,-0.147603,0.152269,0.0904337,-0.2,-0.18,0
0.813,0.032837,-0.134911,0.231297,0.37072,0.114985,-0.0680916,0.2,0.18,0,0.2,-0.18,0,-0.147423,0.152173,0.0899635,-0.2,-0.18,0
0.814,0.032804,-0.135101,0.231346,0.370501,0.114209,-0.0677634,0.2,0.18,0,0.2,-0.18,0,-0.147243,0.152078,0.0894897,-0.2,-0.18,0
0.815,0.0327718,-0.135289,0.231395,0.370262,0.113426,-0.0674172,0.2,0.18,0,0.2,-0.18,0,-0.147064,0.151983,0.0890123,-0.2,-0.18,0
0.816,0.0327405,-0.135476,0.231443,0.370002,0.112638,-0.0670534,0.2,0.18,0,0.2,-0.18,0,-0.146886,0.151889,0.0885313,-0.2,-0.18,0
0.817,0.0327099,-0.135662,0.23149,0.369722,0.111843,-0.0666723,0.2,0.18,0,0.2,-0.18,0,-0.146708,0.151795,0.0880469,-0.2,-0.18,0
0.818,0.0326802,-0.135846,0.231537,0.369422,0.111042,-0.0662743,0.2,0.18,0,0.2,-0.18,0,-0.146531,0.151701,0.0875591,-0.2,-0.18,0
0.819,0.0326513,-0.136029,0.231584,0.369103,0.110236,-0.0658596,0.2,0.18,0,0.2,-0.18,0,-0.146355,0.151608,0.087068,-0.2,-0.18,0
0.82,0.0326232,-0.13621,0.231629,0.368765,0.109424,-0.0654287,0.2,0.18,0,0.2,-0.18,0,-0.14618,0.151515,0.0865735,-0.2,-0.18,0
0.821,0.0325959,-0.13639,0.231674,0.368409,0.108607,-0.064982,0.2,0.18,0,0.2,-0.18,0,-0.146006,0.151423,0.0860759,-0.2,-0.18,0
0.822,0.0325694,-0.136568,0.231719,0.368034,0.107785,-0.0645196,0.2,0.18,0,0.2,-0.18,0,-0.145832,0.151331,0.085575,-0.2,-0.18,0
0.823,0.0325438,-0.136745,0.231763,0.367642,0.106957,-0.0640421,0.2,0.18,0,0.2,-0.18,0,-0.145659,0.15124,0.0850711,-0.2,-0.18,0
0.824,0.0325189,-0.13692,0.231806,0.367233,0.106125,-0.0635497,0.2,0.18,6.06596e-07,0.2,-0.18,0,-0.145487,0.151149,0.0845641,-0.2,-0.18,0
0.825,0.0324948,-0.137094,0.231848,0.366806,0.105287,-0.0630428,0.2,0.18,3.92607e-06,0.2,-0.18,0,-0.145316,0.151058,0.084054,-0.2,-0.18,0
0.826,0.0324716,-0.137267,0.231891,0.366363,0.104445,-0.0625217,0.200001,0.179999,1.01245e-05,0.2,-0.18,0,-0.145146,0.150968,0.0835411,-0.2,-0.18,0
0.827,0.0324491,-0.137438,0.231932,0.365904,0.103598,-0.0619869,0.200002,0.179998,1.91868e-05,0.2,-0.18,0,-0.144976,0.150878,0.0830253,-0.2,-0.18,0
0.828,0.0324274,-0.137608,0.231973,0.365429,0.102747,-0.0614385,0.200003,0.179997,3.10977e-05,0.2,-0.18,0,-0.144807,0.150789,0.0825066,-0.2,-0.18,0
0.829,0.0324066,-0.137776,0.232014,0.364938,0.101892,-0.0608771,0.200004,0.179996,4.58419e-05,0.2,-0.18,0,-0.144639,0.1507,0.0819852,-0.2,-0.18,0
0.83,0.0323865,-0.137943,0.232053,0.364433,0.101032,-0.0603029,0.200006,0.179995,6.34043e-05,0.2,-0.18,0,-0.144472,0.150611,0.081461,-0.2,-0.18,0
0.831,0.0323672,-0.138108,0.232093,0.363912,0.100169,-0.0597163,0.200007,0.179993,8.37696e-05,0.2,-0.18,0,-0.144306,0.150523,0.0809342,-0.2,-0.18,0
0.832,0.0323488,-0.138272,0.232132,0.363378,0.0993014,-0.0591176,0.200009,0.179991,0.000106923,0.2,-0.18,0,-0.14414,0.150436,0.0804048,-0.2,-0.18,0
0.833,0.0323311,-0.138435,0.23217,0.36283,0.0984303,-0.0585072,0.200012,0.179989,0.000132848,0.2,-0.18,0,-0.143975,0.150348,0.0798729,-0.2,-0.18,0
0.834,0.0323142,-0.138596,0.232208,0.362268,0.0975555,-0.0578854,0.200014,0.179986,0.000161531,0.2,-0.18,0,-0.143811,0.150262,0.0793385,-0.2,-0.18,0
0.835,0.0322981,-0.138756,0.232245,0.361693,0.0966773,-0.0572526,0.200017,0.179984,0.000192956,0.2,-0.18,0,-0.143648,0.150175,0.0788017,-0.2,-0.18,0
0.836,0.0322828,-0.138914,0.232281,0.361106,0.0957958,-0.0566091,0.20002,0.179981,0.000227108,0.2,-0.18,0,-0.143485,0.150089,0.0782625,-0.2,-0.18,0
0.837,0.0322683,-0.139071,0.232318,0.360506,0.0949111,-0.0559553,0.200024,0.179978,0.000263971,0.2,-0.18,0,-0.143324,0.150004,0.077721,-0.2,-0.18,0
0.838,0.0322546,-0.139226,0.232353,0.359894,0.0940233,-0.0552915,0.200028,0.179974,0.000303531,0.2,-0.18,0,-0.143163,0.149919,0.0771773,-0.2,-0.18,0
0.839,0.0322416,-0.13938,0.232388,0.359271,0.0931327,-0.0546181,0.200032,0.17997,0.000345772,0.2,-0.18,0,-0.143003,0.149834,0.0766314,-0.2,-0.18,0
0.84,0.0322295,-0.139532,0.232423,0.358636,0.0922394,-0.0539353,0.200036,0.179966,0.000390679,0.2,-0.18,0,-0.142844,0.14975,0.0760833,-0.2,-0.18,0
0.841,0.0322181,-0.139683,0.232457,0.357991,0.0913434,-0.0532437,0.20004,0.179962,0.000438237,0.2,-0.18,0,-0.142685,0.149666,0.0755332,-0.2,-0.18,0
0.842,0.0322075,-0.139833,0.232491,0.357335,0.0904449,-0.0525435,0.200045,0.179957,0.00048843,0.2,-0.18,0,-0.142528,0.149582,0.0749811,-0.2,-0.18,0
0.843,0.0321977,-0.139981,0.232524,0.35667,0.0895441,-0.051835,0.20005,0.179953,0.000541244,0.2,-0.18,0,-0.142371,0.149499,0.074427,-0.2,-0.18,0
0.844,0.0321887,-0.140128,0.232557,0.355995,0.0886411,-0.0511186,0.200056,0.179948,0.000596663,0.2,-0.18,0,-0.142215,0.149417,0.073871,-0.2,-0.18,0
0.845,0.0321805,-0.140273,0.232589,0.35531,0.087736,-0.0503947,0.200062,0.179942,0.000654671,0.2,-0.18,0,-0.14206,0.149335,0.0733131,-0.2,-0.18,0
0.846,0.032173,-0.140417,0.232621,0.354617,0.0868291,-0.0496636,0.200068,0.179936,0.000715255,0.2,-0.18,0,-0.141905,0.149253,0.0727535,-0.2,-0.18,0
0.847,0.0321663,-0.140559,0.232652,0.353915,0.0859203,-0.0489257,0.200074,0.179931,0.000778398,0.2,-0.18,0,-0.141752,0.149172,0.0721922,-0.2,-0.18,0
0.848,0.0321604,-0.1407,0.232683,0.353206,0.0850099,-0.0481812,0.200081,0.179924,0.000844085,0.2,-0.18,0,-0.141599,0.149091,0.0716292,-0.2,-0.18,0
0.849,0.0321553,-0.14084,0.232714,0.352488,0.0840981,-0.0474306,0.200087,0.179918,0.000912301,0.2,-0.18,0,-0.141447,0.14901,0.0710646,-0.2,-0.18,0
0.85,0.0321509,-0.140978,0.232744,0.351764,0.0831848,-0.0466742,0.200095,0.179911,0.000983032,0.2,-0.18,0,-0.141296,0.14893,0.0704984,-0.2,-0.18,0
0.851,0.0321473,-0.141115,0.232773,0.351032,0.0822704,-0.0459124,0.200102,0.179904,0.00105626,0.2,-0.18,0,-0.141145,0.148851,0.0699308,-0.2,-0.18,0
0.852,0.0321445,-0.14125,0.232802,0.350294,0.0813548,-0.0451454,0.20011,0.179897,0.00113197,0.2,-0.18,0,-0.140996,0.148772,0.0693617,-0.2,-0.18,0
0.853,0.0321425,-0.141383,0.232831,0.34955,0.0804384,-0.0443737,0.200118,0.179889,0.00121015,0.2,-0.18,0,-0.140847,0.148693,0.0687912,-0.2,-0.18,0
0.854,0.0321412,-0.141516,0.232859,0.3488,0.0795211,-0.0435976,0.200127,0.179881,0.00129079,0.2,-0.18,0,-0.140699,0.148615,0.0682194,-0.2,-0.18,0
0.855,0.0321407,-0.141647,0.232887,0.348045,0.0786032,-0.0428174,0.200136,0.179873,0.00137386,0.2,-0.18,0,-0.140552,0.148537,0.0676464,-0.2,-0.18,0
0.856,0.0321409,-0.141776,0.232914,0.347285,0.0776847,-0.0420335,0.200145,0.179864,0.00145935,0.2,-0.18,0,-0.140406,0.14846,0.0670721,-0.2,-0.18,0
0.857,0.032142,-0.141904,0.232941,0.34652,0.0767659,-0.0412462,0.200154,0.179855,0.00154725,0.2,-0.18,0,-0.140261,0.148383,0.0664967,-0.2,-0.18,0
0.858,0.0321437,-0.14203,0.232968,0.345751,0.0758468,-0.040456,0.200164,0.179846,0.00163755,0.2,-0.18,0,-0.140116,0.148306,0.0659203,-0.2,-0.18,0
0.859,0.0321463,-0.142156,0.232994,0.344978,0.0749276,-0.039663,0.200174,0.179837,0.00173022,0.2,-0.18,0,-0.139972,0.14823,0.0653428,-0.2,-0.18,0
0.86,0.0321496,-0.142279,0.23302,0.344202,0.0740085,-0.0388678,0.200184,0.179827,0.00182525,0.2,-0.18,0,-0.13983,0.148154,0.0647643,-0.2,-0.18,0
0.861,0.0321537,-0.142401,0.233046,0.343423,0.0730895,-0.0380705,0.200195,0.179817,0.00192263,0.2,-0.18,0,-0.139687,0.148079,0.0641849,-0.2,-0.18,0
0.862,0.0321585,-0.142522,0.233071,0.342642,0.0721709,-0.0372716,0.200206,0.179806,0.00202234,0.2,-0.18,0,-0.139546,0.148004,0.0636046,-0.2,-0.18,0
0.863,0.0321641,-0.142641,0.233095,0.341858,0.0712527,-0.0364715,0.200218,0.179796,0.00212436,0.2,-0.18,0,-0.139406,0.14793,0.0630236,-0.2,-0.18,0
0.864,0.0321704,-0.142759,0.23312,0.341072,0.0703351,-0.0356704,0.200229,0.179785,0.00222869,0.2,-0.18,0,-0.139266,0.147856,0.0624418,-0.2,-0.18,0
0.865,0.0321775,-0.142876,0.233144,0.340284,0.0694183,-0.0348688,0.200241,0.179773,0.0023353,0.2,-0.18,0,-0.139127,0.147783,0.0618594,-0.2,-0.18,0
0.866,0.0321854,-0.142991,0.233167,0.339496,0.0685023,-0.0340669,0.200254,0.179762,0.00244418,0.2,-0.18,0,-0.138989,0.14771,0.0612763,-0.2,-0.18,0
0.867,0.032194,-0.143104,0.233191,0.338707,0.0675874,-0.0332651,0.200267,0.179749,0.00255532,0.2,-0.18,0,-0.138852,0.147637,0.0606926,-0.2,-0.18,0
0.868,0.0322033,-0.143216,0.233213,0.337918,0.0666736,-0.0324638,0.20028,0.179737,0.0026687,0.2,-0.18,0,-0.138716,0.147565,0.0601085,-0.2,-0.18,0
0.869,0.0322134,-0.143327,0.233236,0.337128,0.0657611,-0.0316634,0.200293,0.179725,0.0027843,0.2,-0.18,0,-0.13858,0.147493,0.0595239,-0.2,-0.18,0
0.87,0.0322243,-0.143436,0.233258,0.33634,0.06485,-0.030864,0.200307,0.179712,0.00290211,0.2,-0.18,0,-0.138446,0.147422,0.0589389,-0.2,-0.18,0
0.871,0.0322359,-0.143544,0.23328,0.335552,0.0639405,-0.0300662,0.200321,0.179698,0.00302212,0.2,-0.18,0,-0.138312,0.147351,0.0583535,-0.2,-0.18,0
0.872,0.0322482,-0.14365,0.233302,0.334765,0.0630328,-0.0292703,0.200336,0.179685,0.0031443,0.2,-0.18,0,-0.138179,0.147281,0.0577679,-0.2,-0.18,0
0.873,0.0322613,-0.143755,0.233323,0.33398,0.0621268,-0.0284765,0.200351,0.179671,0.00326865,0.2,-0.18,0,-0.138047,0.147211,0.0571821,-0.2,-0.18,0
0.874,0.0322751,-0.143858,0.233344,0.333197,0.0612229,-0.0276853,0.200366,0.179656,0.00339515,0.2,-0.18,0,-0.137916,0.147141,0.0565961,-0.2,-0.18,0
0.875,0.0322897,-0.14396,0.233364,0.332416,0.0603211,-0.026897,0.200381,0.179642,0.00352378,0.2,-0.18,0,-0.137785,0.147072,0.05601,-0.2,-0.18,0
0.876,0.0323051,-0.144061,0.233385,0.331639,0.0594216,-0.026112,0.200397,0.179626,0.00365453,0.2,-0.18,0,-0.137656,0.147004,0.0554239,-0.2,-0.18,0
0.877,0.0323211,-0.14416,0.233405,0.330864,0.0585245,-0.0253305,0.200414,0.179611,0.00378739,0.2,-0.18,0,-0.137527,0.146936,0.0548378,-0.2,-0.18,0
0.878,0.0323379,-0.144257,0.233425,0.330093,0.0576299,-0.024553,0.200431,0.179595,0.00392233,0.2,-0.18,0,-0.137399,0.146868,0.0542518,-0.2,-0.18,0
0.879,0.0323555,-0.144353,0.233444,0.329326,0.0567381,-0.0237798,0.200448,0.179579,0.00405934,0.2,-0.18,0,-0.137272,0.146801,0.0536658,-0.2,-0.18,0
0.88,0.0323737,-0.144448,0.233463,0.328563,0.0558491,-0.0230112,0.200465,0.179563,0.00419841,0.2,-0.18,0,-0.137146,0.146734,0.0530801,-0.2,-0.18,0
0.881,0.0323928,-0.144541,0.233482,0.327805,0.054963,-0.0222477,0.200483,0.179546,0.00433952,0.2,-0.18,0,-0.13702,0.146667,0.0524947,-0.2,-0.18,0
0.882,0.0324125,-0.144633,0.233501,0.327052,0.0540801,-0.0214894,0.200501,0.179529,0.00448266,0.2,-0.18,0,-0.136896,0.146602,0.0519095,-0.2,-0.18,0
0.883,0.032433,-0.144723,0.233519,0.326305,0.0532004,-0.0207369,0.20052,0.179512,0.00462781,0.2,-0.18,0,-0.136772,0.146536,0.0513247,-0.2,-0.18,0
0.884,0.0324542,-0.144812,0.233537,0.325563,0.0523241,-0.0199904,0.200539,0.179494,0.00477496,0.2,-0.18,0,-0.136649,0.146471,0.0507403,-0.2,-0.18,0
0.885,0.0324761,-0.1449,0.233555,0.324828,0.0514513,-0.0192502,0.200558,0.179475,0.00492409,0.2,-0.18,0,-0.136527,0.146407,0.0501564,-0.2,-0.18,0
0.886,0.0324988,-0.144986,0.233572,0.3241,0.0505822,-0.0185168,0.200578,0.179457,0.00507519,0.2,-0.18,0,-0.136406,0.146342,0.049573,-0.2,-0.18,0
0.887,0.0325222,-0.14507,0.23359,0.323378,0.0497169,-0.0177905,0.200598,0.179438,0.00522823,0.2,-0.18,0,-0.136286,0.146279,0.0489902,-0.2,-0.18,0
0.888,0.0325463,-0.145153,0.233607,0.322664,0.0488555,-0.0170716,0.200619,0.179419,0.00538322,0.2,-0.18,0,-0.136166,0.146216,0.0484081,-0.2,-0.18,0
0.889,0.0325712,-0.145235,0.233624,0.321958,0.0479983,-0.0163605,0.20064,0.179399,0.00554012,0.2,-0.18,0,-0.136048,0.146153,0.0478267,-0.2,-0.18,0
0.89,0.0325968,-0.145315,0.23364,0.32126,0.0471453,-0.0156575,0.200661,0.179379,0.00569893,0.2,-0.18,0,-0.13593,0.14609,0.047246,-0.2,-0.18,0
0.891,0.0326231,-0.145394,0.233657,0.320571,0.0462966,-0.014963,0.200683,0.179358,0.00585962,0.2,-0.18,0,-0.135813,0.146029,0.0466662,-0.2,-0.18,0
0.892,0.0326501,-0.145471,0.233673,0.31989,0.0454524,-0.0142773,0.200705,0.179338,0.0060222,0.2,-0.18,0,-0.135697,0.145967,0.0460873,-0.2,-0.18,0
0.893,0.0326779,-0.145547,0.233689,0.319219,0.0446129,-0.0136008,0.200727,0.179316,0.00618663,0.2,-0.18,0,-0.135582,0.145906,0.0455093,-0.2,-0.18,0
0.894,0.0327063,-0.145621,0.233704,0.318558,0.0437782,-0.0129338,0.20075,0.179295,0.00635291,0.2,-0.18,0,-0.135468,0.145846,0.0449323,-0.2,-0.18,0
0.895,0.0327355,-0.145694,0.23372,0.317907,0.0429484,-0.0122766,0.200774,0.179273,0.00652101,0.2,-0.18,0,-0.135354,0.145786,0.0443563,-0.2,-0.18,0
0.896,0.0327654,-0.145765,0.233735,0.317267,0.0421237,-0.0116297,0.200798,0.179251,0.00669093,0.2,-0.18,0,-0.135242,0.145726,0.0437815,-0.2,-0.18,0
0.897,0.032796,-0.145835,0.23375,0.316637,0.0413042,-0.0109933,0.200822,0.179228,0.00686265,0.2,-0.18,0,-0.13513,0.145667,0.0432079,-0.2,-0.18,0
0.898,0.0328274,-0.145904,0.233765,0.316019,0.04049,-0.0103679,0.200846,0.179205,0.00703615,0.2,-0.18,0,-0.135019,0.145608,0.0426355,-0.2,-0.18,0
0.899,0.0328594,-0.145971,0.23378,0.315413,0.0396813,-0.00975366,0.200871,0.179181,0.00721142,0.2,-0.18,0,-0.134909,0.14555,0.0420643,-0.2,-0.18,0
0.9,0.0328922,-0.146037,0.233795,0.314818,0.0388783,-0.00915107,0.200897,0.179157,0.00738845,0.2,-0.18,0,-0.1348,0.145492,0.0414945,-0.2,-0.18,0
0.901,0.0329256,-0.146101,0.233809,0.314236,0.038081,-0.00856037,0.200923,0.179133,0.00756721,0.2,-0.18,0,-0.134691,0.145435,0.0409262,-0.2,-0.18,0
0.902,0.0329598,-0.146163,0.233823,0.313667,0.0372894,-0.00798166,0.200949,0.179108,0.00774769,0.2,-0.18,0,-0.134584,0.145378,0.0403593,-0.2,-0.18,0
0.903,0.0329947,-0.146225,0.233838,0.31311,0.0365038,-0.00741498,0.200976,0.179083,0.00792988,0.2,-0.18,0,-0.134477,0.145322,0.0397939,-0.2,-0.18,0
0.904,0.0330303,-0.146285,0.233851,0.312565,0.035724,-0.00686035,0.201003,0.179057,0.00811377,0.2,-0.18,0,-0.134372,0.145266,0.0392301,-0.2,-0.18,0
0.905,0.0330665,-0.146343,0.233865,0.312033,0.0349501,-0.00631782,0.201031,0.179032,0.00829933,0.2,-0.18,0,-0.134267,0.14521,0.0386679,-0.2,-0.18,0
0.906,0.0331035,-0.1464,0.233879,0.311514,0.0341822,-0.00578741,0.201059,0.179005,0.00848655,0.2,-0.18,0,-0.134163,0.145155,0.0381074,-0.2,-0.18,0
0.907,0.0331412,-0.146455,0.233892,0.311006,0.0334203,-0.00526917,0.201087,0.178978,0.00867542,0.2,-0.18,0,-0.13406,0.145101,0.0375487,-0.2,-0.18,0
0.908,0.0331795,-0.146509,0.233906,0.310512,0.0326644,-0.00476312,0.201116,0.178951,0.00886592,0.2,-0.18,0,-0.133958,0.145047,0.0369918,-0.2,-0.18,0
0.909,0.0332185,-0.146562,0.233919,0.31003,0.0319146,-0.0042693,0.201145,0.178924,0.00905804,0.2,-0.18,0,-0.133856,0.144993,0.0364367,-0.2,-0.18,0
0.91,0.0332582,-0.146613,0.233932,0.30956,0.031171,-0.00378775,0.201175,0.178896,0.00925175,0.2,-0.18,0,-0.133756,0.14494,0.0358836,-0.2,-0.18,0
0.911,0.0332985,-0.146663,0.233944,0.309103,0.0304334,-0.00331849,0.201205,0.178867,0.00944706,0.2,-0.18,0,-0.133656,0.144887,0.0353325,-0.2,-0.18,0
0.912,0.0333395,-0.146711,0.233957,0.308658,0.0297021,-0.00286158,0.201236,0.178838,0.00964393,0.2,-0.18,0,-0.133558,0.144835,0.0347834,-0.2,-0.18,0
0.913,0.0333812,-0.146757,0.23397,0.308226,0.028977,-0.00241703,0.201267,0.178809,0.00984236,0.2,-0.18,0,-0.13346,0.144783,0.0342364,-0.2,-0.18,0
0.914,0.0334235,-0.146803,0.233982,0.307807,0.0282582,-0.00198489,0.201299,0.178779,0.0100423,0.2,-0.18,0,-0.133363,0.144732,0.0336916,-0.2,-0.18,0
0.915,0.0334665,-0.146847,0.233994,0.3074,0.0275456,-0.00156518,0.201331,0.178749,0.0102438,0.2,-0.18,0,-0.133267,0.144681,0.033149,-0.2,-0.18,0
0.916,0.0335102,-0.146889,0.234006,0.307005,0.0268395,-0.00115795,0.201363,0.178719,0.0104468,0.2,-0.18,0,-0.133172,0.144631,0.0326086,-0.2,-0.18,0
0.917,0.0335544,-0.14693,0.234018,0.306623,0.0261397,-0.000763224,0.201396,0.178688,0.0106513,0.2,-0.18,0,-0.133077,0.144581,0.0320706,-0.2,-0.18,0
0.918,0.0335993,-0.14697,0.23403,0.306253,0.0254463,-0.000381042,0.20143,0.178656,0.0108573,0.2,-0.18,0,-0.132984,0.144531,0.031535,-0.2,-0.18,0
0.919,0.0336449,-0.147008,0.234041,0.305896,0.0247594,-1.14369e-05,0.201464,0.178624,0.0110647,0.2,-0.18,0,-0.132891,0.144482,0.0310019,-0.2,-0.18,0
0.92,0.0336911,-0.147044,0.234053,0.305551,0.024079,0.000345556,0.201498,0.178592,0.0112736,0.2,-0.18,0,-0.1328,0.144434,0.0304712,-0.2,-0.18,0
0.921,0.0337379,-0.14708,0.234064,0.305219,0.0234052,0.000689903,0.201533,0.178559,0.011484,0.2,-0.18,0,-0.132709,0.144386,0.0299431,-0.2,-0.18,0
0.922,0.0337853,-0.147113,0.234075,0.304899,0.0227379,0.00102157,0.201568,0.178526,0.0116957,0.2,-0.18,0,-0.132619,0.144338,0.0294177,-0.2,-0.18,0
0.923,0.0338333,-0.147146,0.234086,0.304592,0.0220773,0.00134052,0.201604,0.178493,0.0119088,0.2,-0.18,0,-0.13253,0.144291,0.0288949,-0.2,-0.18,0
0.924,0.033882,-0.147177,0.234097,0.304297,0.0214233,0.00164672,0.20164,0.178459,0.0121234,0.2,-0.18,0,-0.132442,0.144244,0.0283748,-0.2,-0.18,0
0.925,0.0339313,-0.147206,0.234108,0.304015,0.020776,0.00194014,0.201677,0.178424,0.0123393,0.2,-0.18,0,-0.132354,0.144198,0.0278576,-0.2,-0.18,0
0.926,0.0339811,-0.147234,0.234119,0.303745,0.0201355,0.00222073,0.201714,0.178389,0.0125565,0.2,-0.18,0,-0.132268,0.144152,0.0273432,-0.2,-0.18,0
0.927,0.0340316,-0.147261,0.234129,0.303488,0.0195017,0.00248847,0.201752,0.178354,0.0127752,0.2,-0.18,0,-0.132183,0.144107,0.0268317,-0.2,-0.18,0
0.928,0.0340827,-0.147286,0.234139,0.303243,0.0188747,0.00274333,0.20179,0.178318,0.0129951,0.2,-0.18,0,-0.132098,0.144062,0.0263232,-0.2,-0.18,0
0.929,0.0341344,-0.147309,0.23415,0.303011,0.0182546,0.00298526,0.201829,0.178281,0.0132163,0.2,-0.18,0,-0.132014,0.144018,0.0258177,-0.2,-0.18,0
0.93,0.0341866,-0.147332,0.23416,0.302791,0.0176414,0.00321423,0.201868,0.178245,0.0134389,0.2,-0.18,0,-0.131932,0.143974,0.0253153,-0.2,-0.18,0
0.931,0.0342395,-0.147353,0.23417,0.302584,0.0170351,0.00343021,0.201908,0.178207,0.0136627,0.2,-0.18,0,-0.13185,0.143931,0.024816,-0.2,-0.18,0
0.932,0.0342929,-0.147372,0.23418,0.302389,0.0164358,0.00363316,0.201948,0.178169,0.0138878,0.2,-0.18,0,-0.131769,0.143888,0.02432,-0.2,-0.18,0
0.933,0.0343469,-0.14739,0.234189,0.302207,0.0158435,0.00382306,0.201989,0.178131,0.0141141,0.2,-0.18,0,-0.131689,0.143846,0.0238272,-0.2,-0.18,0
0.934,0.0344014,-0.147406,0.234199,0.302037,0.0152583,0.00399985,0.20203,0.178093,0.0143417,0.2,-0.18,0,-0.131609,0.143804,0.0233377,-0.2,-0.18,0
0.935,0.0344566,-0.147422,0.234208,0.30188,0.0146801,0.00416352,0.202072,0.178053,0.0145705,0.2,-0.18,0,-0.131531,0.143762,0.0228516,-0.2,-0.18,0
0.936,0.0345123,-0.147435,0.234218,0.301735,0.0141091,0.00431401,0.202114,0.178014,0.0148005,0.2,-0.18,0,-0.131454,0.143721,0.022369,-0.2,-0.18,0
0.937,0.0345685,-0.147448,0.234227,0.301603,0.0135452,0.00445131,0.202156,0.177974,0.0150317,0.2,-0.18,0,-0.131377,0.143681,0.0218898,-0.2,-0.18,0
0.938,0.0346253,-0.147458,0.234236,0.301483,0.0129886,0.00457538,0.2022,0.177933,0.0152641,0.2,-0.18,0,-0.131301,0.143641,0.0214142,-0.2,-0.18,0
0.939,0.0346827,-0.147468,0.234245,0.301376,0.0124391,0.00468617,0.202243,0.177892,0.0154976,0.2,-0.18,0,-0.131227,0.143601,0.0209422,-0.2,-0.18,0
0.94,0.0347406,-0.147476,0.234254,0.301281,0.011897,0.00478366,0.202287,0.17785,0.0157323,0.2,-0.18,0,-0.131153,0.143562,0.0204738,-0.2,-0.18,0
0.941,0.034799,-0.147482,0.234263,0.301199,0.0113622,0.00486782,0.202332,0.177808,0.0159681,0.2,-0.18,0,-0.13108,0.143524,0.0200092,-0.2,-0.18,0
0.942,0.034858,-0.147487,0.234272,0.301129,0.0108347,0.00493859,0.202377,0.177766,0.016205,0.2,-0.18,0,-0.131008,0.143485,0.0195483,-0.2,-0.18,0
0.943,0.0349175,-0.147491,0.23428,0.301072,0.0103147,0.00499597,0.202423,0.177723,0.016443,0.2,-0.18,0,-0.130937,0.143448,0.0190913,-0.2,-0.18,0
0.944,0.0349776,-0.147493,0.234289,0.301027,0.00980204,0.00503989,0.20247,0.177679,0.0166821,0.2,-0.18,0,-0.130867,0.143411,0.0186382,-0.2,-0.18,0
0.945,0.0350381,-0.147494,0.234297,0.300995,0.00929689,0.00507035,0.202516,0.177635,0.0169222,0.2,-0.18,0,-0.130797,0.143374,0.0181891,-0.2,-0.18,0
0.946,0.0350992,-0.147494,0.234305,0.300975,0.00879927,0.00508729,0.202564,0.177591,0.0171635,0.2,-0.18,0,-0.130729,0.143338,0.017744,-0.2,-0.18,0
0.947,0.0351608,-0.147492,0.234313,0.300968,0.00830919,0.00509068,0.202612,0.177546,0.0174057,0.2,-0.18,0,-0.130661,0.143302,0.0173029,-0.2,-0.18,0
0.948,0.035223,-0.147488,0.234321,0.300973,0.00782671,0.00508049,0.20266,0.1775,0.017649,0.2,-0.18,0,-0.130595,0.143267,0.016866,-0.2,-0.18,0
0.949,0.0352856,-0.147483,0.234329,0.300991,0.00735187,0.00505669,0.202709,0.177454,0.0178933,0.2,-0.18,0,-0.130529,0.143232,0.0164332,-0.2,-0.18,0
0.95,0.0353487,-0.147477,0.234337,0.301021,0.00688469,0.00501924,0.202758,0.177408,0.0181386,0.2,-0.18,0,-0.130465,0.143198,0.0160047,-0.2,-0.18,0
0.951,0.0354123,-0.14747,0.234345,0.301064,0.00642523,0.0049681,0.202808,0.177361,0.0183848,0.2,-0.18,0,-0.130401,0.143164,0.0155805,-0.2,-0.18,0
0.952,0.0354765,-0.14746,0.234353,0.301119,0.00597351,0.00490325,0.202859,0.177313,0.018632,0.2,-0.18,0,-0.130338,0.143131,0.0151607,-0.2,-0.18,0
0.953,0.0355411,-0.14745,0.23436,0.301187,0.00552958,0.00482464,0.20291,0.177265,0.0188802,0.2,-0.18,0,-0.130276,0.143098,0.0147453,-0.2,-0.18,0
0.954,0.0356062,-0.147438,0.234368,0.301267,0.00509348,0.00473224,0.202962,0.177217,0.0191293,0.2,-0.18,0,-0.130215,0.143066,0.0143344,-0.2,-0.18,0
0.955,0.0356718,-0.147425,0.234375,0.30136,0.00466524,0.00462602,0.203014,0.177168,0.0193793,0.2,-0.18,0,-0.130155,0.143034,0.013928,-0.2,-0.18,0
0.956,0.0357378,-0.14741,0.234382,0.301465,0.00424491,0.00450594,0.203067,0.177118,0.0196302,0.2,-0.18,0,-0.130095,0.143002,0.0135262,-0.2,-0.18,0
0.957,0.0358044,-0.147394,0.23439,0.301583,0.00383253,0.00437197,0.20312,0.177068,0.019882,0.2,-0.18,0,-0.130037,0.142972,0.013129,-0.2,-0.18,0
0.958,0.0358714,-0.147376,0.234397,0.301713,0.00342812,0.00422407,0.203174,0.177018,0.0201347,0.2,-0.18,0,-0.12998,0.142941,0.0127366,-0.2,-0.18,0
0.959,0.0359389,-0.147357,0.234404,0.301856,0.00303174,0.00406221,0.203228,0.176966,0.0203882,0.2,-0.18,0,-0.129923,0.142911,0.0123489,-0.2,-0.18,0
0.96,0.0360068,-0.147337,0.234411,0.302012,0.00264342,0.00388635,0.203283,0.176915,0.0206426,0.2,-0.18,0,-0.129867,0.142882,0.011966,-0.2,-0.18,0
0.961,0.0360752,-0.147315,0.234418,0.302179,0.0022632,0.00369646,0.203339,0.176863,0.0208978,0.2,-0.18,0,-0.129813,0.142853,0.0115881,-0.2,-0.18,0
0.962,0.036144,-0.147292,0.234424,0.30236,0.00189111,0.00349251,0.203395,0.17681,0.0211538,0.2,-0.18,0,-0.129759,0.142824,0.011215,-0.2,-0.18,0
0.963,0.0362133,-0.147267,0.234431,0.302553,0.00152721,0.00327446,0.203452,0.176757,0.0214106,0.2,-0.18,0,-0.129706,0.142797,0.010847,-0.2,-0.18,0
0.964,0.0362831,-0.147241,0.234438,0.302758,0.00117152,0.00304227,0.203509,0.176703,0.0216682,0.2,-0.18,0,-0.129654,0.142769,0.010484,-0.2,-0.18,0
0.965,0.0363532,-0.147214,0.234444,0.302976,0.000824082,0.00279591,0.203567,0.176648,0.0219265,0.2,-0.18,0,-0.129603,0.142742,0.0101262,-0.2,-0.18,0
0.966,0.0364238,-0.147185,0.234451,0.303206,0.00048494,0.00253535,0.203625,0.176594,0.0221856,0.2,-0.18,0,-0.129553,0.142716,0.00977348,-0.2,-0.18,0
0.967,0.0364949,-0.147154,0.234457,0.303449,0.000154132,0.00226055,0.203684,0.176538,0.0224454,0.2,-0.18,0,-0.129504,0.14269,0.00942603,-0.2,-0.18,0
0.968,0.0365664,-0.147123,0.234464,0.303704,-0.000168305,0.00197148,0.203744,0.176482,0.0227059,0.2,-0.18,0,-0.129456,0.142664,0.00908386,-0.2,-0.18,0
0.969,0.0366383,-0.14709,0.23447,0.303972,-0.000482331,0.0016681,0.203804,0.176426,0.0229672,0.2,-0.18,0,-0.129409,0.142639,0.00874704,-0.2,-0.18,0
0.97,0.0367106,-0.147055,0.234476,0.304253,-0.000787907,0.00135038,0.203864,0.176369,0.0232291,0.2,-0.18,0,-0.129363,0.142615,0.00841563,-0.2,-0.18,0
0.971,0.0367833,-0.147019,0.234482,0.304546,-0.001085,0.00101828,0.203926,0.176311,0.0234917,0.2,-0.18,0,-0.129317,0.142591,0.00808968,-0.2,-0.18,0
0.972,0.0368564,-0.146982,0.234488,0.304851,-0.00137356,0.000671769,0.203988,0.176253,0.023755,0.2,-0.18,0,-0.129273,0.142567,0.00776925,-0.2,-0.18,0
0.973,0.03693,-0.146943,0.234494,0.305169,-0.00165355,0.000310812,0.20405,0.176194,0.0240189,0.2,-0.18,0,-0.129229,0.142544,0.0074544,-0.2,-0.18,0
0.974,0.0370039,-0.146903,0.2345,0.3055,-0.00192494,-6.46255e-05,0.204113,0.176135,0.0242834,0.2,-0.18,0,-0.129187,0.142522,0.00714519,-0.2,-0.18,0
0.975,0.0370783,-0.146862,0.234506,0.305843,-0.00218768,-0.000454579,0.204177,0.176075,0.0245486,0.2,-0.18,0,-0.129145,0.1425,0.00684167,-0.2,-0.18,0
0.976,0.037153,-0.146819,0.234512,0.306198,-0.00244174,-0.000859082,0.204241,0.176015,0.0248143,0.2,-0.18,0,-0.129104,0.142478,0.00654391,-0.2,-0.18,0
0.977,0.0372281,-0.146774,0.234518,0.306566,-0.00268708,-0.00127817,0.204306,0.175954,0.0250806,0.2,-0.18,0,-0.129065,0.142457,0.00625195,-0.2,-0.18,0
0.978,0.0373037,-0.146729,0.234523,0.306947,-0.00292366,-0.00171188,0.204371,0.175892,0.0253475,0.2,-0.18,0,-0.129026,0.142436,0.00596586,-0.2,-0.18,0
0.979,0.0373795,-0.146682,0.234529,0.30734,-0.00315144,-0.00216024,0.204438,0.17583,0.0256149,0.2,-0.18,0,-0.128988,0.142416,0.0056857,-0.2,-0.18,0
0.98,0.0374558,-0.146633,0.234534,0.307745,-0.00337038,-0.00262329,0.204504,0.175767,0.0258829,0.2,-0.18,0,-0.128951,0.142397,0.00541153,-0.2,-0.18,0
0.981,0.0375325,-0.146583,0.23454,0.308163,-0.00358044,-0.00310106,0.204571,0.175704,0.0261514,0.2,-0.18,0,-0.128915,0.142378,0.0051434,-0.2,-0.18,0
0.982,0.0376095,-0.146532,0.234545,0.308594,-0.00378159,-0.00359359,0.204639,0.17564,0.0264204,0.2,-0.18,0,-0.12888,0.142359,0.00488136,-0.2,-0.18,0
0.983,0.0376868,-0.146479,0.234551,0.309037,-0.00397378,-0.00410091,0.204708,0.175576,0.0266899,0.2,-0.18,0,-0.128846,0.142341,0.00462549,-0.2,-0.18,0
0.984,0.0377646,-0.146425,0.234556,0.309493,-0.00415698,-0.00462306,0.204777,0.175511,0.0269599,0.2,-0.18,0,-0.128813,0.142324,0.00437583,-0.2,-0.18,0
0.985,0.0378427,-0.14637,0.234562,0.309961,-0.00433114,-0.00516007,0.204847,0.175446,0.0272303,0.2,-0.18,0,-0.128781,0.142307,0.00413245,-0.2,-0.18,0
0.986,0.0379211,-0.146313,0.234567,0.310442,-0.00449623,-0.00571198,0.204917,0.175379,0.0275012,0.2,-0.18,0,-0.128749,0.14229,0.00389539,-0.2,-0.18,0
0.987,0.0379999,-0.146254,0.234572,0.310935,-0.00465221,-0.00627882,0.204988,0.175313,0.0277725,0.2,-0.18,0,-0.128719,0.142274,0.00366473,-0.2,-0.18,0
0.988,0.038079,-0.146195,0.234577,0.31144,-0.00479904,-0.00686062,0.20506,0.175245,0.0280442,0.2,-0.18,0,-0.12869,0.142258,0.00344052,-0.2,-0.18,0
0.989,0.0381585,-0.146134,0.234583,0.311959,-0.00493668,-0.00745742,0.205132,0.175178,0.0283163,0.2,-0.18,0,-0.128661,0.142243,0.00322281,-0.2,-0.18,0
0.99,0.0382383,-0.146071,0.234588,0.312489,-0.00506509,-0.00806926,0.205205,0.175109,0.0285888,0.2,-0.18,0,-0.128634,0.142229,0.00301167,-0.2,-0.18,0
0.991,0.0383184,-0.146008,0.234593,0.313033,-0.00518423,-0.00869617,0.205278,0.17504,0.0288617,0.2,-0.18,0,-0.128607,0.142215,0.00280715,-0.2,-0.18,0
0.992,0.0383989,-0.145942,0.234598,0.313588,-0.00529407,-0.00933818,0.205352,0.17497,0.0291349,0.2,-0.18,0,-0.128582,0.142201,0.00260931,-0.2,-0.18,0
0.993,0.0384796,-0.145876,0.234603,0.314157,-0.00539457,-0.00999532,0.205427,0.1749,0.0294084,0.2,-0.18,0,-0.128557,0.142188,0.00241821,-0.2,-0.18,0
0.994,0.0385607,-0.145808,0.234608,0.314738,-0.00548568,-0.0106676,0.205503,0.174829,0.0296823,0.2,-0.18,0,-0.128533,0.142176,0.0022339,-0.2,-0.18,0
0.995,0.0386422,-0.145738,0.234613,0.315331,-0.00556737,-0.0113552,0.205579,0.174758,0.0299565,0.2,-0.18,0,-0.128511,0.142164,0.00205645,-0.2,-0.18,0
0.996,0.0387239,-0.145668,0.234618,0.315937,-0.0056396,-0.0120579,0.205655,0.174686,0.030231,0.2,-0.18,0,-0.128489,0.142152,0.0018859,-0.2,-0.18,0
0.997,0.0388059,-0.145595,0.234623,0.316555,-0.00570233,-0.012776,0.205733,0.174613,0.0305057,0.2,-0.18,0,-0.128468,0.142141,0.00172233,-0.2,-0.18,0
0.998,0.0388882,-0.145522,0.234627,0.317186,-0.00575552,-0.0135094,0.205811,0.17454,0.0307808,0.2,-0.18,0,-0.128448,0.142131,0.00156579,-0.2,-0.18,0
0.999,0.0389708,-0.145447,0.234632,0.31783,-0.00579913,-0.0142581,0.205889,0.174466,0.031056,0.2,-0.18,0,-0.128429,0.142121,0.00141633,-0.2,-0.18,0
1,0.0390537,-0.145371,0.234637,0.318486,-0.00583312,-0.0150222,0.205969,0.174391,0.0313315,0.2,-0.18,0,-0.128412,0.142111,0.00127402,-0.2,-0.18,0
1.001,0.0391369,-0.145293,0.234642,0.319154,-0.00585749,-0.0158016,0.206049,0.174316,0.0316072,0.2,-0.18,0,-0.128395,0.142102,0.0011389,-0.2,-0.18,0
1.002,0.0392204,-0.145214,0.234647,0.319835,-0.00587232,-0.0165961,0.206129,0.17424,0.0318831,0.2,-0.18,0,-0.128379,0.142094,0.00101105,-0.2,-0.18,0
1.003,0.0393042,-0.145133,0.234651,0.320527,-0.00587777,-0.0174054,0.206211,0.174164,0.0321592,0.2,-0.18,0,-0.128364,0.142086,0.000890515,-0.2,-0.18,0
1.004,0.0393882,-0.145052,0.234656,0.321231,-0.00587395,-0.0182292,0.206292,0.174087,0.0324355,0.2,-0.18,0,-0.12835,0.142078,0.000777355,-0.2,-0.18,0
1.005,0.0394725,-0.144968,0.234661,0.321946,-0.00586099,-0.019067,0.206375,0.174009,0.0327119,0.2,-0.18,0,-0.128336,0.142072,0.000671629,-0.2,-0.18,0
1.006,0.039557,-0.144884,0.234665,0.322671,-0.00583902,-0.0199186,0.206458,0.173931,0.0329885,0.2,-0.18,0,-0.128324,0.142065,0.000573394,-0.2,-0.18,0
1.007,0.0396418,-0.144798,0.23467,0.323407,-0.00580818,-0.0207837,0.206542,0.173852,0.0332652,0.2,-0.18,0,-0.128313,0.142059,0.000482708,-0.2,-0.18,0
1.008,0.0397269,-0.144711,0.234674,0.324153,-0.00576859,-0.021662,0.206627,0.173773,0.033542,0.2,-0.18,0,-0.128303,0.142054,0.00039963,-0.2,-0.18,0
1.009,0.0398122,-0.144622,0.234679,0.324908,-0.00572039,-0.022553,0.206712,0.173693,0.0338189,0.2,-0.18,0,-0.128294,0.142049,0.000324217,-0.2,-0.18,0
1.01,0.0398977,-0.144532,0.234683,0.325673,-0.00566369,-0.0234566,0.206798,0.173612,0.0340959,0.2,-0.18,0,-0.128286,0.142045,0.000256528,-0.2,-0.18,0
1.011,0.0399834,-0.144441,0.234688,0.326447,-0.00559864,-0.0243723,0.206885,0.17353,0.0343729,0.2,-0.18,0,-0.128278,0.142041,0.00019662,-0.2,-0.18,0
1.012,0.0400694,-0.144348,0.234692,0.327229,-0.00552537,-0.0252998,0.206972,0.173448,0.03465,0.2,-0.18,0,-0.128272,0.142037,0.00014455,-0.2,-0.18,0
1.013,0.0401556,-0.144254,0.234696,0.328019,-0.00544399,-0.0262388,0.20706,0.173366,0.0349271,0.2,-0.18,0,-0.128267,0.142035,0.000100379,-0.2,-0.18,0
1.014,0.040242,-0.144159,0.2347,0.328817,-0.00535465,-0.027189,0.207149,0.173282,0.0352043,0.2,-0.18,0,-0.128262,0.142032,6.41618e-05,-0.2,-0.18,0
1.015,0.0403286,-0.144062,0.234704,0.329622,-0.00525748,-0.0281501,0.207238,0.173198,0.0354814,0.2,-0.18,0,-0.128259,0.14203,3.59581e-05,-0.2,-0.18,0
1.016,0.0404154,-0.143964,0.234708,0.330434,-0.00515259,-0.0291217,0.207328,0.173114,0.0357586,0.2,-0.18,0,-0.128256,0.142029,1.58255e-05,-0.2,-0.18,0
1.017,0.0405024,-0.143865,0.234712,0.331253,-0.00504013,-0.0301036,0.207419,0.173028,0.0360357,0.2,-0.18,0,-0.128255,0.142028,3.82192e-06,-0.2,-0.18,0
1.018,0.0405896,-0.143764,0.234716,0.332079,-0.00492022,-0.0310953,0.20751,0.172943,0.0363127,0.2,-0.18,0,-0.128255,0.142028,-1.76672e-11,-0.2,-0.18,0
1.019,0.040677,-0.143662,0.23472,0.33291,-0.00479299,-0.0320965,0.207603,0.172856,0.0365897,0.2,-0.18,0,-0.128255,0.142028,-1.76672e-11,-0.2,-0.18,0
1.02,0.0407645,-0.143558,0.234723,0.333747,-0.00465857,-0.033107,0.207695,0.172769,0.0368667,0.2,-0.18,0,-0.128255,0.142028,-1.76672e-11,-0.2,-0.18,0
1.021,0.0408523,-0.143454,0.234727,0.334589,-0.00451709,-0.0341264,0.207789,0.172681,0.0371435,0.2,-0.18,0,-0.128255,0.142028,-1.76672e-11,-0.2,-0.18,0
1.022,0.0409401,-0.143348,0.23473,0.335436,-0.00436869,-0.0351544,0.207883,0.172592,0.0374203,0.2,-0.18,0,-0.128255,0.142028,-1.76672e-11,-0.2,-0.18,0
1.023,0.0410282,-0.14324,0.234733,0.336287,-0.00421349,-0.0361906,0.207978,0.172503,0.0376969,0.2,-0.18,0,-0.128255,0.142028,-1.76672e-11,-0.2,-0.18,0
1.024,0.0411164,-0.143132,0.234736,0.337142,-0.00405162,-0.0372348,0.208074,0.172413,0.0379734,0.2,-0.18,0,-0.128255,0.142028,-1.76672e-11,-0.2,-0.18,0
1.025,0.0412047,-0.143022,0.234739,0.338002,-0.00388321,-0.0382866,0.20817,0.172323,0.0382497,0.2,-0.18,0,-0.128255,0.142028,-1.76672e-11,-0.2,-0.18,0
1.026,0.0412932,-0.142911,0.234742,0.338864,-0.00370839,-0.0393456,0.208267,0.172231,0.0385259,0.2,-0.18,0,-0.128255,0.142028,-1.76672e-11,-0.2,-0.18,0
1.027,0.0413818,-0.142798,0.234745,0.33973,-0.0035273,-0.0404116,0.208365,0.172139,0.0388019,0.2,-0.18,0,-0.128255,0.142028,-1.76672e-11,-0.2,-0.18,0
1.028,0.0414706,-0.142684,0.234748,0.340598,-0.00334005,-0.0414842,0.208464,0.172047,0.0390777,0.2,-0.18,0,-0.128255,0.142028,-1.76672e-11,-0.2,-0.18,0
1.029,0.0415594,-0.142569,0.23475,0.341468,-0.00314679,-0.0425632,0.208563,0.171954,0.0393533,0.2,-0.18,0,-0.128255,0.142028,-1.76672e-11,-0.2,-0.18,0
1.03,0.0416484,-0.142453,0.234753,0.342341,-0.00294763,-0.0436481,0.208663,0.17186,0.0396287,0.2,-0.18,0,-0.128255,0.142028,-1.76672e-11,-0.2,-0.18,0
1.031,0.0417375,-0.142335,0.234755,0.343215,-0.00274272,-0.0447386,0.208763,0.171765,0.0399038,0.2,-0.18,0,-0.128255,0.142028,-1.76672e-11,-0.2,-0.18,0
1.032,0.0418267,-0.142216,0.234757,0.34409,-0.00253218,-0.0458345,0.208865,0.17167,0.0401787,0.2,-0.18,0,-0.128255,0.142028,-1.76672e-11,-0.2,-0.18,0
1.033,0.0419161,-0.142096,0.234759,0.344966,-0.00231614,-0.0469354,0.208967,0.171574,0.0404533,0.2,-0.18,0,-0.128255,0.142028,-1.76672e-11,-0.2,-0.18,0
1.034,0.0420055,-0.141974,0.23476,0.345842,-0.00209473,-0.0480409,0.20907,0.171477,0.0407276,0.2,-0.18,0,-0.128255,0.142028,-1.76672e-11,-0.2,-0.18,0
1.035,0.042095,-0.141851,0.234762,0.346719,-0.00186808,-0.0491508,0.209174,0.17138,0.0410016,0.2,-0.18,0,-0.128255,0.142028,-1.76672e-11,-0.2,-0.18,0
1.036,0.0421845,-0.141727,0.234764,0.347595,-0.00163632,-0.0502647,0.209278,0.171282,0.0412753,0.2,-0.18,0,-0.128255,0.142028,-1.76672e-11,-0.2,-0.18,0
1.037,0.0422742,-0.141602,0.234765,0.34847,-0.00139958,-0.0513824,0.209383,0.171183,0.0415487,0.2,-0.18,0,-0.128255,0.142028,-1.76672e-11,-0.2,-0.18,0
1.038,0.0423639,-0.141475,0.234766,0.349345,-0.00115799,-0.0525034,0.209489,0.171083,0.0418217,0.2,-0.18,0,-0.128255,0.142028,-1.76672e-11,-0.2,-0.18,0
1.039,0.0424537,-0.141347,0.234767,0.350218,-0.000911678,-0.0536274,0.209595,0.170983,0.0420944,0.2,-0.18,0,-0.128255,0.142028,-1.76672e-11,-0.2,-0.18,0
1.04,0.0425435,-0.141218,0.234767,0.351089,-0.000660778,-0.0547542,0.209703,0.170882,0.0423667,0.2,-0.18,0,-0.128255,0.142028,-1.76672e-11,-0.2,-0.18,0
1.041,0.0426334,-0.141088,0.234768,0.351958,-0.000405418,-0.0558833,0.209811,0.170781,0.0426385,0.2,-0.18,0,-0.128255,0.142028,-1.76672e-11,-0.2,-0.18,0
1.042,0.0427234,-0.140956,0.234768,0.352825,-0.000145727,-0.0570146,0.20992,0.170679,0.04291,0.2,-0.18,0,-0.128255,0.142028,-1.76672e-11,-0.2,-0.18,0
1.043,0.0428134,-0.140823,0.234769,0.353689,0.000118165,-0.0581475,0.210029,0.170576,0.0431811,0.2,-0.18,0,-0.128255,0.142028,-1.76672e-11,-0.2,-0.18,0
1.044,0.0429034,-0.140689,0.234769,0.35455,0.000386127,-0.0592819,0.210139,0.170472,0.0434517,0.2,-0.18,0,-0.128255,0.142028,-1.76672e-11,-0.2,-0.18,0
1.045,0.0429935,-0.140553,0.234768,0.355407,0.000658029,-0.0604174,0.210251,0.170368,0.0437219,0.2,-0.18,0,-0.128255,0.142028,-1.76672e-11,-0.2,-0.18,0
1.046,0.0430836,-0.140417,0.234768,0.35626,0.000933743,-0.0615537,0.210362,0.170263,0.0439916,0.2,-0.18,0,-0.128255,0.142028,-1.76672e-11,-0.2,-0.18,0
1.047,0.0431737,-0.140279,0.234767,0.357109,0.00121314,-0.0626904,0.210475,0.170157,0.0442608,0.2,-0.18,0,-0.128255,0.142028,-1.76672e-11,-0.2,-0.18,0
1.048,0.0432638,-0.140139,0.234766,0.357953,0.00149608,-0.0638272,0.210588,0.17005,0.0445295,0.2,-0.18,0,-0.128255,0.142028,-1.76672e-11,-0.2,-0.18,0
1.049,0.0433539,-0.139999,0.234765,0.358792,0.00178245,-0.0649638,0.210702,0.169943,0.0447977,0.2,-0.18,0,-0.128255,0.142028,-1.76672e-11,-0.2,-0.18,0
1.05,0.043444,-0.139857,0.234764,0.359625,0.00207211,-0.0660999,0.210817,0.169835,0.0450654,0.2,-0.18,0,-0.128255,0.142028,-1.76672e-11,-0.2,-0.18,0
1.051,0.0435341,-0.139715,0.234762,0.360453,0.00236493,-0.0672351,0.210933,0.169726,0.0453326,0.2,-0.18,0,-0.128255,0.142028,-1.76672e-11,-0.2,-0.18,0
1.052,0.0436242,-0.13957,0.234761,0.361275,0.00266078,-0.0683692,0.21105,0.169617,0.0455991,0.2,-0.18,0,-0.128255,0.142028,-1.76672e-11,-0.2,-0.18,0
1.053,0.0437143,-0.139425,0.234759,0.36209,0.00295953,-0.0695017,0.211167,0.169507,0.0458651,0.2,-0.18,0,-0.128255,0.142028,-1.76672e-11,-0.2,-0.18,0
1.054,0.0438044,-0.139279,0.234756,0.362899,0.00326106,-0.0706324,0.211285,0.169396,0.0461305,0.2,-0.18,0,-0.128255,0.142028,-1.76672e-11,-0.2,-0.18,0
1.055,0.0438944,-0.139131,0.234754,0.3637,0.00356522,-0.0717609,0.211404,0.169284,0.0463953,0.2,-0.18,0,-0.128255,0.142028,-1.76672e-11,-0.2,-0.18,0
1.056,0.0439844,-0.138982,0.234751,0.364493,0.0038719,-0.072887,0.211523,0.169172,0.0466595,0.2,-0.18,0,-0.128255,0.142028,-1.76672e-11,-0.2,-0.18,0
1.057,0.0440744,-0.138832,0.234748,0.365279,0.00418096,-0.0740102,0.211643,0.169059,0.0469231,0.2,-0.18,0,-0.128255,0.142028,-1.76672e-11,-0.2,-0.18,0
1.058,0.0441643,-0.13868,0.234745,0.366056,0.00449227,-0.0751303,0.211765,0.168945,0.047186,0.2,-0.18,0,-0.128255,0.142028,-1.76672e-11,-0.2,-0.18,0
1.059,0.0442542,-0.138528,0.234742,0.366824,0.00480571,-0.0762469,0.211886,0.16883,0.0474482,0.2,-0.18,0,-0.128255,0.142028,-1.76672e-11,-0.2,-0.18,0
1.06,0.044344,-0.138374,0.234738,0.367584,0.00512114,-0.0773598,0.212009,0.168715,0.0477097,0.2,-0.18,0,-0.128255,0.142028,-1.76672e-11,-0.2,-0.18,0
1.061,0.0444337,-0.138219,0.234734,0.368334,0.00543843,-0.0784685,0.212133,0.168599,0.0479706,0.2,-0.18,0,-0.128255,0.142028,-1.76672e-11,-0.2,-0.18,0
1.062,0.0445234,-0.138063,0.234729,0.369074,0.00575745,-0.0795728,0.212257,0.168482,0.0482307,0.2,-0.18,0,-0.128255,0.142028,-1.76672e-11,-0.2,-0.18,0
1.063,0.044613,-0.137905,0.234725,0.369804,0.00607807,-0.0806723,0.212382,0.168365,0.0484902,0.2,-0.18,0,-0.128255,0.142028,-1.76672e-11,-0.2,-0.18,0
1.064,0.0447025,-0.137747,0.23472,0.370523,0.00640017,-0.0817667,0.212508,0.168246,0.0487488,0.2,-0.18,0,-0.128255,0.142028,-1.76672e-11,-0.2,-0.18,0
1.065,0.0447919,-0.137587,0.234715,0.371232,0.00672361,-0.0828558,0.212635,0.168127,0.0490067,0.2,-0.18,0,-0.128255,0.142028,-1.76672e-11,-0.2,-0.18,0
1.066,0.0448813,-0.137426,0.23471,0.371929,0.00704827,-0.0839391,0.212762,0.168007,0.0492639,0.2,-0.18,0,-0.128255,0.142028,-1.76672e-11,-0.2,-0.18,0
1.067,0.0449705,-0.137264,0.234704,0.372615,0.007374,-0.0850163,0.212891,0.167887,0.0495202,0.2,-0.18,0,-0.128255,0.142028,-1.76672e-11,-0.2,-0.18,0
1.068,0.0450597,-0.137101,0.234698,0.373288,0.00770069,-0.0860871,0.21302,0.167765,0.0497758,0.2,-0.18,0,-0.128255,0.142028,-1.76672e-11,-0.2,-0.18,0
1.069,0.0451487,-0.136936,0.234692,0.37395,0.00802821,-0.0871512,0.21315,0.167643,0.0500305,0.2,-0.18,0,-0.128255,0.142028,-1.76672e-11,-0.2,-0.18,0
1.07,0.0452376,-0.136771,0.234685,0.374598,0.00835642,-0.0882083,0.21328,0.16752,0.0502844,0.2,-0.18,0,-0.128255,0.142028,-1.76672e-11,-0.2,-0.18,0
1.071,0.0453264,-0.136604,0.234678,0.375234,0.00868519,-0.089258,0.213412,0.167397,0.0505375,0.2,-0.18,0,-0.128255,0.142028,-1.76672e-11,-0.2,-0.18,0
1.072,0.0454151,-0.136436,0.234671,0.375856,0.00901439,-0.0903,0.213544,0.167272,0.0507897,0.2,-0.18,0,-0.128255,0.142028,-1.76672e-11,-0.2,-0.18,0
1.073,0.0455036,-0.136267,0.234663,0.376464,0.0093439,-0.0913339,0.213678,0.167147,0.051041,0.2,-0.18,0,-0.128255,0.142028,-1.76672e-11,-0.2,-0.18,0
1.074,0.045592,-0.136097,0.234655,0.377058,0.00967358,-0.0923596,0.213812,0.167021,0.0512914,0.2,-0.18,0,-0.128255,0.142028,-1.76672e-11,-0.2,-0.18,0
1.075,0.0456802,-0.135925,0.234647,0.377637,0.0100033,-0.0933765,0.213947,0.166894,0.0515409,0.2,-0.18,0,-0.128255,0.142028,-1.76672e-11,-0.2,-0.18,0
1.076,0.0457683,-0.135753,0.234639,0.378201,0.0103329,-0.0943845,0.214082,0.166767,0.0517895,0.2,-0.18,0,-0.128255,0.142028,-1.76672e-11,-0.2,-0.18,0
1.077,0.0458562,-0.135579,0.23463,0.378751,0.0106624,-0.0953832,0.214219,0.166639,0.0520371,0.2,-0.18,0,-0.128255,0.142028,-1.76672e-11,-0.2,-0.18,0
1.078,0.045944,-0.135404,0.234621,0.379284,0.0109915,-0.0963722,0.214356,0.16651,0.0522838,0.2,-0.18,0,-0.128255,0.142028,-1.76672e-11,-0.2,-0.18,0
1.079,0.0460316,-0.135228,0.234611,0.379801,0.0113201,-0.0973512,0.214494,0.16638,0.0525295,0.2,-0.18,0,-0.128255,0.142028,-1.76672e-11,-0.2,-0.18,0
1.08,0.046119,-0.135051,0.234601,0.380303,0.0116481,-0.0983199,0.214633,0.166249,0.0527742,0.2,-0.18,0,-0.128255,0.142028,-1.76672e-11,-0.2,-0.18,0
1.081,0.0462063,-0.134873,0.234591,0.380787,0.0119753,-0.099278,0.214773,0.166118,0.053018,0.2,-0.18,0,-0.128255,0.142028,-1.76672e-11,-0.2,-0.18,0
1.082,0.0462933,-0.134693,0.234581,0.381254,0.0123017,-0.100225,0.214914,0.165985,0.0532607,0.2,-0.18,0,-0.128255,0.142028,-1.76672e-11,-0.2,-0.18,0
1.083,0.0463802,-0.134513,0.23457,0.381704,0.0126271,-0.101161,0.215056,0.165852,0.0535024,0.2,-0.18,0,-0.128255,0.142028,-1.76672e-11,-0.2,-0.18,0
1.084,0.0464669,-0.134331,0.234559,0.382135,0.0129514,-0.102085,0.215198,0.165718,0.053743,0.2,-0.18,0,-0.128255,0.142028,-1.76672e-11,-0.2,-0.18,0
1.085,0.0465534,-0.134148,0.234547,0.382549,0.0132744,-0.102998,0.215341,0.165584,0.0539826,0.2,-0.18,0,-0.128255,0.142028,-1.76672e-11,-0.2,-0.18,0
1.086,0.0466396,-0.133964,0.234535,0.382944,0.0135961,-0.103898,0.215485,0.165448,0.0542211,0.2,-0.18,0,-0.128255,0.142028,-1.76672e-11,-0.2,-0.18,0
1.087,0.0467257,-0.133779,0.234523,0.38332,0.0139162,-0.104785,0.21563,0.165312,0.0544585,0.2,-0.18,0,-0.128255,0.142028,-1.76672e-11,-0.2,-0.18,0
1.088,0.0468115,-0.133593,0.23451,0.383677,0.0142347,-0.10566,0.215776,0.165175,0.0546948,0.2,-0.18,0,-0.128255,0.142028,-1.76672e-11,-0.2,-0.18,0
1.089,0.0468971,-0.133406,0.234497,0.384014,0.0145514,-0.106521,0.215923,0.165037,0.0549299,0.2,-0.18,0,-0.128255,0.142028,-1.76672e-11,-0.2,-0.18,0
1.09,0.0469824,-0.133217,0.234483,0.384331,0.0148662,-0.107369,0.216071,0.164899,0.055164,0.2,-0.18,0,-0.128255,0.142028,-1.76672e-11,-0.2,-0.18,0
1.091,0.0470676,-0.133028,0.234469,0.384627,0.0151789,-0.108203,0.216219,0.164759,0.0553968,0.2,-0.18,0,-0.128255,0.142028,-1.76672e-11,-0.2,-0.18,0
1.092,0.0471524,-0.132837,0.234455,0.384903,0.0154895,-0.109023,0.216368,0.164619,0.0556286,0.2,-0.18,0,-0.128255,0.142028,-1.76672e-11,-0.2,-0.18,0
1.093,0.0472371,-0.132646,0.23444,0.385158,0.0157978,-0.109828,0.216518,0.164478,0.0558591,0.2,-0.18,0,-0.128255,0.142028,-1.76672e-11,-0.2,-0.18,0
1.094,0.0473214,-0.132453,0.234425,0.385391,0.0161037,-0.110619,0.216669,0.164336,0.0560884,0.2,-0.18,0,-0.128255,0.142028,-1.76672e-11,-0.2,-0.18,0
1.095,0.0474055,-0.132259,0.23441,0.385602,0.0164071,-0.111394,0.216821,0.164193,0.0563165,0.2,-0.18,0,-0.128255,0.142028,-1.76672e-11,-0.2,-0.18,0
1.096,0.0474894,-0.132064,0.234394,0.385791,0.0167077,-0.112154,0.216974,0.16405,0.0565434,0.2,-0.18,0,-0.128255,0.142028,-1.76672e-11,-0.2,-0.18,0
1.097,0.0475729,-0.131868,0.234378,0.385957,0.0170055,-0.112897,0.217128,0.163905,0.0567691,0.2,-0.18,0,-0.128255,0.142028,-1.76672e-11,-0.2,-0.18,0
1.098,0.0476562,-0.131671,0.234361,0.3861,0.0173004,-0.113625,0.217282,0.16376,0.0569935,0.2,-0.18,0,-0.128255,0.142028,-1.76672e-11,-0.2,-0.18,0
1.099,0.0477392,-0.131473,0.234344,0.38622,0.0175923,-0.114336,0.217438,0.163614,0.0572166,0.2,-0.18,0,-0.128255,0.142028,-1.76672e-11,-0.2,-0.18,0
1.1,0.0478219,-0.131274,0.234326,0.386317,0.0178809,-0.115031,0.217594,0.163467,0.0574384,0.2,-0.18,0,-0.128255,0.142028,-1.76672e-11,-0.2,-0.18,0
1.101,0.0479044,-0.131073,0.234308,0.386389,0.0181662,-0.115708,0.217751,0.163319,0.0576589,0.2,-0.18,0,-0.128255,0.142028,-1.76672e-11,-0.2,-0.18,0
1.102,0.0479865,-0.130872,0.23429,0.386437,0.0184482,-0.116369,0.217909,0.163171,0.0578781,0.2,-0.18,0,-0.128255,0.142028,-1.76672e-11,-0.2,-0.18,0
1.103,0.0480683,-0.130669,0.234271,0.386462,0.0187269,-0.117012,0.218068,0.163021,0.058096,0.2,-0.18,0,-0.128255,0.142028,-1.76672e-11,-0.2,-0.18,0
1.104,0.0481498,-0.130466,0.234252,0.386462,0.0190023,-0.117639,0.218228,0.162871,0.0583125,0.2,-0.18,0,-0.128255,0.142028,-1.76672e-11,-0.2,-0.18,0
1.105,0.048231,-0.130261,0.234232,0.38644,0.0192745,-0.118248,0.218389,0.16272,0.0585276,0.2,-0.18,0,-0.128255,0.142028,-1.76672e-11,-0.2,-0.18,0
1.106,0.0483118,-0.130055,0.234212,0.386393,0.0195435,-0.118842,0.218551,0.162568,0.0587414,0.2,-0.18,0,-0.128255,0.142028,-1.76672e-11,-0.2,-0.18,0
1.107,0.0483924,-0.129849,0.234191,0.386324,0.0198092,-0.119419,0.218713,0.162415,0.0589538,0.2,-0.18,0,-0.128255,0.142028,-1.76672e-11,-0.2,-0.18,0
1.108,0.0484726,-0.129641,0.23417,0.386231,0.0200718,-0.119979,0.218877,0.162262,0.0591647,0.2,-0.18,0,-0.128255,0.142028,-1.76672e-11,-0.2,-0.18,0
1.109,0.0485525,-0.129432,0.234149,0.386116,0.0203312,-0.120523,0.219041,0.162107,0.0593742,0.2,-0.18,0,-0.128255,0.142028,-1.76672e-11,-0.2,-0.18,0
1.11,0.048632,-0.129223,0.234127,0.385977,0.0205875,-0.121051,0.219206,0.161952,0.0595823,0.2,-0.18,0,-0.128255,0.142028,-1.76672e-11,-0.2,-0.18,0
1.111,0.0487113,-0.129012,0.234105,0.385816,0.0208406,-0.121564,0.219372,0.161796,0.0597889,0.2,-0.18,0,-0.128255,0.142028,-1.76672e-11,-0.2,-0.18,0
1.112,0.0487901,-0.1288,0.234082,0.385632,0.0210907,-0.12206,0.219539,0.161639,0.0599941,0.2,-0.18,0,-0.128255,0.142028,-1.76672e-11,-0.2,-0.18,0
1.113,0.0488687,-0.128587,0.234059,0.385426,0.0213376,-0.12254,0.219707,0.161481,0.0601978,0.2,-0.18,0,-0.128255,0.142028,-1.76672e-11,-0.2,-0.18,0
1.114,0.0489469,-0.128373,0.234036,0.385198,0.0215816,-0.123004,0.219876,0.161322,0.0603999,0.2,-0.18,0,-0.128255,0.142028,-1.76672e-11,-0.2,-0.18,0
1.115,0.0490247,-0.128158,0.234012,0.384947,0.0218224,-0.123453,0.220046,0.161163,0.0606006,0.2,-0.18,0,-0.128255,0.142028,-1.76672e-11,-0.2,-0.18,0
1.116,0.0491022,-0.127943,0.233987,0.384674,0.0220603,-0.123887,0.220217,0.161002,0.0607997,0.2,-0.18,0,-0.128255,0.142028,-1.76672e-11,-0.2,-0.18,0
1.117,0.0491793,-0.127726,0.233963,0.384379,0.0222952,-0.124305,0.220389,0.160841,0.0609973,0.2,-0.18,0,-0.128255,0.142028,-1.76672e-11,-0.2,-0.18,0
1.118,0.0492561,-0.127508,0.233937,0.384062,0.0225271,-0.124708,0.220561,0.160679,0.0611933,0.2,-0.18,0,-0.128255,0.142028,-1.76672e-11,-0.2,-0.18,0
1.119,0.0493324,-0.127289,0.233912,0.383724,0.022756,-0.125095,0.220735,0.160516,0.0613877,0.2,-0.18,0,-0.128255,0.142028,-1.76672e-11,-0.2,-0.18,0
1.12,0.0494085,-0.12707,0.233886,0.383364,0.0229821,-0.125468,0.220909,0.160352,0.0615805,0.2,-0.18,0,-0.128255,0.142028,-1.76672e-11,-0.2,-0.18,0
1.121,0.0494841,-0.126849,0.233859,0.382983,0.0232052,-0.125826,0.221085,0.160187,0.0617717,0.2,-0.18,0,-0.128255,0.142028,-1.76672e-11,-0.2,-0.18,0
1.122,0.0495594,-0.126627,0.233833,0.382581,0.0234254,-0.126168,0.221261,0.160021,0.0619613,0.2,-0.18,0,-0.128255,0.142028,-1.76672e-11,-0.2,-0.18,0
1.123,0.0496342,-0.126405,0.233805,0.382157,0.0236428,-0.126496,0.221438,0.159855,0.0621493,0.2,-0.18,0,-0.128255,0.142028,-1.76672e-11,-0.2,-0.18,0
1.124,0.0497087,-0.126181,0.233778,0.381712,0.0238574,-0.12681,0.221617,0.159687,0.0623356,0.2,-0.18,0,-0.128255,0.142028,-1.76672e-11,-0.2,-0.18,0
1.125,0.0497828,-0.125957,0.23375,0.381247,0.0240691,-0.127109,0.221796,0.159519,0.0625202,0.2,-0.18,0,-0.128255,0.142028,-1.76672e-11,-0.2,-0.18,0
1.126,0.0498565,-0.125731,0.233721,0.380761,0.024278,-0.127393,0.221976,0.159349,0.0627031,0.2,-0.18,0,-0.128255,0.142028,-1.76672e-11,-0.2,-0.18,0
1.127,0.0499298,-0.125505,0.233692,0.380254,0.0244841,-0.127663,0.222157,0.159179,0.0628844,0.2,-0.18,0,-0.128255,0.142028,-1.76672e-11,-0.2,-0.18,0
1.128,0.0500027,-0.125277,0.233663,0.379727,0.0246875,-0.127919,0.222339,0.159008,0.0630639,0.2,-0.18,0,-0.128255,0.142028,-1.76672e-11,-0.2,-0.18,0
1.129,0.0500752,-0.125049,0.233633,0.379179,0.0248881,-0.128161,0.222522,0.158836,0.0632417,0.2,-0.18,0,-0.128255,0.142028,-1.76672e-11,-0.2,-0.18,0
1.13,0.0501473,-0.12482,0.233603,0.378611,0.0250861,-0.128389,0.222706,0.158664,0.0634178,0.2,-0.18,0,-0.128255,0.142028,-1.76672e-11,-0.2,-0.18,0
1.131,0.0502189,-0.12459,0.233573,0.378023,0.0252813,-0.128603,0.222891,0.15849,0.063592,0.2,-0.18,0,-0.128255,0.142028,-1.76672e-11,-0.2,-0.18,0
1.132,0.0502902,-0.124359,0.233542,0.377416,0.0254739,-0.128804,0.223077,0.158315,0.0637646,0.2,-0.18,0,-0.128255,0.142028,-1.76672e-11,-0.2,-0.18,0
1.133,0.050361,-0.124127,0.233511,0.376788,0.0256638,-0.12899,0.223263,0.15814,0.0639353,0.2,-0.18,0,-0.128255,0.142028,-1.76672e-11,-0.2,-0.18,0
1.134,0.0504314,-0.123894,0.233479,0.376141,0.0258511,-0.129163,0.223451,0.157963,0.0641042,0.2,-0.18,0,-0.128255,0.142028,-1.76672e-11,-0.2,-0.18,0
1.135,0.0505013,-0.123661,0.233447,0.375474,0.0260357,-0.129323,0.22364,0.157786,0.0642713,0.2,-0.18,0,-0.128255,0.142028,-1.76672e-11,-0.2,-0.18,0
1.136,0.0505709,-0.123426,0.233414,0.374788,0.0262178,-0.129469,0.223829,0.157608,0.0644365,0.2,-0.18,0,-0.128255,0.142028,-1.76672e-11,-0.2,-0.18,0
1.137,0.05064,-0.123191,0.233381,0.374083,0.0263973,-0.129603,0.22402,0.157428,0.0645999,0.2,-0.18,0,-0.128255,0.142028,-1.76672e-11,-0.2,-0.18,0
1.138,0.0507086,-0.122955,0.233348,0.373358,0.0265743,-0.129723,0.224212,0.157248,0.0647615,0.2,-0.18,0,-0.128255,0.142028,-1.76672e-11,-0.2,-0.18,0
1.139,0.0507768,-0.122717,0.233314,0.372615,0.0267488,-0.12983,0.224404,0.157067,0.0649211,0.2,-0.18,0,-0.128255,0.142028,-1.76672e-11,-0.2,-0.18,0
1.14,0.0508446,-0.122479,0.23328,0.371853,0.0269207,-0.129924,0.224598,0.156885,0.0650789,0.2,-0.18,0,-0.128255,0.142028,-1.76672e-11,-0.2,-0.18,0
1.141,0.0509118,-0.122241,0.233246,0.371072,0.0270902,-0.130006,0.224793,0.156703,0.0652347,0.2,-0.18,0,-0.128255,0.142028,-1.76672e-11,-0.2,-0.18,0
1.142,0.0509787,-0.122001,0.233211,0.370272,0.0272572,-0.130074,0.224988,0.156519,0.0653886,0.2,-0.18,0,-0.128255,0.142028,-1.76672e-11,-0.2,-0.18,0
1.143,0.051045,-0.12176,0.233176,0.369454,0.0274218,-0.130131,0.225185,0.156334,0.0655406,0.2,-0.18,0,-0.128255,0.142028,-1.76672e-11,-0.2,-0.18,0
1.144,0.051111,-0.121519,0.23314,0.368618,0.027584,-0.130174,0.225382,0.156149,0.0656906,0.2,-0.18,0,-0.128255,0.142028,-1.76672e-11,-0.2,-0.18,0
1.145,0.0511764,-0.121277,0.233104,0.367763,0.0277438,-0.130206,0.225581,0.155962,0.0658386,0.2,-0.18,0,-0.128255,0.142028,-1.76672e-11,-0.2,-0.18,0
1.146,0.0512413,-0.121034,0.233067,0.366891,0.0279012,-0.130225,0.22578,0.155775,0.0659846,0.2,-0.18,0,-0.128255,0.142028,-1.76672e-11,-0.2,-0.18,0
1.147,0.0513058,-0.12079,0.23303,0.366,0.0280562,-0.130232,0.225981,0.155586,0.0661287,0.2,-0.18,0,-0.128255,0.142028,-1.76672e-11,-0.2,-0.18,0
1.148,0.0513698,-0.120545,0.232993,0.365092,0.0282089,-0.130227,0.226182,0.155397,0.0662707,0.2,-0.18,0,-0.128255,0.142028,-1.76672e-11,-0.2,-0.18,0
1.149,0.0514333,-0.120299,0.232956,0.364166,0.0283593,-0.130211,0.226385,0.155207,0.0664107,0.2,-0.18,0,-0.128255,0.142028,-1.76672e-11,-0.2,-0.18,0
1.15,0.0514964,-0.120053,0.232917,0.363223,0.0285074,-0.130182,0.226588,0.155015,0.0665486,0.2,-0.18,0,-0.128255,0.142028,-1.76672e-11,-0.2,-0.18,0
1.151,0.0515589,-0.119806,0.232879,0.362262,0.0286533,-0.130142,0.226793,0.154823,0.0666844,0.2,-0.18,0,-0.128255,0.142028,-1.76672e-11,-0.2,-0.18,0
1.152,0.0516209,-0.119558,0.23284,0.361284,0.0287969,-0.13009,0.226998,0.15463,0.0668182,0.2,-0.18,0,-0.128255,0.142028,-1.76672e-11,-0.2,-0.18,0
1.153,0.0516825,-0.119309,0.232801,0.360289,0.0289383,-0.130027,0.227205,0.154436,0.0669499,0.2,-0.18,0,-0.128255,0.142028,-1.76672e-11,-0.2,-0.18,0
1.154,0.0517435,-0.11906,0.232761,0.359277,0.0290775,-0.129952,0.227412,0.154241,0.0670795,0.2,-0.18,0,-0.128255,0.142028,-1.76672e-11,-0.2,-0.18,0
1.155,0.051804,-0.118809,0.232721,0.358248,0.0292145,-0.129866,0.227621,0.154045,0.0672069,0.2,-0.18,0,-0.128255,0.142028,-1.76672e-11,-0.2,-0.18,0
1.156,0.051864,-0.118558,0.232681,0.357202,0.0293493,-0.129769,0.22783,0.153848,0.0673322,0.2,-0.18,0,-0.128255,0.142028,-1.76672e-11,-0.2,-0.18,0
1.157,0.0519235,-0.118307,0.23264,0.35614,0.029482,-0.129661,0.228041,0.15365,0.0674554,0.2,-0.18,0,-0.128255,0.142028,-1.76672e-11,-0.2,-0.18,0
1.158,0.0519824,-0.118054,0.232599,0.355062,0.0296126,-0.129542,0.228252,0.153452,0.0675763,0.2,-0.18,0,-0.128255,0.142028,-1.76672e-11,-0.2,-0.18,0
1.159,0.0520409,-0.117801,0.232558,0.353967,0.0297411,-0.129412,0.228465,0.153252,0.0676951,0.2,-0.18,0,-0.128255,0.142028,-1.76672e-11,-0.2,-0.18,0
1.16,0.0520988,-0.117546,0.232516,0.352856,0.0298675,-0.129272,0.228678,0.153051,0.0678117,0.2,-0.18,0,-0.128255,0.142028,-1.76672e-11,-0.2,-0.18,0
1.161,0.0521561,-0.117292,0.232473,0.351728,0.0299919,-0.129121,0.228893,0.152849,0.0679261,0.2,-0.18,0,-0.128255,0.142028,-1.76672e-11,-0.2,-0.18,0
1.162,0.052213,-0.117036,0.232431,0.350586,0.0301142,-0.128959,0.229109,0.152647,0.0680382,0.2,-0.18,0,-0.128255,0.142028,-1.76672e-11,-0.2,-0.18,0
1.163,0.0522693,-0.11678,0.232388,0.349427,0.0302345,-0.128787,0.229325,0.152443,0.0681481,0.2,-0.18,0,-0.128255,0.142028,-1.76672e-11,-0.2,-0.18,0
1.164,0.052325,-0.116523,0.232344,0.348252,0.0303529,-0.128605,0.229543,0.152238,0.0682557,0.2,-0.18,0,-0.128255,0.142028,-1.76672e-11,-0.2,-0.18,0
1.165,0.0523802,-0.116265,0.2323,0.347063,0.0304692,-0.128412,0.229762,0.152033,0.0683611,0.2,-0.18,0,-0.128255,0.142028,-1.76672e-11,-0.2,-0.18,0
1.166,0.0524349,-0.116006,0.232256,0.345857,0.0305836,-0.12821,0.229982,0.151826,0.0684641,0.2,-0.18,0,-0.128255,0.142028,-1.76672e-11,-0.2,-0.18,0
1.167,0.052489,-0.115747,0.232212,0.344637,0.0306961,-0.127998,0.230203,0.151619,0.0685648,0.2,-0.18,0,-0.128255,0.142028,-1.76672e-11,-0.2,-0.18,0
1.168,0.0525425,-0.115487,0.232167,0.343401,0.0308067,-0.127776,0.230425,0.15141,0.0686633,0.2,-0.18,0,-0.128255,0.142028,-1.76672e-11,-0.2,-0.18,0
1.169,0.0525955,-0.115226,0.232121,0.342151,0.0309154,-0.127544,0.230647,0.151201,0.0687593,0.2,-0.18,0,-0.128255,0.142028,-1.76672e-11,-0.2,-0.18,0
1.17,0.0526479,-0.114965,0.232076,0.340886,0.0310223,-0.127302,0.230871,0.15099,0.068853,0.2,-0.18,0,-0.128255,0.142028,-1.76672e-11,-0.2,-0.18,0
1.171,0.0526997,-0.114703,0.23203,0.339606,0.0311273,-0.127051,0.231096,0.150779,0.0689444,0.2,-0.18,0,-0.128255,0.142028,-1.76672e-11,-0.2,-0.18,0
1.172,0.0527509,-0.11444,0.231983,0.338311,0.0312305,-0.126791,0.231323,0.150566,0.0690334,0.2,-0.18,0,-0.128255,0.142028,-1.76672e-11,-0.2,-0.18,0
1.173,0.0528016,-0.114177,0.231936,0.337002,0.0313319,-0.126521,0.23155,0.150353,0.0691199,0.2,-0.18,0,-0.128255,0.142028,-1.76672e-11,-0.2,-0.18,0
1.174,0.0528517,-0.113913,0.231889,0.335679,0.0314315,-0.126242,0.231778,0.150139,0.0692041,0.2,-0.18,0,-0.128255,0.142028,-1.76672e-11,-0.2,-0.18,0
1.175,0.0529012,-0.113648,0.231842,0.334341,0.0315293,-0.125954,0.232007,0.149923,0.0692858,0.2,-0.18,0,-0.128255,0.142028,-1.76672e-11,-0.2,-0.18,0
1.176,0.0529501,-0.113383,0.231794,0.33299,0.0316255,-0.125658,0.232237,0.149707,0.069365,0.2,-0.18,0,-0.128255,0.142028,-1.76672e-11,-0.2,-0.18,0
1.177,0.0529984,-0.113116,0.231745,0.331625,0.0317199,-0.125352,0.232469,0.149489,0.0694419,0.2,-0.18,0,-0.128255,0.142028,-1.76672e-11,-0.2,-0.18,0
1.178,0.0530461,-0.11285,0.231697,0.330246,0.0318126,-0.125037,0.232701,0.149271,0.0695162,0.2,-0.18,0,-0.128255,0.142028,-1.76672e-11,-0.2,-0.18,0
1.179,0.0530932,-0.112582,0.231648,0.328853,0.0319037,-0.124714,0.232935,0.149051,0.069588,0.2,-0.18,0,-0.128255,0.142028,-1.76672e-11,-0.2,-0.18,0
1.18,0.0531397,-0.112314,0.231598,0.327447,0.0319931,-0.124383,0.233169,0.148831,0.0696574,0.2,-0.18,0,-0.128255,0.142028,-1.76672e-11,-0.2,-0.18,0
1.181,0.0531855,-0.112046,0.231549,0.326027,0.0320809,-0.124043,0.233405,0.14861,0.0697242,0.2,-0.18,0,-0.128255,0.142028,-1.76672e-11,-0.2,-0.18,0
1.182,0.0532308,-0.111776,0.231498,0.324595,0.032167,-0.123694,0.233642,0.148387,0.0697884,0.2,-0.18,0,-0.128255,0.142028,-1.76672e-11,-0.2,-0.18,0
1.183,0.0532754,-0.111506,0.231448,0.323149,0.0322516,-0.123338,0.23388,0.148164,0.0698502,0.2,-0.18,0,-0.128255,0.142028,-1.76672e-11,-0.2,-0.18,0
1.184,0.0533195,-0.111236,0.231397,0.32169,0.0323347,-0.122973,0.234118,0.147939,0.0699093,0.2,-0.18,0,-0.128255,0.142028,-1.76672e-11,-0.2,-0.18,0
1.185,0.0533629,-0.110964,0.231346,0.320219,0.0324162,-0.122601,0.234358,0.147714,0.0699659,0.2,-0.18,0,-0.128255,0.142028,-1.76672e-11,-0.2,-0.18,0
1.186,0.0534056,-0.110693,0.231294,0.318734,0.0324961,-0.12222,0.234599,0.147487,0.0700199,0.2,-0.18,0,-0.128255,0.142028,-1.76672e-11,-0.2,-0.18,0
1.187,0.0534477,-0.11042,0.231242,0.317238,0.0325746,-0.121832,0.234842,0.14726,0.0700712,0.2,-0.18,0,-0.128255,0.142028,-1.76672e-11,-0.2,-0.18,0
1.188,0.0534892,-0.110147,0.23119,0.315729,0.0326516,-0.121436,0.235085,0.147031,0.0701199,0.2,-0.18,0,-0.128255,0.142028,-1.76672e-11,-0.2,-0.18,0
1.189,0.0535301,-0.109874,0.231137,0.314207,0.0327271,-0.121033,0.235329,0.146802,0.070166,0.2,-0.18,0,-0.128255,0.142028,-1.76672e-11,-0.2,-0.18,0
1.19,0.0535703,-0.109599,0.231084,0.312674,0.0328012,-0.120622,0.235574,0.146571,0.0702094,0.2,-0.18,0,-0.128255,0.142028,-1.76672e-11,-0.2,-0.18,0
1.191,0.0536098,-0.109325,0.231031,0.311128,0.0328739,-0.120204,0.235821,0.146339,0.0702502,0.2,-0.18,0,-0.128255,0.142028,-1.76672e-11,-0.2,-0.18,0
1.192,0.0536487,-0.109049,0.230977,0.309571,0.0329452,-0.119779,0.236069,0.146107,0.0702883,0.2,-0.18,0,-0.128255,0.142028,-1.76672e-11,-0.2,-0.18,0
1.193,0.0536869,-0.108773,0.230923,0.308002,0.0330152,-0.119346,0.236317,0.145873,0.0703236,0.2,-0.18,0,-0.128255,0.142028,-1.76672e-11,-0.2,-0.18,0
1.194,0.0537245,-0.108497,0.230869,0.306421,0.0330837,-0.118907,0.236567,0.145638,0.0703562,0.2,-0.18,0,-0.128255,0.142028,-1.76672e-11,-0.2,-0.18,0
1.195,0.0537614,-0.10822,0.230814,0.304829,0.033151,-0.11846,0.236818,0.145402,0.0703861,0.2,-0.18,0,-0.128255,0.142028,-1.76672e-11,-0.2,-0.18,0
1.196,0.0537976,-0.107942,0.230759,0.303225,0.0332169,-0.118007,0.23707,0.145166,0.0704133,0.2,-0.18,0,-0.128255,0.142028,-1.76672e-11,-0.2,-0.18,0
1.197,0.0538332,-0.107664,0.230703,0.30161,0.0332816,-0.117548,0.237323,0.144928,0.0704377,0.2,-0.18,0,-0.128255,0.142028,-1.76672e-11,-0.2,-0.18,0
1.198,0.0538681,-0.107385,0.230647,0.299985,0.033345,-0.117081,0.237577,0.144689,0.0704593,0.2,-0.18,0,-0.128255,0.142028,-1.76672e-11,-0.2,-0.18,0
1.199,0.0539022,-0.107106,0.230591,0.298348,0.0334072,-0.116609,0.237833,0.144449,0.0704781,0.2,-0.18,0,-0.128255,0.142028,-1.76672e-11,-0.2,-0.18,0
1.2,0.0539357,-0.106826,0.230534,0.2967,0.0334681,-0.116129,0.238089,0.144208,0.0704941,0.2,-0.18,0,-0.128255,0.142028,-1.76672e-11,-0.2,-0.18,0
1.201,0.0539686,-0.106546,0.230477,0.295042,0.0335278,-0.115644,0.238347,0.143966,0.0705072,0.2,-0.18,0,-0.128255,0.142028,-1.76672e-11,-0.2,-0.18,0
1.202,0.0540007,-0.106265,0.23042,0.293374,0.0335864,-0.115153,0.238605,0.143723,0.0705176,0.2,-0.18,0,-0.128255,0.142028,-1.76672e-11,-0.2,-0.18,0
1.203,0.0540321,-0.105984,0.230363,0.291695,0.0336437,-0.114655,0.238865,0.143479,0.070525,0.2,-0.18,0,-0.128255,0.142028,-1.76672e-11,-0.2,-0.18,0
1.204,0.0540629,-0.105702,0.230305,0.290006,0.0336998,-0.114152,0.239126,0.143233,0.0705296,0.2,-0.18,0,-0.128255,0.142028,-1.76672e-11,-0.2,-0.18,0
1.205,0.0540929,-0.105419,0.230246,0.288308,0.0337548,-0.113644,0.239388,0.142987,0.0705313,0.2,-0.18,0,-0.128255,0.142028,-1.76672e-11,-0.2,-0.18,0
1.206,0.0541223,-0.105136,0.230188,0.2866,0.0338085,-0.113129,0.239651,0.142741,0.0705302,0.2,-0.18,0,-0.128255,0.142028,-1.76672e-11,-0.2,-0.18,0
1.207,0.0541509,-0.104853,0.230129,0.284882,0.0338611,-0.11261,0.239912,0.142495,0.0705261,0.2,-0.18,0,-0.128255,0.142028,-1.76672e-11,-0.2,-0.18,0
1.208,0.0541789,-0.104569,0.23007,0.283156,0.0339125,-0.112085,0.240172,0.142251,0.0705191,0.2,-0.18,0,-0.128255,0.142028,-1.76672e-11,-0.2,-0.18,0
1.209,0.0542062,-0.104285,0.23001,0.281421,0.0339627,-0.111556,0.240431,0.142008,0.0705093,0.2,-0.18,0,-0.128255,0.142028,-1.76672e-11,-0.2,-0.18,0
1.21,0.0542328,-0.104,0.22995,0.279677,0.0340117,-0.111021,0.240688,0.141765,0.0704967,0.2,-0.18,0,-0.128255,0.142028,-1.76672e-11,-0.2,-0.18,0
1.211,0.0542587,-0.103714,0.22989,0.277925,0.0340595,-0.110482,0.240945,0.141524,0.0704812,0.2,-0.18,0,-0.128255,0.142028,-1.76672e-11,-0.2,-0.18,0
1.212,0.0542839,-0.103428,0.22983,0.276165,0.0341061,-0.109938,0.241201,0.141284,0.0704629,0.2,-0.18,0,-0.128255,0.142028,-1.76672e-11,-0.2,-0.18,0
1.213,0.0543084,-0.103142,0.229769,0.274397,0.0341516,-0.10939,0.241455,0.141045,0.0704418,0.2,-0.18,0,-0.128255,0.142028,-1.76672e-11,-0.2,-0.18,0
1.214,0.0543323,-0.102855,0.229708,0.272621,0.0341958,-0.108837,0.241708,0.140807,0.0704179,0.2,-0.18,0,-0.128255,0.142028,-1.76672e-11,-0.2,-0.18,0
1.215,0.0543554,-0.102568,0.229647,0.270838,0.0342389,-0.108281,0.241961,0.14057,0.0703912,0.2,-0.18,0,-0.128255,0.142028,-1.76672e-11,-0.2,-0.18,0
1.216,0.0543779,-0.10228,0.229586,0.269048,0.0342808,-0.10772,0.242212,0.140334,0.0703618,0.2,-0.18,0,-0.128255,0.142028,-1.76672e-11,-0.2,-0.18,0
1.217,0.0543996,-0.101992,0.229524,0.26725,0.0343216,-0.107156,0.242462,0.140099,0.0703297,0.2,-0.18,0,-0.128255,0.142028,-1.76672e-11,-0.2,-0.18,0
1.218,0.0544207,-0.101703,0.229462,0.265446,0.0343611,-0.106588,0.242711,0.139865,0.0702948,0.2,-0.18,0,-0.128255,0.142028,-1.76672e-11,-0.2,-0.18,0
1.219,0.0544411,-0.101414,0.2294,0.263636,0.0343995,-0.106017,0.242958,0.139632,0.0702572,0.2,-0.18,0,-0.128255,0.142028,-1.76672e-11,-0.2,-0.18,0
1.22,0.0544607,-0.101124,0.229338,0.261819,0.0344368,-0.105442,0.243205,0.1394,0.070217,0.2,-0.18,0,-0.128255,0.142028,-1.76672e-11,-0.2,-0.18,0
1.221,0.0544797,-0.100834,0.229275,0.259996,0.0344728,-0.104864,0.243451,0.13917,0.070174,0.2,-0.18,0,-0.128255,0.142028,-1.76672e-11,-0.2,-0.18,0
1.222,0.054498,-0.100544,0.229212,0.258168,0.0345077,-0.104284,0.243695,0.13894,0.0701284,0.2,-0.18,0,-0.128255,0.142028,-1.76672e-11,-0.2,-0.18,0
1.223,0.0545156,-0.100253,0.229149,0.256334,0.0345414,-0.1037,0.243939,0.138711,0.0700802,0.2,-0.18,0,-0.128255,0.142028,-1.76672e-11,-0.2,-0.18,0
1.224,0.0545325,-0.0999616,0.229086,0.254494,0.0345739,-0.103113,0.244181,0.138483,0.0700293,0.2,-0.18,0,-0.128255,0.142028,-1.76672e-11,-0.2,-0.18,0
1.225,0.0545487,-0.0996699,0.229023,0.252649,0.0346053,-0.102524,0.244422,0.138257,0.0699758,0.2,-0.18,0,-0.128255,0.142028,-1.76672e-11,-0.2,-0.18,0
1.226,0.0545643,-0.0993777,0.228959,0.2508,0.0346355,-0.101933,0.244662,0.138031,0.0699197,0.2,-0.18,0,-0.128255,0.142028,-1.76672e-11,-0.2,-0.18,0
1.227,0.0545791,-0.0990851,0.228895,0.248946,0.0346646,-0.101339,0.244901,0.137806,0.069861,0.2,-0.18,0,-0.128255,0.142028,-1.76672e-11,-0.2,-0.18,0
1.228,0.0545932,-0.0987921,0.228831,0.247087,0.0346925,-0.100743,0.245139,0.137583,0.0697997,0.2,-0.18,0,-0.128255,0.142028,-1.76672e-11,-0.2,-0.18,0
1.229,0.0546067,-0.0984987,0.228767,0.245224,0.0347192,-0.100145,0.245376,0.13736,0.0697359,0.2,-0.18,0,-0.128255,0.142028,-1.76672e-11,-0.2,-0.18,0
1.23,0.0546195,-0.0982048,0.228703,0.243358,0.0347448,-0.0995458,0.245612,0.137139,0.0696695,0.2,-0.18,0,-0.128255,0.142028,-1.76672e-11,-0.2,-0.18,0
1.231,0.0546315,-0.0979106,0.228639,0.241487,0.0347692,-0.0989446,0.245847,0.136918,0.0696007,0.2,-0.18,0,-0.128255,0.142028,-1.76672e-11,-0.2,-0.18,0
1.232,0.0546429,-0.097616,0.228574,0.239613,0.0347925,-0.0983418,0.246081,0.136698,0.0695293,0.2,-0.18,0,-0.128255,0.142028,-1.76672e-11,-0.2,-0.18,0
1.233,0.0546536,-0.097321,0.228509,0.237736,0.0348146,-0.0977378,0.246313,0.13648,0.0694554,0.2,-0.18,0,-0.128255,0.142028,-1.76672e-11,-0.2,-0.18,0
1.234,0.0546635,-0.0970256,0.228444,0.235856,0.0348356,-0.0971325,0.246545,0.136262,0.069379,0.2,-0.18,0,-0.128255,0.142028,-1.76672e-11,-0.2,-0.18,0
1.235,0.0546728,-0.0967299,0.228379,0.233973,0.0348554,-0.0965261,0.246775,0.136046,0.0693002,0.2,-0.18,0,-0.128255,0.142028,-1.76672e-11,-0.2,-0.18,0
1.236,0.0546814,-0.0964337,0.228314,0.232087,0.0348741,-0.0959189,0.247005,0.13583,0.0692189,0.2,-0.18,0,-0.128255,0.142028,-1.76672e-11,-0.2,-0.18,0
1.237,0.0546893,-0.0961372,0.228249,0.230199,0.0348916,-0.095311,0.247233,0.135615,0.0691352,0.2,-0.18,0,-0.128255,0.142028,-1.76672e-11,-0.2,-0.18,0
1.238,0.0546966,-0.0958403,0.228184,0.228309,0.034908,-0.0947025,0.247461,0.135402,0.0690491,0.2,-0.18,0,-0.128255,0.142028,-1.76672e-11,-0.2,-0.18,0
1.239,0.0547031,-0.0955431,0.228118,0.226417,0.0349232,-0.0940935,0.247687,0.135189,0.0689606,0.2,-0.18,0,-0.128255,0.142028,-1.76672e-11,-0.2,-0.18,0
1.24,0.0547089,-0.0952455,0.228052,0.224524,0.0349373,-0.0934843,0.247912,0.134977,0.0688696,0.2,-0.18,0,-0.128255,0.142028,-1.76672e-11,-0.2,-0.18,0
1.241,0.054714,-0.0949475,0.227987,0.222629,0.0349502,-0.0928749,0.248136,0.134767,0.0687763,0.2,-0.18,0,-0.128255,0.142028,-1.76672e-11,-0.2,-0.18,0
1.242,0.0547185,-0.0946492,0.227921,0.220732,0.0349621,-0.0922656,0.248359,0.134557,0.0686807,0.2,-0.18,0,-0.128255,0.142028,-1.76672e-11,-0.2,-0.18,0
1.243,0.0547222,-0.0943505,0.227855,0.218835,0.0349727,-0.0916564,0.248581,0.134348,0.0685827,0.2,-0.18,0,-0.128255,0.142028,-1.76672e-11,-0.2,-0.18,0
1.244,0.0547253,-0.0940515,0.227789,0.216937,0.0349823,-0.0910476,0.248802,0.134141,0.0684824,0.2,-0.18,0,-0.128255,0.142028,-1.76672e-11,-0.2,-0.18,0
1.245,0.0547276,-0.0937522,0.227723,0.215039,0.0349907,-0.0904393,0.249022,0.133934,0.0683797,0.2,-0.18,0,-0.128255,0.142028,-1.76672e-11,-0.2,-0.18,0
1.246,0.0547293,-0.0934525,0.227657,0.21314,0.0349979,-0.0898316,0.249241,0.133728,0.0682748,0.2,-0.18,0,-0.128255,0.142028,-1.76672e-11,-0.2,-0.18,0
1.247,0.0547303,-0.0931525,0.227591,0.211242,0.0350041,-0.0892247,0.249459,0.133523,0.0681676,0.2,-0.18,0,-0.128255,0.142028,-1.76672e-11,-0.2,-0.18,0
1.248,0.0547305,-0.0928522,0.227525,0.209343,0.0350091,-0.0886187,0.249676,0.13332,0.0680581,0.2,-0.18,0,-0.128255,0.142028,-1.76672e-11,-0.2,-0.18,0
1.249,0.0547301,-0.0925516,0.227459,0.207445,0.0350129,-0.0880138,0.249892,0.133117,0.0679464,0.2,-0.18,0,-0.128255,0.142028,-1.76672e-11,-0.2,-0.18,0
1.25,0.054729,-0.0922506,0.227393,0.205548,0.0350157,-0.0874102,0.250107,0.132915,0.0678324,0.2,-0.18,0,-0.128255,0.142028,-1.76672e-11,-0.2,-0.18,0
1.251,0.0547272,-0.0919493,0.227327,0.203652,0.0350173,-0.086808,0.250321,0.132714,0.0677162,0.2,-0.18,0,-0.128255,0.142028,-1.76672e-11,-0.2,-0.18,0
1.252,0.0547247,-0.0916478,0.22726,0.201756,0.0350178,-0.0862074,0.250533,0.132514,0.0675978,0.2,-0.18,0,-0.128255,0.142028,-1.76672e-11,-0.2,-0.18,0
1.253,0.0547215,-0.0913459,0.227194,0.199863,0.0350172,-0.0856084,0.250745,0.132315,0.0674773,0.2,-0.18,0,-0.128255,0.142028,-1.76672e-11,-0.2,-0.18,0
1.254,0.0547176,-0.0910437,0.227128,0.19797,0.0350154,-0.0850113,0.250956,0.132117,0.0673545,0.2,-0.18,0,-0.128255,0.142028,-1.76672e-11,-0.2,-0.18,0
1.255,0.054713,-0.0907413,0.227061,0.19608,0.0350126,-0.0844162,0.251166,0.13192,0.0672296,0.2,-0.18,0,-0.128255,0.142028,-1.76672e-11,-0.2,-0.18,0
1.256,0.0547077,-0.0904385,0.226995,0.194191,0.0350086,-0.0838233,0.251374,0.131724,0.0671025,0.2,-0.18,0,-0.128255,0.142028,-1.76672e-11,-0.2,-0.18,0
1.257,0.0547018,-0.0901355,0.226929,0.192305,0.0350035,-0.0832327,0.251582,0.131529,0.0669733,0.2,-0.18,0,-0.128255,0.142028,-1.76672e-11,-0.2,-0.18,0
1.258,0.0546951,-0.0898321,0.226863,0.190421,0.0349972,-0.0826446,0.251789,0.131334,0.066842,0.2,-0.18,0,-0.128255,0.142028,-1.76672e-11,-0.2,-0.18,0
1.259,0.0546877,-0.0895286,0.226796,0.188541,0.0349899,-0.0820591,0.251994,0.131141,0.0667086,0.2,-0.18,0,-0.128255,0.142028,-1.76672e-11,-0.2,-0.18,0
1.26,0.0546797,-0.0892247,0.22673,0.186663,0.0349815,-0.0814764,0.252199,0.130949,0.0665731,0.2,-0.18,0,-0.128255,0.142028,-1.76672e-11,-0.2,-0.18,0
1.261,0.0546709,-0.0889206,0.226664,0.184788,0.0349719,-0.0808966,0.252403,0.130758,0.0664356,0.2,-0.18,0,-0.128255,0.142028,-1.76672e-11,-0.2,-0.18,0
1.262,0.0546615,-0.0886162,0.226598,0.182917,0.0349612,-0.0803199,0.252605,0.130567,0.066296,0.2,-0.18,0,-0.128255,0.142028,-1.76672e-11,-0.2,-0.18,0
1.263,0.0546514,-0.0883115,0.226532,0.181049,0.0349494,-0.0797464,0.252807,0.130378,0.0661543,0.2,-0.18,0,-0.128255,0.142028,-1.76672e-11,-0.2,-0.18,0
1.264,0.0546405,-0.0880066,0.226466,0.179185,0.0349366,-0.0791763,0.253008,0.130189,0.0660106,0.2,-0.18,0,-0.128255,0.142028,-1.76672e-11,-0.2,-0.18,0
1.265,0.054629,-0.0877015,0.2264,0.177326,0.0349226,-0.0786097,0.253207,0.130001,0.065865,0.2,-0.18,0,-0.128255,0.142028,-1.76672e-11,-0.2,-0.18,0
1.266,0.0546168,-0.0873961,0.226334,0.175471,0.0349075,-0.0780469,0.253406,0.129815,0.0657173,0.2,-0.18,0,-0.128255,0.142028,-1.76672e-11,-0.2,-0.18,0
1.267,0.0546038,-0.0870904,0.226268,0.17362,0.0348913,-0.0774878,0.253604,0.129629,0.0655676,0.2,-0.18,0,-0.128255,0.142028,-1.76672e-11,-0.2,-0.18,0
1.268,0.0545902,-0.0867846,0.226203,0.171774,0.034874,-0.0769328,0.253801,0.129444,0.065416,0.2,-0.18,0,-0.128255,0.142028,-1.76672e-11,-0.2,-0.18,0
1.269,0.0545759,-0.0864785,0.226137,0.169934,0.0348556,-0.0763819,0.253996,0.12926,0.0652625,0.2,-0.18,0,-0.128255,0.142028,-1.76672e-11,-0.2,-0.18,0
1.27,0.0545609,-0.0861721,0.226072,0.168098,0.0348361,-0.0758354,0.254191,0.129077,0.065107,0.2,-0.18,0,-0.128255,0.142028,-1.76672e-11,-0.2,-0.18,0
1.271,0.0545452,-0.0858656,0.226006,0.166268,0.0348155,-0.0752932,0.254385,0.128895,0.0649496,0.2,-0.18,0,-0.128255,0.142028,-1.76672e-11,-0.2,-0.18,0
1.272,0.0545288,-0.0855588,0.225941,0.164444,0.0347938,-0.0747557,0.254578,0.128714,0.0647903,0.2,-0.18,0,-0.128255,0.142028,-1.76672e-11,-0.2,-0.18,0
1.273,0.0545117,-0.0852518,0.225876,0.162626,0.034771,-0.074223,0.254769,0.128534,0.0646291,0.2,-0.18,0,-0.128255,0.142028,-1.76672e-11,-0.2,-0.18,0
1.274,0.0544939,-0.0849446,0.22581,0.160814,0.0347471,-0.0736951,0.25496,0.128354,0.064466,0.2,-0.18,0,-0.128255,0.142028,-1.76672e-11,-0.2,-0.18,0
1.275,0.0544754,-0.0846372,0.225746,0.159009,0.0347221,-0.0731724,0.25515,0.128176,0.0643011,0.2,-0.18,0,-0.128255,0.142028,-1.76672e-11,-0.2,-0.18,0
1.276,0.0544562,-0.0843296,0.225681,0.15721,0.0346961,-0.0726548,0.255339,0.127998,0.0641343,0.2,-0.18,0,-0.128255,0.142028,-1.76672e-11,-0.2,-0.18,0
1.277,0.0544364,-0.0840218,0.225616,0.155418,0.0346689,-0.0721426,0.255527,0.127822,0.0639658,0.2,-0.18,0,-0.128255,0.142028,-1.76672e-11,-0.2,-0.18,0
1.278,0.0544158,-0.0837138,0.225552,0.153633,0.0346407,-0.071636,0.255714,0.127646,0.0637954,0.2,-0.18,0,-0.128255,0.142028,-1.76672e-11,-0.2,-0.18,0
1.279,0.0543945,-0.0834057,0.225487,0.151856,0.0346114,-0.071135,0.2559,0.127471,0.0636232,0.2,-0.18,0,-0.128255,0.142028,-1.76672e-11,-0.2,-0.18,0
1.28,0.0543726,-0.0830973,0.225423,0.150086,0.034581,-0.0706398,0.256085,0.127297,0.0634492,0.2,-0.18,0,-0.128255,0.142028,-1.76672e-11,-0.2,-0.18,0
1.281,0.0543499,-0.0827888,0.225359,0.148324,0.0345495,-0.0701506,0.256269,0.127124,0.0632735,0.2,-0.18,0,-0.128255,0.142028,-1.76672e-11,-0.2,-0.18,0
1.282,0.0543265,-0.0824801,0.225295,0.14657,0.0345169,-0.0696676,0.256452,0.126952,0.063096,0.2,-0.18,0,-0.128255,0.142028,-1.76672e-11,-0.2,-0.18,0
1.283,0.0543025,-0.0821712,0.225231,0.144824,0.0344833,-0.0691908,0.256634,0.126781,0.0629168,0.2,-0.18,0,-0.128255,0.142028,-1.76672e-11,-0.2,-0.18,0
1.284,0.0542777,-0.0818622,0.225168,0.143087,0.0344486,-0.0687205,0.256816,0.126611,0.0627358,0.2,-0.18,0,-0.128255,0.142028,-1.76672e-11,-0.2,-0.18,0
1.285,0.0542523,-0.0815529,0.225104,0.141359,0.0344128,-0.0682568,0.256996,0.126441,0.0625532,0.2,-0.18,0,-0.128255,0.142028,-1.76672e-11,-0.2,-0.18,0
1.286,0.0542261,-0.0812436,0.225041,0.13964,0.0343759,-0.0677998,0.257175,0.126273,0.0623689,0.2,-0.18,0,-0.128255,0.142028,-1.76672e-11,-0.2,-0.18,0
1.287,0.0541993,-0.0809341,0.224978,0.13793,0.034338,-0.0673497,0.257354,0.126105,0.0621829,0.2,-0.18,0,-0.128255,0.142028,-1.76672e-11,-0.2,-0.18,0
1.288,0.0541717,-0.0806244,0.224916,0.136229,0.0342989,-0.0669067,0.257531,0.125939,0.0619952,0.2,-0.18,0,-0.128255,0.142028,-1.76672e-11,-0.2,-0.18,0
1.289,0.0541435,-0.0803146,0.224853,0.134538,0.0342588,-0.0664708,0.257707,0.125773,0.0618059,0.2,-0.18,0,-0.128255,0.142028,-1.76672e-11,-0.2,-0.18,0
1.29,0.0541146,-0.0800047,0.224791,0.132857,0.0342177,-0.0660424,0.257883,0.125608,0.061615,0.2,-0.18,0,-0.128255,0.142028,-1.76672e-11,-0.2,-0.18,0
1.291,0.054085,-0.0796946,0.224729,0.131186,0.0341755,-0.0656214,0.258058,0.125444,0.0614224,0.2,-0.18,0,-0.128255,0.142028,-1.76672e-11,-0.2,-0.18,0
1.292,0.0540546,-0.0793844,0.224667,0.129526,0.0341322,-0.0652081,0.258231,0.12528,0.0612283,0.2,-0.18,0,-0.128255,0.142028,-1.76672e-11,-0.2,-0.18,0
1.293,0.0540236,-0.0790741,0.224606,0.127876,0.0340878,-0.0648026,0.258404,0.125118,0.0610326,0.2,-0.18,0,-0.128255,0.142028,-1.76672e-11,-0.2,-0.18,0
1.294,0.0539919,-0.0787636,0.224544,0.126236,0.0340424,-0.064405,0.258576,0.124957,0.0608353,0.2,-0.18,0,-0.128255,0.142028,-1.76672e-11,-0.2,-0.18,0
1.295,0.0539595,-0.078453,0.224483,0.124608,0.0339959,-0.0640156,0.258747,0.124796,0.0606365,0.2,-0.18,0,-0.128255,0.142028,-1.76672e-11,-0.2,-0.18,0
1.296,0.0539264,-0.0781423,0.224422,0.122992,0.0339484,-0.0636345,0.258917,0.124636,0.0604361,0.2,-0.18,0,-0.128255,0.142028,-1.76672e-11,-0.2,-0.18,0
1.297,0.0538925,-0.0778316,0.224362,0.121387,0.0338998,-0.0632618,0.259086,0.124477,0.0602342,0.2,-0.18,0,-0.128255,0.142028,-1.76672e-11,-0.2,-0.18,0
1.298,0.053858,-0.0775207,0.224302,0.119793,0.0338501,-0.0628976,0.259254,0.124319,0.0600308,0.2,-0.18,0,-0.128255,0.142028,-1.76672e-11,-0.2,-0.18,0
1.299,0.0538228,-0.0772097,0.224242,0.118212,0.0337994,-0.0625422,0.259422,0.124162,0.0598259,0.2,-0.18,0,-0.128255,0.142028,-1.76672e-11,-0.2,-0.18,0
1.3,0.0537869,-0.0768986,0.224182,0.116643,0.0337476,-0.0621957,0.259588,0.124006,0.0596195,0.2,-0.18,0,-0.128255,0.142028,-1.76672e-11,-0.2,-0.18,0
1.301,0.0537503,-0.0765874,0.224123,0.115086,0.0336948,-0.0618581,0.259753,0.12385,0.0594117,0.2,-0.18,0,-0.128255,0.142028,-1.76672e-11,-0.2,-0.18,0
1.302,0.053713,-0.0762761,0.224064,0.113541,0.0336409,-0.0615296,0.259918,0.123696,0.0592025,0.2,-0.18,0,-0.128255,0.142028,-1.76672e-11,-0.2,-0.18,0
1.303,0.053675,-0.0759648,0.224005,0.11201,0.033586,-0.06121,0.260081,0.123542,0.0589918,0.2,-0.18,0,-0.128255,0.142028,-1.76672e-11,-0.2,-0.18,0
1.304,0.0536364,-0.0756534,0.223946,0.11049,0.03353,-0.0608994,0.260244,0.123389,0.0587796,0.2,-0.18,0,-0.128255,0.142028,-1.76672e-11,-0.2,-0.18,0
1.305,0.053597,-0.0753418,0.223888,0.108983,0.0334729,-0.0605977,0.260406,0.123237,0.0585661,0.2,-0.18,0,-0.128255,0.142028,-1.76672e-11,-0.2,-0.18,0
1.306,0.053557,-0.0750302,0.223831,0.107488,0.0334148,-0.0603049,0.260567,0.123086,0.0583512,0.2,-0.18,0,-0.128255,0.142028,-1.76672e-11,-0.2,-0.18,0
1.307,0.0535163,-0.0747186,0.223773,0.106006,0.0333556,-0.060021,0.260727,0.122935,0.058135,0.2,-0.18,0,-0.128255,0.142028,-1.76672e-11,-0.2,-0.18,0
1.308,0.053475,-0.0744068,0.223716,0.104536,0.0332953,-0.0597458,0.260886,0.122786,0.0579173,0.2,-0.18,0,-0.128255,0.142028,-1.76672e-11,-0.2,-0.18,0
1.309,0.0534329,-0.074095,0.223659,0.103078,0.0332339,-0.0594795,0.261044,0.122637,0.0576984,0.2,-0.18,0,-0.128255,0.142028,-1.76672e-11,-0.2,-0.18,0
1.31,0.0533902,-0.0737831,0.223603,0.101633,0.0331715,-0.0592219,0.261202,0.122489,0.0574781,0.2,-0.18,0,-0.128255,0.142028,-1.76672e-11,-0.2,-0.18,0
1.311,0.0533469,-0.0734711,0.223547,0.1002,0.0331079,-0.0589731,0.261358,0.122342,0.0572565,0.2,-0.18,0,-0.128255,0.142028,-1.76672e-11,-0.2,-0.18,0
1.312,0.0533029,-0.0731591,0.223491,0.0987796,0.0330433,-0.058733,0.261514,0.122196,0.0570336,0.2,-0.18,0,-0.128255,0.142028,-1.76672e-11,-0.2,-0.18,0
1.313,0.0532583,-0.072847,0.223436,0.0973712,0.0329776,-0.0585015,0.261668,0.122051,0.0568095,0.2,-0.18,0,-0.128255,0.142028,-1.76672e-11,-0.2,-0.18,0
1.314,0.053213,-0.0725348,0.223381,0.0959752,0.0329108,-0.0582787,0.261822,0.121906,0.0565841,0.2,-0.18,0,-0.128255,0.142028,-1.76672e-11,-0.2,-0.18,0
1.315,0.0531671,-0.0722226,0.223327,0.0945914,0.0328429,-0.0580646,0.261975,0.121762,0.0563574,0.2,-0.18,0,-0.128255,0.142028,-1.76672e-11,-0.2,-0.18,0
1.316,0.0531206,-0.0719103,0.223273,0.0932199,0.0327738,-0.057859,0.262127,0.12162,0.0561295,0.2,-0.18,0,-0.128255,0.142028,-1.76672e-11,-0.2,-0.18,0
1.317,0.0530734,-0.071598,0.22322,0.0918607,0.0327037,-0.0576619,0.262278,0.121477,0.0559004,0.2,-0.18,0,-0.128255,0.142028,-1.76672e-11,-0.2,-0.18,0
1.318,0.0530257,-0.0712856,0.223167,0.0905137,0.0326324,-0.0574734,0.262429,0.121336,0.0556701,0.2,-0.18,0,-0.128255,0.142028,-1.76672e-11,-0.2,-0.18,0
1.319,0.0529773,-0.0709731,0.223114,0.0891789,0.0325601,-0.0572934,0.262578,0.121196,0.0554386,0.2,-0.18,0,-0.128255,0.142028,-1.76672e-11,-0.2,-0.18,0
1.32,0.0529283,-0.0706606,0.223062,0.0878563,0.0324866,-0.0571219,0.262727,0.121056,0.0552059,0.2,-0.18,0,-0.128255,0.142028,-1.76672e-11,-0.2,-0.18,0
1.321,0.0528786,-0.0703481,0.22301,0.0865459,0.032412,-0.0569588,0.262874,0.120917,0.0549721,0.2,-0.18,0,-0.128255,0.142028,-1.76672e-11,-0.2,-0.18,0
1.322,0.0528284,-0.0700355,0.222959,0.0852477,0.0323363,-0.0568041,0.263021,0.120779,0.0547371,0.2,-0.18,0,-0.128255,0.142028,-1.76672e-11,-0.2,-0.18,0
1.323,0.0527776,-0.0697228,0.222908,0.0839616,0.0322594,-0.0566578,0.263167,0.120642,0.054501,0.2,-0.18,0,-0.128255,0.142028,-1.76672e-11,-0.2,-0.18,0
1.324,0.0527262,-0.0694101,0.222858,0.0826878,0.0321814,-0.0565198,0.263312,0.120506,0.0542638,0.2,-0.18,0,-0.128255,0.142028,-1.76672e-11,-0.2,-0.18,0
1.325,0.0526742,-0.0690974,0.222808,0.081426,0.0321023,-0.0563902,0.263457,0.12037,0.0540255,0.2,-0.18,0,-0.128255,0.142028,-1.76672e-11,-0.2,-0.18,0
1.326,0.0526216,-0.0687847,0.222759,0.0801764,0.032022,-0.0562688,0.2636,0.120235,0.0537861,0.2,-0.18,0,-0.128255,0.142028,-1.76672e-11,-0.2,-0.18,0
1.327,0.0525684,-0.0684719,0.22271,0.0789389,0.0319406,-0.0561558,0.263743,0.120102,0.0535457,0.2,-0.18,0,-0.128255,0.142028,-1.76672e-11,-0.2,-0.18,0
1.328,0.0525146,-0.068159,0.222662,0.0777135,0.0318581,-0.0560509,0.263884,0.119968,0.0533042,0.2,-0.18,0,-0.128255,0.142028,-1.76672e-11,-0.2,-0.18,0
1.329,0.0524603,-0.0678462,0.222614,0.0765002,0.0317744,-0.0559543,0.264025,0.119836,0.0530616,0.2,-0.18,0,-0.128255,0.142028,-1.76672e-11,-0.2,-0.18,0
1.33,0.0524054,-0.0675333,0.222567,0.075299,0.0316895,-0.0558658,0.264165,0.119704,0.0528181,0.2,-0.18,0,-0.128255,0.142028,-1.76672e-11,-0.2,-0.18,0
1.331,0.0523499,-0.0672203,0.22252,0.0741098,0.0316035,-0.0557854,0.264304,0.119574,0.0525735,0.2,-0.18,0,-0.128255,0.142028,-1.76672e-11,-0.2,-0.18,0
1.332,0.0522939,-0.0669074,0.222474,0.0729327,0.0315164,-0.0557132,0.264443,0.119444,0.052328,0.2,-0.18,0,-0.128255,0.142028,-1.76672e-11,-0.2,-0.18,0
1.333,0.0522373,-0.0665944,0.222429,0.0717677,0.031428,-0.0556491,0.26458,0.119314,0.0520815,0.2,-0.18,0,-0.128255,0.142028,-1.76672e-11,-0.2,-0.18,0
1.334,0.0521802,-0.0662814,0.222384,0.0706146,0.0313385,-0.055593,0.264717,0.119186,0.051834,0.2,-0.18,0,-0.128255,0.142028,-1.76672e-11,-0.2,-0.18,0
1.335,0.0521225,-0.0659684,0.222339,0.0694736,0.0312479,-0.0555449,0.264853,0.119058,0.0515856,0.2,-0.18,0,-0.128255,0.142028,-1.76672e-11,-0.2,-0.18,0
1.336,0.0520643,-0.0656553,0.222295,0.0683446,0.031156,-0.0555048,0.264988,0.118931,0.0513363,0.2,-0.18,0,-0.128255,0.142028,-1.76672e-11,-0.2,-0.18,0
1.337,0.0520055,-0.0653423,0.222252,0.0672275,0.031063,-0.0554727,0.265122,0.118805,0.051086,0.2,-0.18,0,-0.128255,0.142028,-1.76672e-11,-0.2,-0.18,0
1.338,0.0519462,-0.0650292,0.22221,0.0661224,0.0309688,-0.0554486,0.265255,0.11868,0.0508349,0.2,-0.18,0,-0.128255,0.142028,-1.76672e-11,-0.2,-0.18,0
1.339,0.0518864,-0.0647161,0.222168,0.0650293,0.0308734,-0.0554323,0.265388,0.118555,0.0505828,0.2,-0.18,0,-0.128255,0.142028,-1.76672e-11,-0.2,-0.18,0
1.34,0.0518261,-0.0644031,0.222126,0.0639481,0.0307769,-0.0554239,0.26552,0.118432,0.0503299,0.2,-0.18,0,-0.128255,0.142028,-1.76672e-11,-0.2,-0.18,0
1.341,0.0517652,-0.06409,0.222086,0.0628789,0.0306791,-0.0554234,0.265651,0.118309,0.0500762,0.2,-0.18,0,-0.128255,0.142028,-1.76672e-11,-0.2,-0.18,0
1.342,0.0517038,-0.0637769,0.222045,0.0618216,0.0305801,-0.0554306,0.265781,0.118186,0.0498216,0.2,-0.18,0,-0.128255,0.142028,-1.76672e-11,-0.2,-0.18,0
1.343,0.0516419,-0.0634638,0.222006,0.0607762,0.03048,-0.0554457,0.26591,0.118065,0.0495662,0.2,-0.18,0,-0.128255,0.142028,-1.76672e-11,-0.2,-0.18,0
1.344,0.0515795,-0.0631507,0.221967,0.0597427,0.0303786,-0.0554685,0.266039,0.117944,0.04931,0.2,-0.18,0,-0.128255,0.142028,-1.76672e-11,-0.2,-0.18,0
1.345,0.0515166,-0.0628375,0.221929,0.058721,0.0302761,-0.055499,0.266166,0.117824,0.049053,0.2,-0.18,0,-0.128255,0.142028,-1.76672e-11,-0.2,-0.18,0
1.346,0.0514532,-0.0625244,0.221892,0.0577113,0.0301723,-0.0555372,0.266293,0.117705,0.0487952,0.2,-0.18,0,-0.128255,0.142028,-1.76672e-11,-0.2,-0.18,0
1.347,0.0513894,-0.0622113,0.221855,0.0567134,0.0300673,-0.0555831,0.266419,0.117586,0.0485367,0.2,-0.18,0,-0.128255,0.142028,-1.76672e-11,-0.2,-0.18,0
1.348,0.051325,-0.0618983,0.221819,0.0557273,0.0299611,-0.0556367,0.266544,0.117469,0.0482774,0.2,-0.18,0,-0.128255,0.142028,-1.76672e-11,-0.2,-0.18,0
1.349,0.0512601,-0.0615852,0.221783,0.0547531,0.0298537,-0.0556978,0.266669,0.117352,0.0480174,0.2,-0.18,0,-0.128255,0.142028,-1.76672e-11,-0.2,-0.18,0
1.35,0.0511948,-0.0612721,0.221749,0.0537907,0.0297451,-0.0557665,0.266792,0.117236,0.0477567,0.2,-0.18,0,-0.128255,0.142028,-1.76672e-11,-0.2,-0.18,0
1.351,0.0511289,-0.060959,0.221715,0.05284,0.0296353,-0.0558428,0.266915,0.11712,0.0474952,0.2,-0.18,0,-0.128255,0.142028,-1.76672e-11,-0.2,-0.18,0
1.352,0.0510627,-0.060646,0.221681,0.0519012,0.0295242,-0.0559266,0.267037,0.117005,0.0472331,0.2,-0.18,0,-0.128255,0.142028,-1.76672e-11,-0.2,-0.18,0
1.353,0.0509959,-0.060333,0.221649,0.0509742,0.0294118,-0.0560179,0.267159,0.116891,0.0469703,0.2,-0.18,0,-0.128255,0.142028,-1.76672e-11,-0.2,-0.18,0
1.354,0.0509287,-0.06002,0.221617,0.0500589,0.0292983,-0.0561166,0.267279,0.116778,0.0467069,0.2,-0.18,0,-0.128255,0.142028,-1.76672e-11,-0.2,-0.18,0
1.355,0.050861,-0.059707,0.221586,0.0491553,0.0291835,-0.0562228,0.267399,0.116666,0.0464428,0.2,-0.18,0,-0.128255,0.142028,-1.76672e-11,-0.2,-0.18,0
1.356,0.0507929,-0.059394,0.221556,0.0482635,0.0290675,-0.0563363,0.267518,0.116554,0.0461782,0.2,-0.18,0,-0.128255,0.142028,-1.76672e-11,-0.2,-0.18,0
1.357,0.0507243,-0.0590811,0.221526,0.0473835,0.0289502,-0.0564572,0.267636,0.116443,0.0459128,0.2,-0.18,0,-0.128255,0.142028,-1.76672e-11,-0.2,-0.18,0
1.358,0.0506553,-0.0587682,0.221497,0.0465151,0.0288317,-0.0565855,0.267753,0.116333,0.045647,0.2,-0.18,0,-0.128255,0.142028,-1.76672e-11,-0.2,-0.18,0
1.359,0.0505858,-0.0584553,0.221469,0.0456584,0.0287119,-0.0567211,0.26787,0.116223,0.0453805,0.2,-0.18,0,-0.128255,0.142028,-1.76672e-11,-0.2,-0.18,0
1.36,0.0505159,-0.0581424,0.221442,0.0448134,0.0285908,-0.056864,0.267986,0.116114,0.0451134,0.2,-0.18,0,-0.128255,0.142028,-1.76672e-11,-0.2,-0.18,0
1.361,0.0504456,-0.0578296,0.221416,0.0439801,0.0284685,-0.0570141,0.268101,0.116006,0.0448459,0.2,-0.18,0,-0.128255,0.142028,-1.76672e-11,-0.2,-0.18,0
1.362,0.0503748,-0.0575168,0.22139,0.0431585,0.028345,-0.0571714,0.268215,0.115899,0.0445778,0.2,-0.18,0,-0.128255,0.142028,-1.76672e-11,-0.2,-0.18,0
1.363,0.0503036,-0.0572041,0.221365,0.0423485,0.0282202,-0.0573359,0.268329,0.115792,0.0443091,0.2,-0.18,0,-0.128255,0.142028,-1.76672e-11,-0.2,-0.18,0
1.364,0.050232,-0.0568914,0.221341,0.0415501,0.0280941,-0.0575076,0.268441,0.115686,0.04404,0.2,-0.18,0,-0.128255,0.142028,-1.76672e-11,-0.2,-0.18,0
1.365,0.05016,-0.0565787,0.221318,0.0407634,0.0279667,-0.0576864,0.268553,0.115581,0.0437704,0.2,-0.18,0,-0.128255,0.142028,-1.76672e-11,-0.2,-0.18,0
1.366,0.0500876,-0.0562661,0.221296,0.0399882,0.027838,-0.0578724,0.268664,0.115477,0.0435003,0.2,-0.18,0,-0.128255,0.142028,-1.76672e-11,-0.2,-0.18,0
1.367,0.0500148,-0.0559535,0.221274,0.0392247,0.0277081,-0.0580653,0.268775,0.115373,0.0432297,0.2,-0.18,0,-0.128255,0.142028,-1.76672e-11,-0.2,-0.18,0
1.368,0.0499416,-0.055641,0.221254,0.0384727,0.0275769,-0.0582654,0.268885,0.11527,0.0429588,0.2,-0.18,0,-0.128255,0.142028,-1.76672e-11,-0.2,-0.18,0
1.369,0.0498679,-0.0553286,0.221234,0.0377323,0.0274444,-0.0584724,0.268994,0.115167,0.0426873,0.2,-0.18,0,-0.128255,0.142028,-1.76672e-11,-0.2,-0.18,0
1.37,0.0497939,-0.0550161,0.221215,0.0370034,0.0273106,-0.0586865,0.269102,0.115066,0.0424155,0.2,-0.18,0,-0.128255,0.142028,-1.76672e-11,-0.2,-0.18,0
1.371,0.0497195,-0.0547038,0.221197,0.0362861,0.0271755,-0.0589074,0.269209,0.114965,0.0421433,0.2,-0.18,0,-0.128255,0.142028,-1.76672e-11,-0.2,-0.18,0
1.372,0.0496447,-0.0543915,0.22118,0.0355803,0.0270392,-0.0591354,0.269316,0.114864,0.0418707,0.2,-0.18,0,-0.128255,0.142028,-1.76672e-11,-0.2,-0.18,0
1.373,0.0495696,-0.0540792,0.221164,0.0348861,0.0269015,-0.0593702,0.269422,0.114765,0.0415978,0.2,-0.18,0,-0.128255,0.142028,-1.76672e-11,-0.2,-0.18,0
1.374,0.0494941,-0.053767,0.221148,0.0342033,0.0267625,-0.0596118,0.269527,0.114666,0.0413244,0.2,-0.18,0,-0.128255,0.142028,-1.76672e-11,-0.2,-0.18,0
1.375,0.0494182,-0.0534549,0.221134,0.033532,0.0266222,-0.0598603,0.269632,0.114568,0.0410508,0.2,-0.18,0,-0.128255,0.142028,-1.76672e-11,-0.2,-0.18,0
1.376,0.0493419,-0.0531428,0.22112,0.0328722,0.0264806,-0.0601156,0.269735,0.11447,0.0407768,0.2,-0.18,0,-0.128255,0.142028,-1.76672e-11,-0.2,-0.18,0
1.377,0.0492653,-0.0528308,0.221108,0.0322239,0.0263377,-0.0603777,0.269838,0.114373,0.0405026,0.2,-0.18,0,-0.128255,0.142028,-1.76672e-11,-0.2,-0.18,0
1.378,0.0491883,-0.0525189,0.221096,0.031587,0.0261934,-0.0606465,0.269941,0.114277,0.040228,0.2,-0.18,0,-0.128255,0.142028,-1.76672e-11,-0.2,-0.18,0
1.379,0.0491109,-0.052207,0.221085,0.0309616,0.0260479,-0.0609221,0.270042,0.114182,0.0399532,0.2,-0.18,0,-0.128255,0.142028,-1.76672e-11,-0.2,-0.18,0
1.38,0.0490333,-0.0518953,0.221076,0.0303475,0.025901,-0.0612043,0.270143,0.114087,0.0396781,0.2,-0.18,0,-0.128255,0.142028,-1.76672e-11,-0.2,-0.18,0
1.381,0.0489552,-0.0515836,0.221067,0.0297449,0.0257528,-0.0614932,0.270243,0.113993,0.0394028,0.2,-0.18,0,-0.128255,0.142028,-1.76672e-11,-0.2,-0.18,0
1.382,0.0488769,-0.0512719,0.221059,0.0291537,0.0256032,-0.0617887,0.270342,0.1139,0.0391272,0.2,-0.18,0,-0.128255,0.142028,-1.76672e-11,-0.2,-0.18,0
1.383,0.0487982,-0.0509604,0.221052,0.0285739,0.0254523,-0.0620908,0.270441,0.113807,0.0388515,0.2,-0.18,0,-0.128255,0.142028,-1.76672e-11,-0.2,-0.18,0
1.384,0.0487192,-0.0506489,0.221046,0.0280054,0.0253001,-0.0623995,0.270539,0.113715,0.0385755,0.2,-0.18,0,-0.128255,0.142028,-1.76672e-11,-0.2,-0.18,0
1.385,0.0486398,-0.0503375,0.221042,0.0274483,0.0251466,-0.0627147,0.270636,0.113624,0.0382993,0.2,-0.18,0,-0.128255,0.142028,-1.76672e-11,-0.2,-0.18,0
1.386,0.0485602,-0.0500262,0.221038,0.0269025,0.0249917,-0.0630364,0.270733,0.113533,0.038023,0.2,-0.18,0,-0.128255,0.142028,-1.76672e-11,-0.2,-0.18,0
1.387,0.0484802,-0.049715,0.221035,0.0263681,0.0248354,-0.0633646,0.270829,0.113443,0.0377466,0.2,-0.18,0,-0.128255,0.142028,-1.76672e-11,-0.2,-0.18,0
1.388,0.0483999,-0.0494039,0.221033,0.025845,0.0246778,-0.0636993,0.270924,0.113354,0.03747,0.2,-0.18,0,-0.128255,0.142028,-1.76672e-11,-0.2,-0.18,0
1.389,0.0483193,-0.0490928,0.221032,0.0253332,0.0245188,-0.0640404,0.271018,0.113265,0.0371932,0.2,-0.18,0,-0.128255,0.142028,-1.76672e-11,-0.2,-0.18,0
1.39,0.0482384,-0.0487819,0.221032,0.0248327,0.0243585,-0.0643878,0.271112,0.113177,0.0369164,0.2,-0.18,0,-0.128255,0.142028,-1.76672e-11,-0.2,-0.18,0
1.391,0.0481572,-0.048471,0.221034,0.0243434,0.0241968,-0.0647416,0.271205,0.113089,0.0366395,0.2,-0.18,0,-0.128255,0.142028,-1.76672e-11,-0.2,-0.18,0
1.392,0.0480757,-0.0481603,0.221036,0.0238655,0.0240337,-0.0651018,0.271297,0.113003,0.0363625,0.2,-0.18,0,-0.128255,0.142028,-1.76672e-11,-0.2,-0.18,0
1.393,0.0479939,-0.0478496,0.221039,0.0233988,0.0238693,-0.0654682,0.271389,0.112917,0.0360854,0.2,-0.18,0,-0.128255,0.142028,-1.76672e-11,-0.2,-0.18,1.3471e-06
1.394,0.0479118,-0.0475391,0.221044,0.0229433,0.0237035,-0.0658409,0.271479,0.112831,0.0358083,0.2,-0.18,0,-0.128255,0.142028,-1.76672e-11,-0.199999,-0.18,6.95871e-06
1.395,0.0478295,-0.0472287,0.221049,0.022499,0.0235364,-0.0662199,0.27157,0.112747,0.0355312,0.2,-0.18,0,-0.128255,0.142028,-1.76672e-11,-0.199999,-0.18,1.69138e-05
1.396,0.0477469,-0.0469183,0.221056,0.022066,0.0233678,-0.0666051,0.271659,0.112662,0.0352541,0.2,-0.18,0,-0.128255,0.142028,-1.76672e-11,-0.199997,-0.179999,3.11893e-05
1.397,0.047664,-0.0466081,0.221064,0.0216442,0.0231979,-0.0669964,0.271748,0.112579,0.0349769,0.2,-0.18,0,-0.128255,0.142028,-1.76672e-11,-0.199996,-0.179999,4.97624e-05
1.398,0.0475808,-0.046298,0.221073,0.0212335,0.0230265,-0.0673939,0.271836,0.112496,0.0346998,0.2,-0.18,0,-0.128255,0.142028,-1.76672e-11,-0.199994,-0.179998,7.261e-05
1.399,0.0474974,-0.045988,0.221083,0.0208341,0.0228538,-0.0677975,0.271923,0.112414,0.0344227,0.2,-0.18,0,-0.128255,0.142028,-1.76672e-11,-0.199992,-0.179998,9.97092e-05
1.4,0.0474137,-0.0456781,0.221094,0.0204458,0.0226797,-0.0682072,0.27201,0.112333,0.0341456,0.2,-0.18,0,-0.128255,0.142028,-1.76672e-11,-0.199989,-0.179997,0.000131037
1.401,0.0473298,-0.0453683,0.221106,0.0200686,0.0225042,-0.068623,0.272096,0.112252,0.0338687,0.2,-0.18,0,-0.128255,0.142028,-1.76672e-11,-0.199986,-0.179996,0.00016657
1.402,0.0472456,-0.0450586,0.221119,0.0197024,0.0223273,-0.0690447,0.272182,0.112171,0.0335917,0.2,-0.18,0,-0.128255,0.142028,-1.76672e-11,-0.199982,-0.179995,0.000206287
1.403,0.0471612,-0.0447491,0.221134,0.019347,0.0221492,-0.0694721,0.272266,0.112092,0.0333149,0.2,-0.18,0,-0.128255,0.142028,-1.76672e-11,-0.199978,-0.179994,0.000250162
1.404,0.0470765,-0.0444397,0.221149,0.0190022,0.0219697,-0.0699052,0.27235,0.112013,0.0330382,0.2,-0.18,0,-0.128255,0.142028,-1.76672e-11,-0.199974,-0.179993,0.000298175
1.405,0.0469916,-0.0441304,0.221166,0.0186679,0.021789,-0.0703439,0.272434,0.111934,0.0327616,0.2,-0.18,0,-0.128255,0.142028,-1.76672e-11,-0.19997,-0.179991,0.000350301
1.406,0.0469065,-0.0438212,0.221184,0.0183438,0.0216071,-0.0707878,0.272517,0.111857,0.0324852,0.2,-0.18,0,-0.128255,0.142028,-1.76672e-11,-0.199964,-0.17999,0.000406518
1.407,0.0468212,-0.0435121,0.221202,0.0180299,0.021424,-0.0712371,0.272599,0.11178,0.0322089,0.2,-0.18,0,-0.128255,0.142028,-1.76672e-11,-0.199959,-0.179988,0.000466803
1.408,0.0467356,-0.0432031,0.221222,0.0177259,0.0212398,-0.0716914,0.27268,0.111703,0.0319327,0.2,-0.18,0,-0.128255,0.142028,-1.76672e-11,-0.199953,-0.179987,0.000531133
1.409,0.0466499,-0.0428943,0.221244,0.0174316,0.0210545,-0.0721507,0.272761,0.111627,0.0316568,0.2,-0.18,0,-0.128255,0.142028,-1.76672e-11,-0.199947,-0.179985,0.000599484
1.41,0.046564,-0.0425856,0.221266,0.017147,0.0208681,-0.0726147,0.272841,0.111552,0.031381,0.2,-0.18,0,-0.128255,0.142028,-1.76672e-11,-0.19994,-0.179983,0.000671834
1.411,0.0464778,-0.042277,0.221289,0.0168718,0.0206808,-0.0730835,0.27292,0.111477,0.0311055,0.2,-0.18,0,-0.128255,0.142028,-1.76672e-11,-0.199933,-0.179981,0.000748161
1.412,0.0463915,-0.0419685,0.221314,0.0166058,0.0204924,-0.0735568,0.272999,0.111403,0.0308302,0.2,-0.18,0,-0.128255,0.142028,-1.76672e-11,-0.199925,-0.179979,0.00082844
1.413,0.046305,-0.0416601,0.221339,0.0163488,0.0203032,-0.0740345,0.273077,0.11133,0.0305551,0.2,-0.18,0,-0.128255,0.142028,-1.76672e-11,-0.199917,-0.179977,0.000912649
1.414,0.0462184,-0.0413519,0.221366,0.0161008,0.020113,-0.0745165,0.273155,0.111257,0.0302803,0.2,-0.18,0,-0.128255,0.142028,-1.76672e-11,-0.199909,-0.179974,0.00100077
1.415,0.0461315,-0.0410437,0.221393,0.0158615,0.0199219,-0.0750026,0.273231,0.111185,0.0300058,0.2,-0.18,0,-0.128255,0.142028,-1.76672e-11,-0.1999,-0.179972,0.00109277
1.416,0.0460445,-0.0407357,0.221422,0.0156307,0.0197301,-0.0754926,0.273308,0.111113,0.0297315,0.2,-0.18,0,-0.128255,0.142028,-1.76672e-11,-0.199891,-0.179969,0.00118863
1.417,0.0459574,-0.0404278,0.221452,0.0154083,0.0195374,-0.0759866,0.273383,0.111042,0.0294576,0.2,-0.18,0,-0.128255,0.142028,-1.76672e-11,-0.199881,-0.179966,0.00128833
1.418,0.0458701,-0.0401201,0.221483,0.0151941,0.019344,-0.0764842,0.273458,0.110972,0.029184,0.2,-0.18,0,-0.128255,0.142028,-1.76672e-11,-0.199871,-0.179963,0.00139184
1.419,0.0457827,-0.0398124,0.221515,0.0149879,0.0191499,-0.0769854,0.273532,0.110902,0.0289107,0.2,-0.18,0,-0.128255,0.142028,-1.76672e-11,-0.199861,-0.17996,0.00149915
1.42,0.0456951,-0.0395049,0.221549,0.0147896,0.0189552,-0.0774901,0.273606,0.110833,0.0286378,0.2,-0.18,0,-0.128255,0.142028,-1.76672e-11,-0.19985,-0.179957,0.00161022
1.421,0.0456074,-0.0391975,0.221583,0.0145989,0.0187598,-0.077998,0.273679,0.110765,0.0283652,0.2,-0.18,0,-0.128255,0.142028,-1.76672e-11,-0.199838,-0.179954,0.00172505
1.422,0.0455196,-0.0388902,0.221618,0.0144158,0.0185638,-0.0785091,0.273751,0.110697,0.028093,0.2,-0.18,0,-0.128255,0.142028,-1.76672e-11,-0.199826,-0.179951,0.00184359
1.423,0.0454316,-0.038583,0.221655,0.01424,0.0183672,-0.0790232,0.273823,0.110629,0.0278212,0.2,-0.18,0,-0.128255,0.142028,-1.76672e-11,-0.199814,-0.179947,0.00196584
1.424,0.0453436,-0.038276,0.221692,0.0140713,0.0181702,-0.0795402,0.273894,0.110562,0.0275499,0.2,-0.18,0,-0.128255,0.142028,-1.76672e-11,-0.199801,-0.179943,0.00209176
1.425,0.0452554,-0.0379691,0.221731,0.0139097,0.0179727,-0.0800599,0.273964,0.110496,0.0272789,0.2,-0.18,0,-0.128255,0.142028,-1.76672e-11,-0.199787,-0.17994,0.00222134
1.426,0.0451672,-0.0376622,0.22177,0.0137548,0.0177747,-0.0805822,0.274034,0.11043,0.0270084,0.2,-0.18,0,-0.128255,0.142028,-1.76672e-11,-0.199774,-0.179936,0.00235455
1.427,0.0450788,-0.0373556,0.221811,0.0136066,0.0175763,-0.081107,0.274104,0.110365,0.0267384,0.2,-0.18,0,-0.128255,0.142028,-1.76672e-11,-0.199759,-0.179932,0.00249136
1.428,0.0449904,-0.037049,0.221853,0.0134648,0.0173776,-0.0816341,0.274172,0.110301,0.0264688,0.2,-0.18,0,-0.128255,0.142028,-1.76672e-11,-0.199745,-0.179928,0.00263177
1.429,0.0449019,-0.0367426,0.221896,0.0133294,0.0171785,-0.0821634,0.27424,0.110237,0.0261997,0.2,-0.18,0,-0.128255,0.142028,-1.76672e-11,-0.199729,-0.179923,0.00277573
1.43,0.0448133,-0.0364362,0.22194,0.0132,0.0169792,-0.0826948,0.274308,0.110174,0.0259311,0.2,-0.18,0,-0.128255,0.142028,-1.76672e-11,-0.199714,-0.179919,0.00292323
1.431,0.0447246,-0.03613,0.221985,0.0130766,0.0167796,-0.0832281,0.274374,0.110111,0.025663,0.2,-0.18,0,-0.128255,0.142028,-1.76672e-11,-0.199697,-0.179914,0.00307426
1.432,0.0446359,-0.035824,0.222031,0.012959,0.0165798,-0.0837631,0.274441,0.110049,0.0253955,0.2,-0.18,0,-0.128255,0.142028,-1.76672e-11,-0.199681,-0.179909,0.00322877
1.433,0.0445472,-0.035518,0.222078,0.012847,0.0163798,-0.0842998,0.274506,0.109987,0.0251285,0.2,-0.18,0,-0.128255,0.142028,-1.76672e-11,-0.199664,-0.179905,0.00338675
1.434,0.0444583,-0.0352122,0.222126,0.0127404,0.0161797,-0.0848379,0.274571,0.109926,0.0248621,0.2,-0.18,0,-0.128255,0.142028,-1.76672e-11,-0.199646,-0.1799,0.00354819
1.435,0.0443695,-0.0349065,0.222175,0.012639,0.0159795,-0.0853774,0.274635,0.109866,0.0245962,0.2,-0.18,0,-0.128255,0.142028,-1.76672e-11,-0.199628,-0.179894,0.00371304
1.436,0.0442806,-0.0346009,0.222226,0.0125427,0.0157793,-0.0859182,0.274699,0.109806,0.024331,0.2,-0.18,0,-0.128255,0.142028,-1.76672e-11,-0.199609,-0.179889,0.0038813
1.437,0.0441917,-0.0342954,0.222277,0.0124513,0.015579,-0.08646,0.274762,0.109746,0.0240664,0.2,-0.18,0,-0.128255,0.142028,-1.76672e-11,-0.19959,-0.179884,0.00405294
1.438,0.0441027,-0.0339901,0.222329,0.0123647,0.0153787,-0.0870028,0.274825,0.109687,0.0238023,0.2,-0.18,0,-0.128255,0.142028,-1.76672e-11,-0.19957,-0.179878,0.00422793
1.439,0.0440137,-0.0336849,0.222383,0.0122826,0.0151786,-0.0875463,0.274887,0.109629,0.023539,0.2,-0.18,0,-0.128255,0.142028,-1.76672e-11,-0.19955,-0.179872,0.00440626
1.44,0.0439248,-0.0333798,0.222437,0.0122049,0.0149785,-0.0880905,0.274948,0.109572,0.0232762,0.2,-0.18,0,-0.128255,0.142028,-1.76672e-11,-0.199529,-0.179866,0.00458789
1.441,0.0438358,-0.0330748,0.222493,0.0121313,0.0147785,-0.0886353,0.275009,0.109514,0.0230142,0.2,-0.18,0,-0.128255,0.142028,-1.76672e-11,-0.199508,-0.17986,0.00477282
1.442,0.0437468,-0.03277,0.22255,0.0120619,0.0145787,-0.0891804,0.275069,0.109458,0.0227528,0.2,-0.18,0,-0.128255,0.142028,-1.76672e-11,-0.199486,-0.179854,0.004961
1.443,0.0436578,-0.0324653,0.222607,0.0119963,0.0143792,-0.0897258,0.275129,0.109402,0.0224921,0.2,-0.18,0,-0.128255,0.142028,-1.76672e-11,-0.199464,-0.179848,0.00515243
1.444,0.0435689,-0.0321607,0.222666,0.0119343,0.0141799,-0.0902713,0.275188,0.109346,0.0222322,0.2,-0.18,0,-0.128255,0.142028,-1.76672e-11,-0.199441,-0.179841,0.00534708
1.445,0.0434799,-0.0318562,0.222725,0.0118759,0.0139808,-0.0908168,0.275247,0.109291,0.021973,0.2,-0.18,0,-0.128255,0.142028,-1.76672e-11,-0.199418,-0.179835,0.00554492
1.446,0.043391,-0.0315519,0.222786,0.0118209,0.0137821,-0.0913621,0.275305,0.109237,0.0217145,0.2,-0.18,0,-0.128255,0.142028,-1.76672e-11,-0.199394,-0.179828,0.00574593
1.447,0.0433021,-0.0312477,0.222848,0.011769,0.0135838,-0.0919071,0.275362,0.109183,0.0214568,0.2,-0.18,0,-0.128255,0.142028,-1.76672e-11,-0.199369,-0.179821,0.00595009
1.448,0.0432133,-0.0309436,0.222911,0.01172,0.0133859,-0.0924517,0.275419,0.10913,0.0211999,0.2,-0.18,0,-0.128255,0.142028,-1.76672e-11,-0.199344,-0.179814,0.00615737
1.449,0.0431245,-0.0306396,0.222975,0.011674,0.0131884,-0.0929957,0.275475,0.109077,0.0209437,0.2,-0.18,0,-0.128255,0.142028,-1.76672e-11,-0.199319,-0.179807,0.00636776
1.45,0.0430357,-0.0303358,0.223039,0.0116305,0.0129914,-0.0935389,0.275531,0.109024,0.0206884,0.2,-0.18,0,-0.128255,0.142028,-1.76672e-11,-0.199293,-0.179799,0.00658123
1.451,0.042947,-0.0300321,0.223105,0.0115896,0.0127949,-0.0940813,0.275586,0.108973,0.0204339,0.2,-0.18,0,-0.128255,0.142028,-1.76672e-11,-0.199266,-0.179792,0.00679776
1.452,0.0428584,-0.0297285,0.223172,0.0115509,0.012599,-0.0946227,0.27564,0.108921,0.0201802,0.2,-0.18,0,-0.128255,0.142028,-1.76672e-11,-0.199239,-0.179784,0.00701732
1.453,0.0427698,-0.029425,0.22324,0.0115144,0.0124037,-0.095163,0.275694,0.108871,0.0199274,0.2,-0.18,0,-0.128255,0.142028,-1.76672e-11,-0.199211,-0.179776,0.00723989
1.454,0.0426814,-0.0291217,0.223309,0.0114798,0.012209,-0.095702,0.275748,0.108821,0.0196754,0.2,-0.18,0,-0.128255,0.142028,-1.76672e-11,-0.199183,-0.179768,0.00746545
1.455,0.042593,-0.0288185,0.223379,0.011447,0.012015,-0.0962396,0.2758,0.108771,0.0194243,0.2,-0.18,0,-0.128255,0.142028,-1.76672e-11,-0.199154,-0.17976,0.00769398
1.456,0.0425046,-0.0285154,0.22345,0.0114158,0.0118217,-0.0967756,0.275853,0.108722,0.0191741,0.2,-0.18,0,-0.128255,0.142028,-1.76672e-11,-0.199125,-0.179752,0.00792545
1.457,0.0424164,-0.0282125,0.223522,0.011386,0.0116292,-0.09731,0.275904,0.108673,0.0189249,0.2,-0.18,0,-0.128255,0.142028,-1.76672e-11,-0.199095,-0.179743,0.00815983
1.458,0.0423283,-0.0279097,0.223595,0.0113575,0.0114374,-0.0978425,0.275956,0.108625,0.0186766,0.2,-0.18,0,-0.128255,0.142028,-1.76672e-11,-0.199064,-0.179734,0.00839712
1.459,0.0422403,-0.027607,0.223668,0.0113301,0.0112465,-0.0983731,0.276006,0.108577,0.0184292,0.2,-0.18,0,-0.128255,0.142028,-1.76672e-11,-0.199033,-0.179726,0.00863727
1.46,0.0421524,-0.0273044,0.223743,0.0113035,0.0110564,-0.0989015,0.276056,0.10853,0.0181827,0.2,-0.18,0,-0.128255,0.142028,-1.76672e-11,-0.199001,-0.179717,0.00888028
1.461,0.0420646,-0.027002,0.223819,0.0112778,0.0108672,-0.0994278,0.276106,0.108484,0.0179373,0.2,-0.18,0,-0.128255,0.142028,-1.76672e-11,-0.198969,-0.179707,0.00912612
1.462,0.041977,-0.0266997,0.223896,0.0112526,0.010679,-0.0999516,0.276155,0.108438,0.0176928,0.2,-0.18,0,-0.128255,0.142028,-1.76672e-11,-0.198936,-0.179698,0.00937475
1.463,0.0418894,-0.0263975,0.223974,0.0112277,0.0104918,-0.100473,0.276204,0.108392,0.0174493,0.2,-0.18,0,-0.128255,0.142028,-1.76672e-11,-0.198902,-0.179689,0.00962617
1.464,0.041802,-0.0260954,0.224053,0.0112031,0.0103055,-0.100992,0.276252,0.108347,0.0172069,0.2,-0.18,0,-0.128255,0.142028,-1.76672e-11,-0.198868,-0.179679,0.00988035
1.465,0.0417148,-0.0257935,0.224133,0.0111786,0.0101204,-0.101507,0.276299,0.108302,0.0169655,0.2,-0.18,0,-0.128255,0.142028,-1.76672e-11,-0.198833,-0.179669,0.0101373
1.466,0.0416277,-0.0254917,0.224214,0.0111539,0.00993628,-0.10202,0.276346,0.108258,0.0167251,0.2,-0.18,0,-0.128255,0.142028,-1.76672e-11,-0.198798,-0.179659,0.0103969
1.467,0.0415408,-0.02519,0.224296,0.0111289,0.00975334,-0.10253,0.276392,0.108215,0.0164859,0.2,-0.18,0,-0.128255,0.142028,-1.76672e-11,-0.198762,-0.179649,0.0106592
1.468,0.041454,-0.0248885,0.224379,0.0111035,0.00957157,-0.103037,0.276438,0.108172,0.0162476,0.2,-0.18,0,-0.128255,0.142028,-1.76672e-11,-0.198725,-0.179638,0.0109242
1.469,0.0413674,-0.0245871,0.224463,0.0110774,0.00939102,-0.10354,0.276484,0.108129,0.0160105,0.2,-0.18,0,-0.128255,0.142028,-1.76672e-11,-0.198688,-0.179628,0.0111918
1.47,0.041281,-0.0242858,0.224548,0.0110504,0.00921171,-0.10404,0.276528,0.108087,0.0157745,0.2,-0.18,0,-0.128255,0.142028,-1.76672e-11,-0.19865,-0.179617,0.0114621
1.471,0.0411947,-0.0239847,0.224633,0.0110225,0.00903369,-0.104536,0.276573,0.108045,0.0155397,0.2,-0.18,0,-0.128255,0.142028,-1.76672e-11,-0.198612,-0.179606,0.0117349
1.472,0.0411086,-0.0236837,0.22472,0.0109934,0.00885699,-0.105029,0.276616,0.108004,0.0153059,0.2,-0.18,0,-0.128255,0.142028,-1.76672e-11,-0.198573,-0.179595,0.0120103
1.473,0.0410228,-0.0233828,0.224808,0.0109629,0.00868166,-0.105517,0.27666,0.107963,0.0150733,0.2,-0.18,0,-0.128255,0.142028,-1.76672e-11,-0.198533,-0.179584,0.0122883
1.474,0.0409371,-0.023082,0.224897,0.010931,0.00850773,-0.106002,0.276703,0.107923,0.0148419,0.2,-0.18,0,-0.128255,0.142028,-1.76672e-11,-0.198493,-0.179572,0.0125688
1.475,0.0408517,-0.0227814,0.224986,0.0108973,0.00833524,-0.106482,0.276745,0.107883,0.0146117,0.2,-0.18,0,-0.128255,0.142028,-1.76672e-11,-0.198452,-0.179561,0.0128518
1.476,0.0407664,-0.0224809,0.225077,0.0108618,0.00816423,-0.106958,0.276787,0.107844,0.0143827,0.2,-0.18,0,-0.128255,0.142028,-1.76672e-11,-0.198411,-0.179549,0.0131373
1.477,0.0406814,-0.0221806,0.225169,0.0108243,0.00799473,-0.107429,0.276828,0.107805,0.0141549,0.2,-0.18,0,-0.128255,0.142028,-1.76672e-11,-0.198368,-0.179537,0.0134252
1.478,0.0405966,-0.0218803,0.225261,0.0107845,0.00782679,-0.107896,0.276869,0.107767,0.0139284,0.2,-0.18,0,-0.128255,0.142028,-1.76672e-11,-0.198326,-0.179525,0.0137156
1.479,0.040512,-0.0215802,0.225355,0.0107423,0.00766045,-0.108359,0.276909,0.107729,0.013703,0.2,-0.18,0,-0.128255,0.142028,-1.76672e-11,-0.198282,-0.179513,0.0140084
1.48,0.0404277,-0.0212803,0.22545,0.0106976,0.00749574,-0.108816,0.276949,0.107692,0.013479,0.2,-0.18,0,-0.128255,0.142028,-1.76672e-11,-0.198238,-0.1795,0.0143036
1.481,0.0403436,-0.0209804,0.225545,0.0106502,0.00733269,-0.109268,0.276988,0.107655,0.0132562,0.2,-0.18,0,-0.128255,0.142028,-1.76672e-11,-0.198193,-0.179487,0.0146012
1.482,0.0402597,-0.0206807,0.225642,0.0105999,0.00717136,-0.109715,0.277027,0.107619,0.0130347,0.2,-0.18,0,-0.128255,0.142028,-1.76672e-11,-0.198148,-0.179474,0.0149011
1.483,0.0401761,-0.0203812,0.225739,0.0105464,0.00701178,-0.110157,0.277065,0.107583,0.0128146,0.2,-0.18,0,-0.128255,0.142028,-1.76672e-11,-0.198101,-0.179461,0.0152033
1.484,0.0400928,-0.0200817,0.225837,0.0104898,0.00685398,-0.110594,0.277103,0.107547,0.0125957,0.2,-0.18,0,-0.128255,0.142028,-1.76672e-11,-0.198055,-0.179448,0.0155078
1.485,0.0400097,-0.0197824,0.225937,0.0104297,0.006698,-0.111025,0.27714,0.107512,0.0123782,0.2,-0.18,0,-0.128255,0.142028,-1.76672e-11,-0.198007,-0.179435,0.0158146
1.486,0.0399269,-0.0194833,0.226037,0.010366,0.00654389,-0.11145,0.277177,0.107477,0.0121621,0.2,-0.18,0,-0.128255,0.142028,-1.76672e-11,-0.197959,-0.179421,0.0161237
1.487,0.0398444,-0.0191842,0.226138,0.0102985,0.00639167,-0.111869,0.277213,0.107443,0.0119473,0.2,-0.18,0,-0.128255,0.142028,-1.76672e-11,-0.19791,-0.179407,0.016435
1.488,0.0397622,-0.0188853,0.22624,0.0102271,0.0062414,-0.112283,0.277249,0.10741,0.0117339,0.2,-0.18,0,-0.128255,0.142028,-1.76672e-11,-0.197861,-0.179393,0.0167484
1.489,0.0396803,-0.0185866,0.226344,0.0101515,0.0060931,-0.11269,0.277284,0.107376,0.0115219,0.2,-0.18,0,-0.128255,0.142028,-1.76672e-11,-0.197811,-0.179379,0.0170641
1.49,0.0395987,-0.0182879,0.226448,0.0100717,0.00594682,-0.113091,0.277319,0.107344,0.0113113,0.2,-0.18,0,-0.128255,0.142028,-1.76672e-11,-0.19776,-0.179364,0.017382
1.491,0.0395174,-0.0179894,0.226553,0.00998741,0.0058026,-0.113485,0.277354,0.107311,0.0111022,0.2,-0.18,0,-0.128255,0.142028,-1.76672e-11,-0.197708,-0.17935,0.0177019
1.492,0.0394363,-0.0176911,0.226658,0.00989847,0.00566046,-0.113874,0.277388,0.107279,0.0108945,0.2,-0.18,0,-0.128255,0.142028,-1.76672e-11,-0.197656,-0.179335,0.018024
1.493,0.0393557,-0.0173928,0.226765,0.00980472,0.00552046,-0.114255,0.277421,0.107248,0.0106882,0.2,-0.18,0,-0.128255,0.142028,-1.76672e-11,-0.197603,-0.17932,0.0183482
1.494,0.0392753,-0.0170947,0.226873,0.00970598,0.00538263,-0.11463,0.277454,0.107217,0.0104835,0.2,-0.18,0,-0.128255,0.142028,-1.76672e-11,-0.197549,-0.179305,0.0186745
1.495,0.0391952,-0.0167968,0.226982,0.00960208,0.005247,-0.114997,0.277487,0.107186,0.0102802,0.2,-0.18,0,-0.128255,0.142028,-1.76672e-11,-0.197495,-0.179289,0.0190027
1.496,0.0391155,-0.0164989,0.227091,0.00949285,0.00511362,-0.115358,0.277519,0.107156,0.0100784,0.2,-0.18,0,-0.128255,0.142028,-1.76672e-11,-0.19744,-0.179274,0.0193331
1.497,0.0390362,-0.0162012,0.227202,0.00937811,0.00498252,-0.115711,0.277551,0.107126,0.00987817,0.2,-0.18,0,-0.128255,0.142028,-1.76672e-11,-0.197384,-0.179258,0.0196654
1.498,0.0389572,-0.0159037,0.227313,0.00925769,0.00485375,-0.116057,0.277582,0.107097,0.00967946,0.2,-0.18,0,-0.128255,0.142028,-1.76672e-11,-0.197328,-0.179242,0.0199997
1.499,0.0388785,-0.0156063,0.227426,0.00913141,0.00472734,-0.116396,0.277613,0.107068,0.00948231,0.2,-0.18,0,-0.128255,0.142028,-1.76672e-11,-0.197271,-0.179226,0.0203359
1.5,0.0388002,-0.015309,0.227539,0.00899911,0.00460332,-0.116726,0.277643,0.107039,0.00928672,0.2,-0.18,0,-0.128255,0.142028,-1.76672e-11,-0.197213,-0.179209,0.0206741
1.501,0.0387223,-0.0150118,0.227653,0.00886062,0.00448175,-0.11705,0.277673,0.107011,0.00909272,0.2,-0.18,0,-0.128255,0.142028,-1.76672e-11,-0.197154,-0.179193,0.0210142
1.502,0.0386448,-0.0147148,0.227769,0.0087159,0.00436264,-0.117365,0.277703,0.106983,0.00890031,0.2,-0.18,0,-0.128255,0.142028,-1.76672e-11,-0.197095,-0.179176,0.0213562
1.503,0.0385676,-0.014418,0.227885,0.00856489,0.00424605,-0.117672,0.277732,0.106956,0.00870952,0.2,-0.18,0,-0.128255,0.142028,-1.76672e-11,-0.197035,-0.179159,0.0217
1.504,0.0384908,-0.0141212,0.228002,0.00840757,0.00413201,-0.117972,0.27776,0.106929,0.00852036,0.2,-0.18,0,-0.128255,0.142028,-1.76672e-11,-0.196974,-0.179141,0.0220457
1.505,0.0384144,-0.0138246,0.228119,0.00824389,0.00402054,-0.118264,0.277788,0.106903,0.00833284,0.2,-0.18,0,-0.128255,0.142028,-1.76672e-11,-0.196912,-0.179124,0.0223932
1.506,0.0383383,-0.0135281,0.228238,0.00807381,0.0039117,-0.118549,0.277816,0.106877,0.00814698,0.2,-0.18,0,-0.128255,0.142028,-1.76672e-11,-0.19685,-0.179106,0.0227425
1.507,0.0382627,-0.0132318,0.228357,0.00789729,0.00380552,-0.118825,0.277843,0.106851,0.00796279,0.2,-0.18,0,-0.128255,0.142028,-1.76672e-11,-0.196787,-0.179088,0.0230936
1.508,0.0381875,-0.0129355,0.228478,0.00771429,0.00370202,-0.119094,0.27787,0.106826,0.00778029,0.2,-0.18,0,-0.128255,0.142028,-1.76672e-11,-0.196723,-0.17907,0.0234464
1.509,0.0381126,-0.0126394,0.228599,0.00752478,0.00360126,-0.119355,0.277896,0.106801,0.0075995,0.2,-0.18,0,-0.128255,0.142028,-1.76672e-11,-0.196659,-0.179052,0.0238009
1.51,0.0380382,-0.0123435,0.22872,0.00732871,0.00350326,-0.119608,0.277922,0.106777,0.00742043,0.2,-0.18,0,-0.128255,0.142028,-1.76672e-11,-0.196594,-0.179033,0.0241571
1.511,0.0379642,-0.0120476,0.228843,0.00712604,0.00340807,-0.119854,0.277948,0.106753,0.00724309,0.2,-0.18,0,-0.128255,0.142028,-1.76672e-11,-0.196528,-0.179015,0.0245151
1.512,0.0378906,-0.0117519,0.228966,0.00691675,0.00331571,-0.120092,0.277973,0.106729,0.00706751,0.2,-0.18,0,-0.128255,0.142028,-1.76672e-11,-0.196461,-0.178996,0.0248746
1.513,0.0378174,-0.0114563,0.22909,0.00670078,0.00322623,-0.120322,0.277998,0.106706,0.00689369,0.2,-0.18,0,-0.128255,0.142028,-1.76672e-11,-0.196393,-0.178977,0.0252358
1.514,0.0377446,-0.0111608,0.229215,0.00647809,0.00313966,-0.120544,0.278022,0.106683,0.00672165,0.2,-0.18,0,-0.128255,0.142028,-1.76672e-11,-0.196325,-0.178957,0.0255986
1.515,0.0376723,-0.0108654,0.229341,0.00624865,0.00305603,-0.120759,0.278046,0.106661,0.0065514,0.2,-0.18,0,-0.128255,0.142028,-1.76672e-11,-0.196256,-0.178938,0.025963
1.516,0.0376003,-0.0105702,0.229467,0.00601242,0.0029754,-0.120966,0.278069,0.106639,0.00638297,0.2,-0.18,0,-0.128255,0.142028,-1.76672e-11,-0.196186,-0.178918,0.026329
1.517,0.0375289,-0.0102751,0.229594,0.00576937,0.00289778,-0.121165,0.278092,0.106617,0.00621636,0.2,-0.18,0,-0.128255,0.142028,-1.76672e-11,-0.196115,-0.178898,0.0266965
1.518,0.0374578,-0.00998009,0.229721,0.00551944,0.00282322,-0.121357,0.278115,0.106596,0.0060516,0.2,-0.18,0,-0.128255,0.142028,-1.76672e-11,-0.196044,-0.178878,0.0270655
1.519,0.0373872,-0.0096852,0.22985,0.0052626,0.00275175,-0.121541,0.278137,0.106575,0.00588869,0.2,-0.18,0,-0.128255,0.142028,-1.76672e-11,-0.195972,-0.178857,0.0274361
1.52,0.0373171,-0.00939043,0.229978,0.00499881,0.00268342,-0.121717,0.278159,0.106555,0.00572766,0.2,-0.18,0,-0.128255,0.142028,-1.76672e-11,-0.195899,-0.178836,0.027808
1.521,0.0372474,-0.00909577,0.230108,0.00472803,0.00261825,-0.121885,0.27818,0.106534,0.00556851,0.2,-0.18,0,-0.128255,0.142028,-1.76672e-11,-0.195825,-0.178815,0.0281815
1.522,0.0371781,-0.00880123,0.230238,0.00445022,0.00255628,-0.122046,0.278201,0.106515,0.00541126,0.2,-0.18,0,-0.128255,0.142028,-1.76672e-11,-0.19575,-0.178794,0.0285564
1.523,0.0371093,-0.0085068,0.230369,0.00416535,0.00249755,-0.122199,0.278222,0.106495,0.00525593,0.2,-0.18,0,-0.128255,0.142028,-1.76672e-11,-0.195675,-0.178773,0.0289326
1.524,0.037041,-0.00821248,0.2305,0.00387337,0.0024421,-0.122345,0.278242,0.106476,0.00510254,0.2,-0.18,0,-0.128255,0.142028,-1.76672e-11,-0.195599,-0.178751,0.0293103
1.525,0.0369731,-0.00791827,0.230632,0.00357425,0.00238996,-0.122483,0.278262,0.106458,0.00495109,0.2,-0.18,0,-0.128255,0.142028,-1.76672e-11,-0.195522,-0.178729,0.0296893
1.526,0.0369058,-0.00762416,0.230764,0.00326794,0.00234117,-0.122613,0.278282,0.106439,0.00480161,0.2,-0.18,0,-0.128255,0.142028,-1.76672e-11,-0.195444,-0.178707,0.0300696
1.527,0.0368388,-0.00733017,0.230897,0.00295441,0.00229577,-0.122735,0.278301,0.106421,0.0046541,0.2,-0.18,0,-0.128255,0.142028,-1.76672e-11,-0.195366,-0.178685,0.0304513
1.528,0.0367724,-0.00703628,0.23103,0.00263361,0.00225379,-0.12285,0.278319,0.106404,0.00450859,0.2,-0.18,0,-0.128255,0.142028,-1.76672e-11,-0.195286,-0.178663,0.0308342
1.529,0.0367065,-0.00674249,0.231164,0.00230551,0.00221526,-0.122957,0.278338,0.106387,0.00436509,0.2,-0.18,0,-0.128255,0.142028,-1.76672e-11,-0.195206,-0.17864,0.0312184
1.53,0.036641,-0.00644881,0.231298,0.00197006,0.00218023,-0.123057,0.278356,0.10637,0.00422361,0.2,-0.18,0,-0.128255,0.142028,-1.76672e-11,-0.195125,-0.178617,0.0316039
1.531,0.036576,-0.00615524,0.231433,0.00162724,0.00214873,-0.123149,0.278373,0.106353,0.00408417,0.2,-0.18,0,-0.128255,0.142028,-1.76672e-11,-0.195043,-0.178594,0.0319905
1.532,0.0365116,-0.00586176,0.231568,0.00127699,0.0021208,-0.123233,0.27839,0.106337,0.00394679,0.2,-0.18,0,-0.128255,0.142028,-1.76672e-11,-0.19496,-0.17857,0.0323784
1.533,0.0364476,-0.00556839,0.231704,0.000919286,0.00209647,-0.12331,0.278407,0.106322,0.00381147,0.2,-0.18,0,-0.128255,0.142028,-1.76672e-11,-0.194877,-0.178546,0.0327674
1.534,0.0363841,-0.00527512,0.23184,0.00055408,0.00207579,-0.123379,0.278423,0.106306,0.00367824,0.2,-0.18,0,-0.128255,0.142028,-1.76672e-11,-0.194793,-0.178522,0.0331576
1.535,0.0363211,-0.00498194,0.231977,0.000181335,0.00205878,-0.12344,0.278439,0.106291,0.00354712,0.2,-0.18,0,-0.128255,0.142028,-1.76672e-11,-0.194707,-0.178498,0.0335489
1.536,0.0362587,-0.00468886,0.232114,-0.000198989,0.00204548,-0.123494,0.278455,0.106276,0.0034181,0.2,-0.18,0,-0.128255,0.142028,-1.76672e-11,-0.194621,-0.178474,0.0339413
1.537,0.0361968,-0.00439588,0.232251,-0.000586931,0.00203593,-0.12354,0.27847,0.106262,0.00329122,0.2,-0.18,0,-0.128255,0.142028,-1.76672e-11,-0.194535,-0.178449,0.0343348
1.538,0.0361354,-0.00410299,0.232389,-0.00098253,0.00203017,-0.123579,0.278485,0.106248,0.00316648,0.2,-0.18,0,-0.128255,0.142028,-1.76672e-11,-0.194447,-0.178424,0.0347294
1.539,0.0360745,-0.0038102,0.232527,-0.00138583,0.00202824,-0.12361,0.2785,0.106234,0.00304391,0.2,-0.18,0,-0.128255,0.142028,-1.76672e-11,-0.194358,-0.178399,0.035125
1.54,0.0360141,-0.0035175,0.232665,-0.00179686,0.00203016,-0.123633,0.278514,0.106221,0.00292351,0.2,-0.18,0,-0.128255,0.142028,-1.76672e-11,-0.194269,-0.178374,0.0355216
1.541,0.0359543,-0.0032249,0.232804,-0.00221566,0.00203598,-0.123649,0.278528,0.106208,0.0028053,0.2,-0.18,0,-0.128255,0.142028,-1.76672e-11,-0.194179,-0.178348,0.0359192
1.542,0.035895,-0.00293238,0.232943,-0.00264228,0.00204573,-0.123657,0.278542,0.106195,0.0026893,0.2,-0.18,0,-0.128255,0.142028,-1.76672e-11,-0.194087,-0.178322,0.0363178
1.543,0.0358363,-0.00263995,0.233083,-0.00307676,0.00205944,-0.123658,0.278555,0.106183,0.00257552,0.2,-0.18,0,-0.128255,0.142028,-1.76672e-11,-0.193995,-0.178296,0.0367173
1.544,0.0357781,-0.00234762,0.233222,-0.00351913,0.00207717,-0.123651,0.278568,0.10617,0.00246398,0.2,-0.18,0,-0.128255,0.142028,-1.76672e-11,-0.193903,-0.17827,0.0371177
1.545,0.0357204,-0.00205537,0.233362,-0.00396943,0.00209893,-0.123636,0.27858,0.106159,0.00235469,0.2,-0.18,0,-0.128255,0.142028,-1.76672e-11,-0.193809,-0.178243,0.037519
1.546,0.0356633,-0.0017632,0.233502,-0.0044277,0.00212477,-0.123614,0.278592,0.106147,0.00224767,0.2,-0.18,0,-0.128255,0.142028,-1.76672e-11,-0.193714,-0.178217,0.0379212
1.547,0.0356068,-0.00147113,0.233643,-0.00489398,0.00215473,-0.123585,0.278604,0.106136,0.00214293,0.2,-0.18,0,-0.128255,0.142028,-1.76672e-11,-0.193619,-0.178189,0.0383243
1.548,0.0355508,-0.00117913,0.233783,-0.00536832,0.00218884,-0.123547,0.278616,0.106125,0.00204049,0.2,-0.18,0,-0.128255,0.142028,-1.76672e-11,-0.193522,-0.178162,0.0387282
1.549,0.0354954,-0.000887222,0.233924,-0.00585074,0.00222713,-0.123503,0.278627,0.106115,0.00194037,0.2,-0.18,0,-0.128255,0.142028,-1.76672e-11,-0.193425,-0.178134,0.0391329
1.55,0.0354406,-0.000595394,0.234065,-0.0063413,0.00226965,-0.12345,0.278638,0.106105,0.00184257,0.2,-0.18,0,-0.128255,0.142028,-1.76672e-11,-0.193327,-0.178107,0.0395383
1.551,0.0353864,-0.000303647,0.234206,-0.00684002,0.00231643,-0.12339,0.278648,0.106095,0.00174711,0.2,-0.18,0,-0.128255,0.142028,-1.76672e-11,-0.193228,-0.178079,0.0399446
1.552,0.0353327,-1.19796e-05,0.234348,-0.00734695,0.00236751,-0.123323,0.278658,0.106085,0.00165402,0.2,-0.18,0,-0.128255,0.142028,-1.76672e-11,-0.193128,-0.17805,0.0403515
1.553,0.0352796,0.000279609,0.234489,-0.00786212,0.00242291,-0.123248,0.278668,0.106076,0.0015633,0.2,-0.18,0,-0.128255,0.142028,-1.76672e-11,-0.193027,-0.178022,0.0407592
1.554,0.0352271,0.00057112,0.234631,-0.00838559,0.00248269,-0.123166,0.278678,0.106067,0.00147497,0.2,-0.18,0,-0.128255,0.142028,-1.76672e-11,-0.192925,-0.177993,0.0411676
1.555,0.0351752,0.000862554,0.234772,-0.00891738,0.00254688,-0.123076,0.278687,0.106059,0.00138904,0.2,-0.18,0,-0.128255,0.142028,-1.76672e-11,-0.192823,-0.177964,0.0415766
1.556,0.0351238,0.00115391,0.234914,-0.00945753,0.0026155,-0.122978,0.278696,0.10605,0.00130553,0.2,-0.18,0,-0.128255,0.142028,-1.76672e-11,-0.192719,-0.177934,0.0419863
1.557,0.0350731,0.0014452,0.235056,-0.0100061,0.00268861,-0.122873,0.278704,0.106042,0.00122446,0.2,-0.18,0,-0.128255,0.142028,-1.76672e-11,-0.192615,-0.177905,0.0423966
1.558,0.035023,0.00173641,0.235198,-0.0105631,0.00276623,-0.12276,0.278712,0.106035,0.00114584,0.2,-0.18,0,-0.128255,0.142028,-1.76672e-11,-0.192509,-0.177875,0.0428075
1.559,0.0349735,0.00202755,0.23534,-0.0111286,0.0028484,-0.12264,0.27872,0.106027,0.00106968,0.2,-0.18,0,-0.128255,0.142028,-1.76672e-11,-0.192403,-0.177845,0.043219
1.56,0.0349246,0.00231861,0.235482,-0.0117026,0.00293516,-0.122513,0.278728,0.10602,0.000996003,0.2,-0.18,0,-0.128255,0.142028,-1.76672e-11,-0.192296,-0.177814,0.043631
1.561,0.0348763,0.00260961,0.235624,-0.0122852,0.00302655,-0.122378,0.278735,0.106013,0.000924823,0.2,-0.18,0,-0.128255,0.142028,-1.76672e-11,-0.192188,-0.177783,0.0440436
1.562,0.0348287,0.00290054,0.235766,-0.0128763,0.00312259,-0.122235,0.278742,0.106007,0.000856154,0.2,-0.18,0,-0.128255,0.142028,-1.76672e-11,-0.192079,-0.177752,0.0444567
1.563,0.0347816,0.0031914,0.235909,-0.0134761,0.00322334,-0.122085,0.278749,0.106,0.000790011,0.2,-0.18,0,-0.128255,0.142028,-1.76672e-11,-0.191969,-0.177721,0.0448702
1.564,0.0347352,0.0034822,0.236051,-0.0140846,0.00332881,-0.121928,0.278755,0.105994,0.00072641,0.2,-0.18,0,-0.128255,0.142028,-1.76672e-11,-0.191858,-0.17769,0.0452843
1.565,0.0346895,0.00377293,0.236193,-0.0147019,0.00343906,-0.121763,0.278761,0.105989,0.000665365,0.2,-0.18,0,-0.128255,0.142028,-1.76672e-11,-0.191746,-0.177658,0.0456987
1.566,0.0346443,0.00406359,0.236335,-0.0153278,0.00355412,-0.12159,0.278767,0.105983,0.000606893,0.2,-0.18,0,-0.128255,0.142028,-1.76672e-11,-0.191633,-0.177626,0.0461136
1.567,0.0345998,0.00435419,0.236477,-0.0159626,0.00367402,-0.12141,0.278772,0.105978,0.000551008,0.2,-0.18,0,-0.128255,0.142028,-1.76672e-11,-0.191519,-0.177594,0.0465289
1.568,0.034556,0.00464473,0.236619,-0.0166062,0.00379879,-0.121223,0.278778,0.105973,0.000497725,0.2,-0.18,0,-0.128255,0.142028,-1.76672e-11,-0.191405,-0.177561,0.0469445
1.569,0.0345128,0.00493521,0.23676,-0.0172587,0.00392849,-0.121028,0.278783,0.105969,0.00044706,0.2,-0.18,0,-0.128255,0.142028,-1.76672e-11,-0.191289,-0.177528,0.0473605
1.57,0.0344703,0.00522563,0.236902,-0.0179201,0.00406314,-0.120825,0.278787,0.105964,0.000399027,0.2,-0.18,0,-0.128255,0.142028,-1.76672e-11,-0.191173,-0.177495,0.0477768
1.571,0.0344284,0.00551598,0.237044,-0.0185904,0.00420277,-0.120616,0.278791,0.10596,0.000353643,0.2,-0.18,0,-0.128255,0.142028,-1.76672e-11,-0.191055,-0.177462,0.0481934
1.572,0.0343872,0.00580629,0.237185,-0.0192698,0.00434743,-0.120398,0.278796,0.105956,0.000310922,0.2,-0.18,0,-0.128255,0.142028,-1.76672e-11,-0.190936,-0.177428,0.0486103
1.573,0.0343466,0.00609653,0.237326,-0.0199582,0.00449716,-0.120174,0.278799,0.105953,0.000270879,0.2,-0.18,0,-0.128255,0.142028,-1.76672e-11,-0.190817,-0.177394,0.0490274
1.574,0.0343067,0.00638672,0.237467,-0.0206556,0.00465198,-0.119941,0.278803,0.10595,0.00023353,0.2,-0.18,0,-0.128255,0.142028,-1.76672e-11,-0.190696,-0.17736,0.0494448
1.575,0.0342675,0.00667685,0.237608,-0.0213622,0.00481194,-0.119702,0.278806,0.105947,0.00019889,0.2,-0.18,0,-0.128255,0.142028,-1.76672e-11,-0.190575,-0.177326,0.0498624
1.576,0.034229,0.00696693,0.237749,-0.0220779,0.00497707,-0.119455,0.278809,0.105944,0.000166974,0.2,-0.18,0,-0.128255,0.142028,-1.76672e-11,-0.190453,-0.177291,0.0502801
1.577,0.0341911,0.00725696,0.23789,-0.0228028,0.00514741,-0.1192,0.278812,0.105941,0.000137798,0.2,-0.18,0,-0.128255,0.142028,-1.76672e-11,-0.190329,-0.177256,0.0506981
1.578,0.034154,0.00754694,0.23803,-0.023537,0.00532299,-0.118939,0.278814,0.105939,0.000111376,0.2,-0.18,0,-0.128255,0.142028,-1.76672e-11,-0.190205,-0.177221,0.0511161
1.579,0.0341175,0.00783686,0.23817,-0.0242804,0.00550385,-0.118669,0.278816,0.105937,8.77238e-05,0.2,-0.18,0,-0.128255,0.142028,-1.76672e-11,-0.19008,-0.177185,0.0515343
1.58,0.0340817,0.00812674,0.23831,-0.0250331,0.00569003,-0.118393,0.278818,0.105935,6.68566e-05,0.2,-0.18,0,-0.128255,0.142028,-1.76672e-11,-0.189953,-0.177149,0.0519526
1.581,0.0340467,0.00841657,0.238449,-0.0257952,0.00588156,-0.118109,0.27882,0.105934,4.87896e-05,0.2,-0.18,0,-0.128255,0.142028,-1.76672e-11,-0.189826,-0.177113,0.0523709
1.582,0.0340123,0.00870635,0.238589,-0.0265666,0.00607849,-0.117817,0.278821,0.105933,3.3538e-05,0.2,-0.18,0,-0.128255,0.142028,-1.76672e-11,-0.189698,-0.177077,0.0527893
1.583,0.0339786,0.00899609,0.238728,-0.0273475,0.00628084,-0.117518,0.278822,0.105932,2.1117e-05,0.2,-0.18,0,-0.128255,0.142028,-1.76672e-11,-0.189568,-0.17704,0.0532077
1.584,0.0339457,0.00928578,0.238866,-0.0281379,0.00648865,-0.117212,0.278823,0.105931,1.15419e-05,0.2,-0.18,0,-0.128255,0.142028,-1.76672e-11,-0.189438,-0.177003,0.0536262
1.585,0.0339134,0.00957543,0.239005,-0.0289377,0.00670196,-0.116898,0.278823,0.10593,4.82787e-06,0.2,-0.18,0,-0.128255,0.142028,-1.76672e-11,-0.189307,-0.176966,0.0540446
1.586,0.0338819,0.00986504,0.239143,-0.0297471,0.00692081,-0.116577,0.278824,0.10593,9.90087e-07,0.2,-0.18,0,-0.128255,0.142028,-1.76672e-11,-0.189174,-0.176928,0.0544629
1.587,0.0338511,0.0101546,0.23928,-0.0305661,0.00714523,-0.116249,0.278824,0.10593,-1.9144e-12,0.2,-0.18,0,-0.128255,0.142028,-1.76672e-11,-0.189041,-0.176891,0.0548812
1.588,0.0338211,0.0104441,0.239417,-0.0313947,0.00737526,-0.115913,0.278824,0.10593,-1.9144e-12,0.2,-0.18,0,-0.128255,0.142028,-1.76672e-11,-0.188907,-0.176852,0.0552994
1.589,0.0337918,0.0107336,0.239554,-0.032233,0.00761094,-0.11557,0.278824,0.10593,-1.9144e-12,0.2,-0.18,0,-0.128255,0.142028,-1.76672e-11,-0.188771,-0.176814,0.0557175
1.59,0.0337632,0.0110231,0.239691,-0.033081,0.00785229,-0.115219,0.278824,0.10593,-1.9144e-12,0.2,-0.18,0,-0.128255,0.142028,-1.76672e-11,-0.188635,-0.176775,0.0561355
1.591,0.0337353,0.0113125,0.239827,-0.0339387,0.00809937,-0.114861,0.278824,0.10593,-1.9144e-12,0.2,-0.18,0,-0.128255,0.142028,-1.76672e-11,-0.188497,-0.176736,0.0565533
1.592,0.0337082,0.0116019,0.239963,-0.0348062,0.0083522,-0.114496,0.278824,0.10593,-1.9144e-12,0.2,-0.18,0,-0.128255,0.142028,-1.76672e-11,-0.188359,-0.176697,0.0569709
1.593,0.0336819,0.0118912,0.240098,-0.0356835,0.00861082,-0.114123,0.278824,0.10593,-1.9144e-12,0.2,-0.18,0,-0.128255,0.142028,-1.76672e-11,-0.188219,-0.176657,0.0573883
1.594,0.0336563,0.0121805,0.240232,-0.0365707,0.00887527,-0.113743,0.278824,0.10593,-1.9144e-12,0.2,-0.18,0,-0.128255,0.142028,-1.76672e-11,-0.188079,-0.176618,0.0578055
1.595,0.0336314,0.0124698,0.240367,-0.0374678,0.00914558,-0.113356,0.278824,0.10593,-1.9144e-12,0.2,-0.18,0,-0.128255,0.142028,-1.76672e-11,-0.187937,-0.176577,0.0582224
1.596,0.0336073,0.012759,0.2405,-0.0383748,0.00942179,-0.112962,0.278824,0.10593,-1.9144e-12,0.2,-0.18,0,-0.128255,0.142028,-1.76672e-11,-0.187795,-0.176537,0.058639
1.597,0.033584,0.0130482,0.240634,-0.0392918,0.00970394,-0.11256,0.278824,0.10593,-1.9144e-12,0.2,-0.18,0,-0.128255,0.142028,-1.76672e-11,-0.187651,-0.176496,0.0590554
1.598,0.0335615,0.0133374,0.240766,-0.0402188,0.00999206,-0.11215,0.278824,0.10593,-1.9144e-12,0.2,-0.18,0,-0.128255,0.142028,-1.76672e-11,-0.187506,-0.176455,0.0594714
1.599,0.0335397,0.0136266,0.240899,-0.0411559,0.0102862,-0.111734,0.278824,0.10593,-1.9144e-12,0.2,-0.18,0,-0.128255,0.142028,-1.76672e-11,-0.18736,-0.176414,0.0598871
1.6,0.0335187,0.0139157,0.24103,-0.0421031,0.0105864,-0.11131,0.278824,0.10593,-1.9144e-12,0.2,-0.18,0,-0.128255,0.142028,-1.76672e-11,-0.187214,-0.176372,0.0603025
1.601,0.0334985,0.0142048,0.241161,-0.0430604,0.0108926,-0.110878,0.278824,0.10593,-1.9144e-12,0.2,-0.18,0,-0.128255,0.142028,-1.76672e-11,-0.187066,-0.17633,0.0607174
1.602,0.0334791,0.0144939,0.241292,-0.0440277,0.0112049,-0.11044,0.278824,0.10593,-1.9144e-12,0.2,-0.18,0,-0.128255,0.142028,-1.76672e-11,-0.186917,-0.176288,0.0611319
1.603,0.0334604,0.0147829,0.241422,-0.045005,0.0115231,-0.109995,0.278824,0.10593,-1.9144e-12,0.2,-0.18,0,-0.128255,0.142028,-1.76672e-11,-0.186767,-0.176245,0.061546
1.604,0.0334426,0.0150719,0.241551,-0.0459922,0.0118472,-0.109542,0.278824,0.10593,-1.9144e-12,0.2,-0.18,0,-0.128255,0.142028,-1.76672e-11,-0.186616,-0.176202,0.0619597
1.605,0.0334255,0.0153609,0.24168,-0.0469891,0.0121772,-0.109083,0.278824,0.10593,-1.9144e-12,0.2,-0.18,0,-0.128255,0.142028,-1.76672e-11,-0.186463,-0.176159,0.0623728
1.606,0.0334092,0.0156499,0.241808,-0.0479957,0.012513,-0.108617,0.278824,0.10593,-1.9144e-12,0.2,-0.18,0,-0.128255,0.142028,-1.76672e-11,-0.18631,-0.176116,0.0627855
1.607,0.0333936,0.0159388,0.241935,-0.049012,0.0128544,-0.108145,0.278824,0.10593,-1.9144e-12,0.2,-0.18,0,-0.128255,0.142028,-1.76672e-11,-0.186156,-0.176072,0.0631976
1.608,0.0333789,0.0162276,0.242062,-0.0500377,0.0132015,-0.107667,0.278824,0.10593,-1.9144e-12,0.2,-0.18,0,-0.128255,0.142028,-1.76672e-11,-0.186001,-0.176028,0.0636092
1.609,0.0333649,0.0165165,0.242189,-0.0510729,0.0135542,-0.107182,0.278824,0.10593,-1.9144e-12,0.2,-0.18,0,-0.128255,0.142028,-1.76672e-11,-0.185844,-0.175983,0.0640202
1.61,0.0333516,0.0168053,0.242314,-0.0521174,0.0139125,-0.106691,0.278824,0.10593,-1.9144e-12,0.2,-0.18,0,-0.128255,0.142028,-1.76672e-11,-0.185686,-0.175939,0.0644306
1.611,0.0333392,0.017094,0.242439,-0.0531712,0.0142762,-0.106194,0.278824,0.10593,-1.9144e-12,0.2,-0.18,0,-0.128255,0.142028,-1.76672e-11,-0.185528,-0.175894,0.0648404
1.612,0.0333275,0.0173827,0.242564,-0.0542341,0.0146453,-0.105691,0.278824,0.10593,-1.9144e-12,0.2,-0.18,0,-0.128255,0.142028,-1.76672e-11,-0.185368,-0.175848,0.0652495
1.613,0.0333166,0.0176714,0.242687,-0.0553062,0.0150198,-0.105183,0.278824,0.10593,-1.9144e-12,0.2,-0.18,0,-0.128255,0.142028,-1.76672e-11,-0.185207,-0.175803,0.065658
1.614,0.0333065,0.01796,0.24281,-0.0563872,0.0153995,-0.104669,0.278824,0.10593,-1.9144e-12,0.2,-0.18,0,-0.128255,0.142028,-1.76672e-11,-0.185045,-0.175757,0.0660658
1.615,0.0332971,0.0182485,0.242933,-0.057477,0.0157845,-0.10415,0.278824,0.10593,-1.9144e-12,0.2,-0.18,0,-0.128255,0.142028,-1.76672e-11,-0.184882,-0.175711,0.0664729
1.616,0.0332885,0.018537,0.243054,-0.0585757,0.0161747,-0.103625,0.278824,0.10593,-1.9144e-12,0.2,-0.18,0,-0.128255,0.142028,-1.76672e-11,-0.184718,-0.175664,0.0668793
1.617,0.0332807,0.0188255,0.243175,-0.0596832,0.01657,-0.103096,0.278824,0.10593,-1.9144e-12,0.2,-0.18,0,-0.128255,0.142028,-1.76672e-11,-0.184553,-0.175617,0.0672849
1.618,0.0332736,0.0191138,0.243296,-0.0607992,0.0169703,-0.102561,0.278824,0.10593,-1.9144e-12,0.2,-0.18,0,-0.128255,0.142028,-1.76672e-11,-0.184386,-0.17557,0.0676897
1.619,0.0332673,0.0194022,0.243415,-0.0619238,0.0173756,-0.102022,0.278824,0.10593,-1.9144e-12,0.2,-0.18,0,-0.128255,0.142028,-1.76672e-11,-0.184219,-0.175522,0.0680937
1.62,0.0332617,0.0196904,0.243534,-0.0630569,0.0177858,-0.101478,0.278824,0.10593,-1.9144e-12,0.2,-0.18,0,-0.128255,0.142028,-1.76672e-11,-0.18405,-0.175474,0.0684969
1.621,0.0332569,0.0199786,0.243652,-0.0641983,0.0182008,-0.100929,0.278824,0.10593,-1.9144e-12,0.2,-0.18,0,-0.128255,0.142028,-1.76672e-11,-0.18388,-0.175426,0.0688992
1.622,0.0332529,0.0202668,0.24377,-0.065348,0.0186207,-0.100376,0.278824,0.10593,-1.9144e-12,0.2,-0.18,0,-0.128255,0.142028,-1.76672e-11,-0.183709,-0.175378,0.0693007
1.623,0.0332496,0.0205549,0.243887,-0.0665058,0.0190453,-0.0998183,0.278824,0.10593,-1.9144e-12,0.2,-0.18,0,-0.128255,0.142028,-1.76672e-11,-0.183537,-0.175329,0.0697013
1.624,0.0332471,0.0208429,0.244003,-0.0676718,0.0194746,-0.0992567,0.278824,0.10593,-1.9144e-12,0.2,-0.18,0,-0.128255,0.142028,-1.76672e-11,-0.183364,-0.17528,0.070101
1.625,0.0332454,0.0211308,0.244118,-0.0688458,0.0199085,-0.098691,0.278824,0.10593,-1.9144e-12,0.2,-0.18,0,-0.128255,0.142028,-1.76672e-11,-0.18319,-0.17523,0.0704997
1.626,0.0332444,0.0214187,0.244232,-0.0700277,0.020347,-0.0981215,0.278824,0.10593,-1.9144e-12,0.2,-0.18,0,-0.128255,0.142028,-1.76672e-11,-0.183014,-0.175181,0.0708975
1.627,0.0332441,0.0217065,0.244346,-0.0712175,0.02079,-0.0975482,0.278824,0.10593,-1.9144e-12,0.2,-0.18,0,-0.128255,0.142028,-1.76672e-11,-0.182838,-0.17513,0.0712942
1.628,0.0332446,0.0219942,0.244459,-0.072415,0.0212373,-0.0969713,0.278824,0.10593,-1.9144e-12,0.2,-0.18,0,-0.128255,0.142028,-1.76672e-11,-0.18266,-0.17508,0.07169
1.629,0.0332459,0.0222819,0.244571,-0.0736202,0.0216891,-0.0963909,0.278824,0.10593,-1.9144e-12,0.2,-0.18,0,-0.128255,0.142028,-1.76672e-11,-0.182481,-0.175029,0.0720847
1.63,0.0332479,0.0225694,0.244683,-0.0748329,0.0221452,-0.0958072,0.278824,0.10593,-1.9144e-12,0.2,-0.18,0,-0.128255,0.142028,-1.76672e-11,-0.182301,-0.174978,0.0724784
1.631,0.0332506,0.0228569,0.244793,-0.0760531,0.0226055,-0.0952203,0.278824,0.10593,-1.9144e-12,0.2,-0.18,0,-0.128255,0.142028,-1.76672e-11,-0.18212,-0.174927,0.072871
1.632,0.0332541,0.0231444,0.244903,-0.0772807,0.02307,-0.0946303,0.278824,0.10593,-1.9144e-12,0.2,-0.18,0,-0.128255,0.142028,-1.76672e-11,-0.181937,-0.174875,0.0732625
1.633,0.0332584,0.0234317,0.245012,-0.0785156,0.0235387,-0.0940374,0.278824,0.10593,-1.9144e-12,0.2,-0.18,0,-0.128255,0.142028,-1.76672e-11,-0.181754,-0.174823,0.0736529
1.634,0.0332634,0.0237189,0.245121,-0.0797577,0.0240114,-0.0934417,0.278824,0.10593,-1.9144e-12,0.2,-0.18,0,-0.128255,0.142028,-1.76672e-11,-0.181569,-0.17477,0.0740421
1.635,0.0332691,0.0240061,0.245228,-0.081007,0.0244881,-0.0928433,0.278824,0.10593,-1.9144e-12,0.2,-0.18,0,-0.128255,0.142028,-1.76672e-11,-0.181383,-0.174718,0.0744302
1.636,0.0332756,0.0242931,0.245335,-0.0822633,0.0249688,-0.0922424,0.278824,0.10593,-1.9144e-12,0.2,-0.18,0,-0.128255,0.142028,-1.76672e-11,-0.181196,-0.174665,0.074817
1.637,0.0332828,0.0245801,0.24544,-0.0835265,0.0254533,-0.0916392,0.278824,0.10593,-1.9144e-12,0.2,-0.18,0,-0.128255,0.142028,-1.76672e-11,-0.181008,-0.174611,0.0752027
1.638,0.0332908,0.024867,0.245545,-0.0847966,0.0259417,-0.0910337,0.278824,0.10593,-1.9144e-12,0.2,-0.18,0,-0.128255,0.142028,-1.76672e-11,-0.180818,-0.174557,0.0755871
1.639,0.0332995,0.0251538,0.245649,-0.0860735,0.0264338,-0.0904261,0.278824,0.10593,-1.9144e-12,0.2,-0.18,0,-0.128255,0.142028,-1.76672e-11,-0.180627,-0.174503,0.0759703
1.64,0.0333089,0.0254405,0.245752,-0.087357,0.0269297,-0.0898165,0.278824,0.10593,-1.9144e-12,0.2,-0.18,0,-0.128255,0.142028,-1.76672e-11,-0.180436,-0.174449,0.0763521
1.641,0.0333191,0.0257271,0.245855,-0.0886472,0.0274291,-0.0892051,0.278824,0.10593,-1.9144e-12,0.2,-0.18,0,-0.128255,0.142028,-1.76672e-11,-0.180243,-0.174394,0.0767327
1.642,0.03333,0.0260136,0.245956,-0.0899439,0.0279322,-0.088592,0.278824,0.10593,-1.9144e-12,0.2,-0.18,0,-0.128255,0.142028,-1.76672e-11,-0.180048,-0.174339,0.0771119
1.643,0.0333417,0.0263,0.246057,-0.0912469,0.0284388,-0.0879773,0.278824,0.10593,-1.9144e-12,0.2,-0.18,0,-0.128255,0.142028,-1.76672e-11,-0.179853,-0.174284,0.0774898
1.644,0.033354,0.0265863,0.246156,-0.0925564,0.0289488,-0.0873612,0.278824,0.10593,-1.9144e-12,0.2,-0.18,0,-0.128255,0.142028,-1.76672e-11,-0.179656,-0.174228,0.0778663
1.645,0.0333672,0.0268725,0.246255,-0.093872,0.0294622,-0.0867439,0.278824,0.10593,-1.9144e-12,0.2,-0.18,0,-0.128255,0.142028,-1.76672e-11,-0.179458,-0.174172,0.0782414
1.646,0.033381,0.0271585,0.246353,-0.0951938,0.029979,-0.0861254,0.278824,0.10593,-1.9144e-12,0.2,-0.18,0,-0.128255,0.142028,-1.76672e-11,-0.179259,-0.174115,0.0786151
1.647,0.0333956,0.0274445,0.24645,-0.0965217,0.030499,-0.0855059,0.278824,0.10593,-1.9144e-12,0.2,-0.18,0,-0.128255,0.142028,-1.76672e-11,-0.179059,-0.174058,0.0789873
1.648,0.0334109,0.0277304,0.246546,-0.0978556,0.0310222,-0.0848855,0.278824,0.10593,-1.9144e-12,0.2,-0.18,0,-0.128255,0.142028,-1.76672e-11,-0.178857,-0.174001,0.0793581
1.649,0.033427,0.0280161,0.246641,-0.0991953,0.0315486,-0.0842644,0.278824,0.10593,-1.9144e-12,0.2,-0.18,0,-0.128255,0.142028,-1.76672e-11,-0.178655,-0.173944,0.0797274
1.65,0.0334437,0.0283018,0.246736,-0.100541,0.0320781,-0.0836426,0.278824,0.10593,-1.9144e-12,0.2,-0.18,0,-0.128255,0.142028,-1.76672e-11,-0.178451,-0.173886,0.0800951
1.651,0.0334612,0.0285873,0.246829,-0.101892,0.0326106,-0.0830205,0.278824,0.10593,-1.9144e-12,0.2,-0.18,0,-0.128255,0.142028,-1.76672e-11,-0.178246,-0.173828,0.0804614
1.652,0.0334795,0.0288727,0.246921,-0.103249,0.0331461,-0.0823979,0.278824,0.10593,-1.9144e-12,0.2,-0.18,0,-0.128255,0.142028,-1.76672e-11,-0.178039,-0.173769,0.080826
1.653,0.0334984,0.029158,0.247012,-0.104611,0.0336845,-0.0817753,0.278824,0.10593,-1.9144e-12,0.2,-0.18,0,-0.128255,0.142028,-1.76672e-11,-0.177832,-0.17371,0.0811891
1.654,0.0335181,0.0294432,0.247103,-0.105979,0.0342257,-0.0811525,0.278824,0.10593,-1.9144e-12,0.2,-0.18,0,-0.128255,0.142028,-1.76672e-11,-0.177623,-0.173651,0.0815506
1.655,0.0335385,0.0297282,0.247192,-0.107352,0.0347697,-0.0805299,0.278824,0.10593,-1.9144e-12,0.2,-0.18,0,-0.128255,0.142028,-1.76672e-11,-0.177413,-0.173591,0.0819104
1.656,0.0335596,0.0300131,0.247281,-0.108731,0.0353165,-0.0799074,0.278824,0.10593,-1.9144e-12,0.2,-0.18,0,-0.128255,0.142028,-1.76672e-11,-0.177201,-0.173531,0.0822686
1.657,0.0335814,0.0302979,0.247368,-0.110115,0.0358659,-0.0792854,0.278824,0.10593,-1.9144e-12,0.2,-0.18,0,-0.128255,0.142028,-1.76672e-11,-0.176989,-0.173471,0.0826251
1.658,0.033604,0.0305826,0.247455,-0.111503,0.0364179,-0.0786638,0.278824,0.10593,-1.9144e-12,0.2,-0.18,0,-0.128255,0.142028,-1.76672e-11,-0.176775,-0.17341,0.08298
1.659,0.0336273,0.0308671,0.24754,-0.112897,0.0369724,-0.0780429,0.278824,0.10593,-1.9144e-12,0.2,-0.18,0,-0.128255,0.142028,-1.76672e-11,-0.17656,-0.173349,0.0833331
1.66,0.0336513,0.0311515,0.247625,-0.114296,0.0375295,-0.0774227,0.278824,0.10593,-1.9144e-12,0.2,-0.18,0,-0.128255,0.142028,-1.76672e-11,-0.176343,-0.173288,0.0836844
1.661,0.033676,0.0314358,0.247708,-0.115699,0.0380889,-0.0768034,0.278824,0.10593,-1.9144e-12,0.2,-0.18,0,-0.128255,0.142028,-1.76672e-11,-0.176126,-0.173226,0.084034
1.662,0.0337014,0.0317199,0.247791,-0.117108,0.0386507,-0.0761852,0.278824,0.10593,-1.9144e-12,0.2,-0.18,0,-0.128255,0.142028,-1.76672e-11,-0.175907,-0.173164,0.0843818
1.663,0.0337275,0.0320039,0.247872,-0.11852,0.0392148,-0.0755682,0.278824,0.10593,-1.9144e-12,0.2,-0.18,0,-0.128255,0.142028,-1.76672e-11,-0.175686,-0.173101,0.0847278
1.664,0.0337544,0.0322878,0.247952,-0.119938,0.0397811,-0.0749525,0.278824,0.10593,-1.9144e-12,0.2,-0.18,0,-0.128255,0.142028,-1.76672e-11,-0.175465,-0.173039,0.0850719
1.665,0.0337819,0.0325715,0.248032,-0.12136,0.0403496,-0.0743383,0.278824,0.10593,-1.9144e-12,0.2,-0.18,0,-0.128255,0.142028,-1.76672e-11,-0.175242,-0.172975,0.0854142
1.666,0.0338102,0.0328551,0.24811,-0.122786,0.0409202,-0.0737256,0.278824,0.10593,-1.9144e-12,0.2,-0.18,0,-0.128255,0.142028,-1.76672e-11,-0.175018,-0.172912,0.0857546
1.667,0.0338392,0.0331385,0.248187,-0.124217,0.0414929,-0.0731147,0.278824,0.10593,-1.9144e-12,0.2,-0.18,0,-0.128255,0.142028,-1.76672e-11,-0.174793,-0.172848,0.0860931
1.668,0.0338689,0.0334218,0.248263,-0.125652,0.0420676,-0.0725057,0.278824,0.10593,-1.9144e-12,0.2,-0.18,0,-0.128255,0.142028,-1.76672e-11,-0.174566,-0.172784,0.0864297
1.669,0.0338993,0.0337049,0.248338,-0.127091,0.0426442,-0.0718986,0.278824,0.10593,-1.9144e-12,0.2,-0.18,0,-0.128255,0.142028,-1.76672e-11,-0.174339,-0.172719,0.0867644
1.67,0.0339304,0.0339879,0.248412,-0.128534,0.0432226,-0.0712937,0.278824,0.10593,-1.9144e-12,0.2,-0.18,0,-0.128255,0.142028,-1.76672e-11,-0.174109,-0.172654,0.087097
1.671,0.0339622,0.0342707,0.248485,-0.12998,0.0438029,-0.0706911,0.278824,0.10593,-1.9144e-12,0.2,-0.18,0,-0.128255,0.142028,-1.76672e-11,-0.173879,-0.172589,0.0874277
1.672,0.0339947,0.0345534,0.248557,-0.131431,0.0443849,-0.0700909,0.278824,0.10593,-1.9144e-12,0.2,-0.18,0,-0.128255,0.142028,-1.76672e-11,-0.173647,-0.172523,0.0877563
1.673,0.0340279,0.0348359,0.248628,-0.132886,0.0449686,-0.0694933,0.278824,0.10593,-1.9144e-12,0.2,-0.18,0,-0.128255,0.142028,-1.76672e-11,-0.173414,-0.172457,0.0880829
1.674,0.0340618,0.0351183,0.248697,-0.134344,0.0455539,-0.0688983,0.278824,0.10593,-1.9144e-12,0.2,-0.18,0,-0.128255,0.142028,-1.76672e-11,-0.17318,-0.17239,0.0884074
1.675,0.0340964,0.0354005,0.248766,-0.135806,0.0461408,-0.0683062,0.278824,0.10593,-1.9144e-12,0.2,-0.18,0,-0.128255,0.142028,-1.76672e-11,-0.172944,-0.172323,0.0887299
1.676,0.0341317,0.0356826,0.248833,-0.137271,0.0467292,-0.067717,0.278824,0.10593,-1.9144e-12,0.2,-0.18,0,-0.128255,0.142028,-1.76672e-11,-0.172707,-0.172256,0.0890502
1.677,0.0341677,0.0359645,0.248899,-0.13874,0.047319,-0.067131,0.278824,0.10593,-1.9144e-12,0.2,-0.18,0,-0.128255,0.142028,-1.76672e-11,-0.172469,-0.172189,0.0893684
1.678,0.0342044,0.0362462,0.248964,-0.140212,0.0479102,-0.0665482,0.278824,0.10593,-1.9144e-12,0.2,-0.18,0,-0.128255,0.142028,-1.76672e-11,-0.172229,-0.172121,0.0896844
1.679,0.0342418,0.0365277,0.249028,-0.141687,0.0485028,-0.0659687,0.278824,0.10593,-1.9144e-12,0.2,-0.18,0,-0.128255,0.142028,-1.76672e-11,-0.171988,-0.172052,0.0899983
1.68,0.0342799,0.0368091,0.249091,-0.143165,0.0490965,-0.0653928,0.278824,0.10593,-1.9144e-12,0.2,-0.18,0,-0.128255,0.142028,-1.76672e-11,-0.171746,-0.171983,0.0903099
1.681,0.0343187,0.0370904,0.249152,-0.144647,0.0496915,-0.0648205,0.278824,0.10593,-1.9144e-12,0.2,-0.18,0,-0.128255,0.142028,-1.76672e-11,-0.171502,-0.171914,0.0906194
1.682,0.0343581,0.0373714,0.249213,-0.146131,0.0502876,-0.064252,0.278824,0.10593,-1.9144e-12,0.2,-0.18,0,-0.128255,0.142028,-1.76672e-11,-0.171257,-0.171845,0.0909265
1.683,0.0343983,0.0376523,0.249272,-0.147619,0.0508848,-0.0636875,0.278824,0.10593,-1.9144e-12,0.2,-0.18,0,-0.128255,0.142028,-1.76672e-11,-0.171011,-0.171775,0.0912315
1.684,0.0344392,0.037933,0.24933,-0.149109,0.051483,-0.063127,0.278824,0.10593,-1.9144e-12,0.2,-0.18,0,-0.128255,0.142028,-1.76672e-11,-0.170764,-0.171705,0.0915341
1.685,0.0344807,0.0382135,0.249387,-0.150602,0.0520822,-0.0625707,0.278824,0.10593,-1.9144e-12,0.2,-0.18,0,-0.128255,0.142028,-1.76672e-11,-0.170515,-0.171634,0.0918344
1.686,0.034523,0.0384939,0.249443,-0.152097,0.0526823,-0.0620187,0.278824,0.10593,-1.9144e-12,0.2,-0.18,0,-0.128255,0.142028,-1.76672e-11,-0.170264,-0.171563,0.0921323
1.687,0.0345659,0.038774,0.249497,-0.153595,0.0532831,-0.0614712,0.278824,0.10593,-1.9144e-12,0.2,-0.18,0,-0.128255,0.142028,-1.76672e-11,-0.170013,-0.171492,0.0924279
1.688,0.0346095,0.039054,0.24955,-0.155095,0.0538848,-0.0609284,0.278824,0.10593,-1.9144e-12,0.2,-0.18,0,-0.128255,0.142028,-1.76672e-11,-0.16976,-0.17142,0.0927211
1.689,0.0346538,0.0393338,0.249602,-0.156598,0.0544871,-0.0603902,0.278824,0.10593,-1.9144e-12,0.2,-0.18,0,-0.128255,0.142028,-1.76672e-11,-0.169505,-0.171348,0.0930119
1.69,0.0346987,0.0396135,0.249653,-0.158103,0.0550902,-0.059857,0.278824,0.10593,-1.9144e-12,0.2,-0.18,0,-0.128255,0.142028,-1.76672e-11,-0.16925,-0.171275,0.0933003
1.691,0.0347444,0.0398929,0.249703,-0.15961,0.0556937,-0.0593288,0.278824,0.10593,-1.9144e-12,0.2,-0.18,0,-0.128255,0.142028,-1.76672e-11,-0.168993,-0.171202,0.0935862
1.692,0.0347907,0.0401721,0.249751,-0.16112,0.0562979,-0.0588057,0.278824,0.10593,-1.9144e-12,0.2,-0.18,0,-0.128255,0.142028,-1.76672e-11,-0.168734,-0.171129,0.0938696
1.693,0.0348378,0.0404512,0.249798,-0.162631,0.0569024,-0.0582879,0.278824,0.10593,-1.9144e-12,0.2,-0.18,0,-0.128255,0.142028,-1.76672e-11,-0.168474,-0.171055,0.0941505
1.694,0.0348855,0.04073,0.249844,-0.164144,0.0575074,-0.0577756,0.278824,0.10593,-1.9144e-12,0.2,-0.18,0,-0.128255,0.142028,-1.76672e-11,-0.168213,-0.170981,0.0944289
1.695,0.0349338,0.0410087,0.249888,-0.165659,0.0581127,-0.0572688,0.278824,0.10593,-1.9144e-12,0.2,-0.18,0,-0.128255,0.142028,-1.76672e-11,-0.167951,-0.170907,0.0947047
1.696,0.0349829,0.0412872,0.249931,-0.167176,0.0587184,-0.0567678,0.278824,0.10593,-1.9144e-12,0.2,-0.18,0,-0.128255,0.142028,-1.76672e-11,-0.167687,-0.170832,0.094978
1.697,0.0350326,0.0415654,0.249973,-0.168694,0.0593242,-0.0562726,0.278824,0.10593,-1.9144e-12,0.2,-0.18,0,-0.128255,0.142028,-1.76672e-11,-0.167421,-0.170756,0.0952487
1.698,0.035083,0.0418435,0.250014,-0.170214,0.0599302,-0.0557833,0.278824,0.10593,-1.9144e-12,0.2,-0.18,0,-0.128255,0.142028,-1.76672e-11,-0.167155,-0.170681,0.0955168
1.699,0.0351341,0.0421214,0.250053,-0.171735,0.0605362,-0.0553002,0.278824,0.10593,-1.9144e-12,0.2,-0.18,0,-0.128255,0.142028,-1.76672e-11,-0.166886,-0.170605,0.0957822
1.7,0.0351858,0.0423991,0.250091,-0.173258,0.0611424,-0.0548234,0.278824,0.10593,-1.9144e-12,0.2,-0.18,0,-0.128255,0.142028,-1.76672e-11,-0.166617,-0.170528,0.096045
1.701,0.0352382,0.0426765,0.250128,-0.174782,0.0617485,-0.0543529,0.278824,0.10593,-1.9144e-12,0.2,-0.18,0,-0.128255,0.142028,-1.76672e-11,-0.166346,-0.170451,0.096305
1.702,0.0352913,0.0429538,0.250163,-0.176308,0.0623544,-0.0538887,0.278824,0.10593,-1.9144e-12,0.2,-0.18,0,-0.128255,0.142028,-1.76672e-11,-0.166074,-0.170374,0.0965624
1.703,0.0353451,0.0432308,0.250197,-0.177834,0.0629603,-0.053431,0.278824,0.10593,-1.9144e-12,0.2,-0.18,0,-0.128255,0.142028,-1.76672e-11,-0.1658,-0.170296,0.0968171
1.704,0.0353995,0.0435076,0.25023,-0.179362,0.0635658,-0.0529796,0.278824,0.10593,-1.9144e-12,0.2,-0.18,0,-0.128255,0.142028,-1.76672e-11,-0.165525,-0.170218,0.0970689
1.705,0.0354545,0.0437842,0.250262,-0.18089,0.0641711,-0.0525344,0.278824,0.10593,-1.9144e-12,0.2,-0.18,0,-0.128255,0.142028,-1.76672e-11,-0.165248,-0.17014,0.097318
1.706,0.0355102,0.0440606,0.250292,-0.18242,0.064776,-0.0520956,0.278824,0.10593,-1.9144e-12,0.2,-0.18,0,-0.128255,0.142028,-1.76672e-11,-0.16497,-0.170061,0.0975644
1.707,0.0355666,0.0443368,0.250321,-0.18395,0.0653803,-0.0516631,0.278824,0.10593,-1.9144e-12,0.2,-0.18,0,-0.128255,0.142028,-1.76672e-11,-0.164691,-0.169982,0.0978078
1.708,0.0356236,0.0446127,0.250348,-0.185482,0.0659842,-0.0512369,0.278824,0.10593,-1.9144e-12,0.2,-0.18,0,-0.128255,0.142028,-1.76672e-11,-0.16441,-0.169902,0.0980485
1.709,0.0356812,0.0448884,0.250375,-0.187014,0.0665874,-0.0508169,0.278824,0.10593,-1.9144e-12,0.2,-0.18,0,-0.128255,0.142028,-1.76672e-11,-0.164128,-0.169822,0.0982862
1.71,0.0357395,0.0451638,0.2504,-0.188547,0.06719,-0.0504031,0.278824,0.10593,-1.9144e-12,0.2,-0.18,0,-0.128255,0.142028,-1.76672e-11,-0.163844,-0.169741,0.0985211
1.711,0.0357984,0.0454391,0.250423,-0.190081,0.0677918,-0.0499955,0.278824,0.10593,-1.9144e-12,0.2,-0.18,0,-0.128255,0.142028,-1.76672e-11,-0.163559,-0.169661,0.0987531
1.712,0.035858,0.045714,0.250446,-0.191615,0.0683927,-0.0495942,0.278824,0.10593,-1.9144e-12,0.2,-0.18,0,-0.128255,0.142028,-1.76672e-11,-0.163273,-0.169579,0.0989821
1.713,0.0359181,0.0459888,0.250467,-0.19315,0.0689927,-0.049199,0.278824,0.10593,-1.9144e-12,0.2,-0.18,0,-0.128255,0.142028,-1.76672e-11,-0.162985,-0.169498,0.0992081
1.714,0.0359789,0.0462632,0.250487,-0.194685,0.0695918,-0.0488099,0.278824,0.10593,-1.9144e-12,0.2,-0.18,0,-0.128255,0.142028,-1.76672e-11,-0.162696,-0.169416,0.0994312
1.715,0.0360403,0.0465374,0.250506,-0.196221,0.0701898,-0.048427,0.278824,0.10593,-1.9144e-12,0.2,-0.18,0,-0.128255,0.142028,-1.76672e-11,-0.162405,-0.169333,0.0996513
1.716,0.0361023,0.0468114,0.250523,-0.197757,0.0707866,-0.0480503,0.278824,0.10593,-1.9144e-12,0.2,-0.18,0,-0.128255,0.142028,-1.76672e-11,-0.162113,-0.16925,0.0998683
1.717,0.0361649,0.0470851,0.250539,-0.199294,0.0713823,-0.0476796,0.278824,0.10593,-1.9144e-12,0.2,-0.18,0,-0.128255,0.142028,-1.76672e-11,-0.161819,-0.169167,0.100082
1.718,0.0362281,0.0473585,0.250554,-0.200831,0.0719767,-0.047315,0.278824,0.10593,-1.9144e-12,0.2,-0.18,0,-0.128255,0.142028,-1.76672e-11,-0.161524,-0.169083,0.100293
1.719,0.0362919,0.0476317,0.250568,-0.202368,0.0725697,-0.0469565,0.278824,0.10593,-1.9144e-12,0.2,-0.18,0,-0.128255,0.142028,-1.76672e-11,-0.161227,-0.168999,0.100501
1.72,0.0363563,0.0479046,0.25058,-0.203905,0.0731613,-0.046604,0.278824,0.10593,-1.9144e-12,0.2,-0.18,0,-0.128255,0.142028,-1.76672e-11,-0.160929,-0.168914,0.100706
1.721,0.0364214,0.0481772,0.250591,-0.205442,0.0737514,-0.0462576,0.278824,0.10593,-1.9144e-12,0.2,-0.18,0,-0.128255,0.142028,-1.76672e-11,-0.160629,-0.168829,0.100907
1.722,0.0364869,0.0484495,0.250601,-0.20698,0.0743399,-0.0459171,0.278824,0.10593,-1.9144e-12,0.2,-0.18,0,-0.128255,0.142028,-1.76672e-11,-0.160328,-0.168744,0.101106
1.723,0.0365531,0.0487216,0.25061,-0.208517,0.0749267,-0.0455827,0.278824,0.10593,-1.9144e-12,0.2,-0.18,0,-0.128255,0.142028,-1.76672e-11,-0.160026,-0.168658,0.101301
1.724,0.0366199,0.0489934,0.250617,-0.210054,0.0755119,-0.0452542,0.278824,0.10593,-1.9144e-12,0.2,-0.18,0,-0.128255,0.142028,-1.76672e-11,-0.159722,-0.168572,0.101493
1.725,0.0366872,0.0492648,0.250623,-0.211591,0.0760952,-0.0449317,0.278824,0.10593,-1.9144e-12,0.2,-0.18,0,-0.128255,0.142028,-1.76672e-11,-0.159416,-0.168485,0.101682
1.726,0.0367551,0.049536,0.250628,-0.213128,0.0766767,-0.0446152,0.278824,0.10593,-1.9144e-12,0.2,-0.18,0,-0.128255,0.142028,-1.76672e-11,-0.15911,-0.168398,0.101867
1.727,0.0368236,0.0498069,0.250632,-0.214665,0.0772562,-0.0443046,0.278824,0.10593,-1.9144e-12,0.2,-0.18,0,-0.128255,0.142028,-1.76672e-11,-0.158801,-0.168311,0.102049
1.728,0.0368926,0.0500775,0.250634,-0.216201,0.0778337,-0.0439998,0.278824,0.10593,-1.9144e-12,0.2,-0.18,0,-0.128255,0.142028,-1.76672e-11,-0.158491,-0.168223,0.102228
1.729,0.0369622,0.0503478,0.250636,-0.217737,0.0784091,-0.043701,0.278824,0.10593,-1.9144e-12,0.2,-0.18,0,-0.128255,0.142028,-1.76672e-11,-0.15818,-0.168134,0.102404
1.73,0.0370324,0.0506178,0.250636,-0.219273,0.0789824,-0.043408,0.278824,0.10593,-1.9144e-12,0.2,-0.18,0,-0.128255,0.142028,-1.76672e-11,-0.157867,-0.168045,0.102576
1.731,0.0371031,0.0508874,0.250634,-0.220808,0.0795534,-0.0431209,0.278824,0.10593,-1.9144e-12,0.2,-0.18,0,-0.128255,0.142028,-1.76672e-11,-0.157553,-0.167956,0.102745
1.732,0.0371743,0.0511568,0.250632,-0.222343,0.0801221,-0.0428396,0.278824,0.10593,-1.9144e-12,0.2,-0.18,0,-0.128255,0.142028,-1.76672e-11,-0.157237,-0.167867,0.10291
1.733,0.0372461,0.0514258,0.250628,-0.223876,0.0806884,-0.0425641,0.278824,0.10593,-1.9144e-12,0.2,-0.18,0,-0.128255,0.142028,-1.76672e-11,-0.156919,-0.167777,0.103072
1.734,0.0373184,0.0516945,0.250624,-0.22541,0.0812523,-0.0422944,0.278824,0.10593,-1.9144e-12,0.2,-0.18,0,-0.128255,0.142028,-1.76672e-11,-0.1566,-0.167686,0.103231
1.735,0.0373913,0.0519629,0.250618,-0.226942,0.0818136,-0.0420305,0.278824,0.10593,-1.9144e-12,0.2,-0.18,0,-0.128255,0.142028,-1.76672e-11,-0.15628,-0.167595,0.103386
1.736,0.0374647,0.052231,0.250611,-0.228474,0.0823723,-0.0417724,0.278824,0.10593,-1.9144e-12,0.2,-0.18,0,-0.128255,0.142028,-1.76672e-11,-0.155958,-0.167504,0.103537
1.737,0.0375387,0.0524987,0.250602,-0.230005,0.0829283,-0.0415199,0.278824,0.10593,-1.9144e-12,0.2,-0.18,0,-0.128255,0.142028,-1.76672e-11,-0.155635,-0.167412,0.103685
1.738,0.0376131,0.0527661,0.250593,-0.231535,0.0834816,-0.0412733,0.278824,0.10593,-1.9144e-12,0.2,-0.18,0,-0.128255,0.142028,-1.76672e-11,-0.15531,-0.16732,0.10383
1.739,0.0376881,0.0530332,0.250582,-0.233064,0.084032,-0.0410323,0.278824,0.10593,-1.9144e-12,0.2,-0.18,0,-0.128255,0.142028,-1.76672e-11,-0.154983,-0.167227,0.103971
1.74,0.0377636,0.0532999,0.25057,-0.234592,0.0845795,-0.040797,0.278824,0.10593,-1.9144e-12,0.2,-0.18,0,-0.128255,0.142028,-1.76672e-11,-0.154655,-0.167134,0.104108
1.741,0.0378396,0.0535662,0.250557,-0.236118,0.0851241,-0.0405674,0.278824,0.10593,-1.9144e-12,0.2,-0.18,0,-0.128255,0.142028,-1.76672e-11,-0.154326,-0.167041,0.104242
1.742,0.0379161,0.0538322,0.250543,-0.237644,0.0856656,-0.0403434,0.278824,0.10593,-1.9144e-12,0.2,-0.18,0,-0.128255,0.142028,-1.76672e-11,-0.153994,-0.166947,0.104372
1.743,0.0379931,0.0540979,0.250527,-0.239169,0.0862039,-0.0401251,0.278824,0.10593,-1.9144e-12,0.2,-0.18,0,-0.128255,0.142028,-1.76672e-11,-0.153662,-0.166852,0.104499
1.744,0.0380707,0.0543632,0.25051,-0.240692,0.0867391,-0.0399124,0.278824,0.10593,-1.9144e-12,0.2,-0.18,0,-0.128255,0.142028,-1.76672e-11,-0.153328,-0.166758,0.104622
1.745,0.0381487,0.0546281,0.250493,-0.242214,0.087271,-0.0397052,0.278824,0.10593,-1.9144e-12,0.2,-0.18,0,-0.128255,0.142028,-1.76672e-11,-0.152992,-0.166662,0.104741
1.746,0.0382272,0.0548927,0.250474,-0.243734,0.0877995,-0.0395037,0.278824,0.10593,-1.9144e-12,0.2,-0.18,0,-0.128255,0.142028,-1.76672e-11,-0.152655,-0.166567,0.104856
1.747,0.0383062,0.0551569,0.250454,-0.245253,0.0883247,-0.0393077,0.278824,0.10593,-1.9144e-12,0.2,-0.18,0,-0.128255,0.142028,-1.76672e-11,-0.152316,-0.16647,0.104968
1.748,0.0383857,0.0554208,0.250432,-0.246771,0.0888463,-0.0391173,0.278824,0.10593,-1.9144e-12,0.2,-0.18,0,-0.128255,0.142028,-1.76672e-11,-0.151975,-0.166374,0.105076
1.749,0.0384656,0.0556842,0.25041,-0.248287,0.0893644,-0.0389323,0.278824,0.10593,-1.9144e-12,0.2,-0.18,0,-0.128255,0.142028,-1.76672e-11,-0.151634,-0.166277,0.10518
1.75,0.0385461,0.0559473,0.250386,-0.249801,0.0898788,-0.0387529,0.278824,0.10593,-1.9144e-12,0.2,-0.18,0,-0.128255,0.142028,-1.76672e-11,-0.15129,-0.166179,0.105281
1.751,0.038627,0.05621,0.250362,-0.251314,0.0903895,-0.038579,0.278824,0.10593,-1.9144e-12,0.2,-0.18,0,-0.128255,0.142028,-1.76672e-11,-0.150945,-0.166081,0.105377
1.752,0.0387084,0.0564724,0.250336,-0.252825,0.0908964,-0.0384106,0.278824,0.10593,-1.9144e-12,0.2,-0.18,0,-0.128255,0.142028,-1.76672e-11,-0.150598,-0.165983,0.10547
1.753,0.0387902,0.0567343,0.250309,-0.254334,0.0913994,-0.0382476,0.278824,0.10593,-1.9144e-12,0.2,-0.18,0,-0.128255,0.142028,-1.76672e-11,-0.15025,-0.165884,0.105559
1.754,0.0388725,0.0569958,0.250281,-0.255841,0.0918985,-0.03809,0.278824,0.10593,-1.9144e-12,0.2,-0.18,0,-0.128255,0.142028,-1.76672e-11,-0.1499,-0.165785,0.105643
1.755,0.0389553,0.057257,0.250252,-0.257347,0.0923936,-0.0379379,0.278824,0.10593,-1.9144e-12,0.2,-0.18,0,-0.128255,0.142028,-1.76672e-11,-0.149549,-0.165685,0.105724
1.756,0.0390385,0.0575177,0.250221,-0.25885,0.0928846,-0.0377911,0.278824,0.10593,-1.9144e-12,0.2,-0.18,0,-0.128255,0.142028,-1.76672e-11,-0.149196,-0.165585,0.105801
1.757,0.0391222,0.0577781,0.25019,-0.260352,0.0933715,-0.0376497,0.278824,0.10593,-1.9144e-12,0.2,-0.18,0,-0.128255,0.142028,-1.76672e-11,-0.148842,-0.165485,0.105874
1.758,0.0392063,0.058038,0.250157,-0.261851,0.0938541,-0.0375137,0.278824,0.10593,-1.9144e-12,0.2,-0.18,0,-0.128255,0.142028,-1.76672e-11,-0.148485,-0.165384,0.105943
1.759,0.0392909,0.0582976,0.250123,-0.263348,0.0943324,-0.0373831,0.278824,0.10593,-1.9144e-12,0.2,-0.18,0,-0.128255,0.142028,-1.76672e-11,-0.148128,-0.165282,0.106008
1.76,0.0393759,0.0585567,0.250088,-0.264843,0.0948063,-0.0372577,0.278824,0.10593,-1.9144e-12,0.2,-0.18,0,-0.128255,0.142028,-1.76672e-11,-0.147768,-0.16518,0.106069
1.761,0.0394613,0.0588154,0.250052,-0.266335,0.0952758,-0.0371377,0.278824,0.10593,-1.9144e-12,0.2,-0.18,0,-0.128255,0.142028,-1.76672e-11,-0.147407,-0.165078,0.106126
1.762,0.0395471,0.0590736,0.250015,-0.267826,0.0957407,-0.037023,0.278824,0.10593,-1.9144e-12,0.2,-0.18,0,-0.128255,0.142028,-1.76672e-11,-0.147045,-0.164975,0.106179
1.763,0.0396334,0.0593315,0.249977,-0.269313,0.0962011,-0.0369135,0.278824,0.10593,-1.9144e-12,0.2,-0.18,0,-0.128255,0.142028,-1.76672e-11,-0.146681,-0.164872,0.106228
1.764,0.0397201,0.0595889,0.249938,-0.270799,0.0966567,-0.0368093,0.278824,0.10593,-1.9144e-12,0.2,-0.18,0,-0.128255,0.142028,-1.76672e-11,-0.146315,-0.164768,0.106272
1.765,0.0398073,0.0598459,0.249898,-0.272282,0.0971076,-0.0367103,0.278824,0.10593,-1.9144e-12,0.2,-0.18,0,-0.128255,0.142028,-1.76672e-11,-0.145948,-0.164664,0.106313
1.766,0.0398948,0.0601025,0.249856,-0.273762,0.0975537,-0.0366165,0.278824,0.10593,-1.9144e-12,0.2,-0.18,0,-0.128255,0.142028,-1.76672e-11,-0.145579,-0.164559,0.106349
1.767,0.0399827,0.0603586,0.249814,-0.27524,0.0979949,-0.036528,0.278824,0.10593,-1.9144e-12,0.2,-0.18,0,-0.128255,0.142028,-1.76672e-11,-0.145208,-0.164454,0.106381
1.768,0.0400711,0.0606143,0.24977,-0.276715,0.0984311,-0.0364446,0.278824,0.10593,-1.9144e-12,0.2,-0.18,0,-0.128255,0.142028,-1.76672e-11,-0.144836,-0.164348,0.106409
1.769,0.0401598,0.0608695,0.249725,-0.278187,0.0988623,-0.0363664,0.278824,0.10593,-1.9144e-12,0.2,-0.18,0,-0.128255,0.142028,-1.76672e-11,-0.144462,-0.164242,0.106432
1.77,0.040249,0.0611243,0.249679,-0.279656,0.0992883,-0.0362933,0.278824,0.10593,-1.9144e-12,0.2,-0.18,0,-0.128255,0.142028,-1.76672e-11,-0.144087,-0.164136,0.106452
1.771,0.0403385,0.0613787,0.249632,-0.281123,0.0997092,-0.0362253,0.278824,0.10593,-1.9144e-12,0.2,-0.18,0,-0.128255,0.142028,-1.76672e-11,-0.14371,-0.164029,0.106467
1.772,0.0404285,0.0616326,0.249584,-0.282587,0.100125,-0.0361625,0.278824,0.10593,-1.9144e-12,0.2,-0.18,0,-0.128255,0.142028,-1.76672e-11,-0.143331,-0.163921,0.106477
1.773,0.0405188,0.061886,0.249535,-0.284047,0.100535,-0.0361048,0.278824,0.10593,-1.9144e-12,0.2,-0.18,0,-0.128255,0.142028,-1.76672e-11,-0.142951,-0.163813,0.106484
1.774,0.0406095,0.0621389,0.249485,-0.285505,0.10094,-0.0360521,0.278824,0.10593,-1.9144e-12,0.2,-0.18,0,-0.128255,0.142028,-1.76672e-11,-0.142569,-0.163705,0.106486
1.775,0.0407006,0.0623914,0.249434,-0.286959,0.101339,-0.0360045,0.278824,0.10593,-1.9144e-12,0.2,-0.18,0,-0.128255,0.142028,-1.76672e-11,-0.142187,-0.163596,0.106483
1.776,0.040792,0.0626435,0.249382,-0.288411,0.101733,-0.0359619,0.278824,0.10593,-1.9144e-12,0.2,-0.18,0,-0.128255,0.142028,-1.76672e-11,-0.141807,-0.163489,0.106476
1.777,0.0408838,0.062895,0.249329,-0.289859,0.102121,-0.0359243,0.278824,0.10593,-1.9144e-12,0.2,-0.18,0,-0.128255,0.142028,-1.76672e-11,-0.141428,-0.163381,0.106465
1.778,0.040976,0.0631461,0.249274,-0.291304,0.102503,-0.0358918,0.278824,0.10593,-1.9144e-12,0.2,-0.18,0,-0.128255,0.142028,-1.76672e-11,-0.141051,-0.163274,0.10645
1.779,0.0410686,0.0633967,0.249219,-0.292745,0.10288,-0.0358642,0.278824,0.10593,-1.9144e-12,0.2,-0.18,0,-0.128255,0.142028,-1.76672e-11,-0.140676,-0.163168,0.10643
1.78,0.0411615,0.0636468,0.249163,-0.294183,0.103251,-0.0358416,0.278824,0.10593,-1.9144e-12,0.2,-0.18,0,-0.128255,0.142028,-1.76672e-11,-0.140302,-0.163062,0.106406
1.781,0.0412548,0.0638964,0.249105,-0.295618,0.103616,-0.0358239,0.278824,0.10593,-1.9144e-12,0.2,-0.18,0,-0.128255,0.142028,-1.76672e-11,-0.13993,-0.162956,0.106378
1.782,0.0413484,0.0641456,0.249047,-0.297049,0.103975,-0.0358111,0.278824,0.10593,-1.9144e-12,0.2,-0.18,0,-0.128255,0.142028,-1.76672e-11,-0.13956,-0.162851,0.106346
1.783,0.0414423,0.0643942,0.248987,-0.298476,0.104327,-0.0358033,0.278824,0.10593,-1.9144e-12,0.2,-0.18,0,-0.128255,0.142028,-1.76672e-11,-0.139191,-0.162746,0.106309
1.784,0.0415366,0.0646423,0.248927,-0.2999,0.104674,-0.0358004,0.278824,0.10593,-1.9144e-12,0.2,-0.18,0,-0.128255,0.142028,-1.76672e-11,-0.138824,-0.162642,0.106268
1.785,0.0416313,0.06489,0.248865,-0.30132,0.105014,-0.0358023,0.278824,0.10593,-1.9144e-12,0.2,-0.18,0,-0.128255,0.142028,-1.76672e-11,-0.138458,-0.162539,0.106223
1.786,0.0417263,0.0651371,0.248802,-0.302737,0.105348,-0.0358091,0.278824,0.10593,-1.9144e-12,0.2,-0.18,0,-0.128255,0.142028,-1.76672e-11,-0.138094,-0.162435,0.106174
1.787,0.0418216,0.0653838,0.248739,-0.304149,0.105676,-0.0358207,0.278824,0.10593,-1.9144e-12,0.2,-0.18,0,-0.128255,0.142028,-1.76672e-11,-0.137732,-0.162332,0.106121
1.788,0.0419172,0.0656299,0.248674,-0.305558,0.105997,-0.0358372,0.278824,0.10593,-1.9144e-12,0.2,-0.18,0,-0.128255,0.142028,-1.76672e-11,-0.137371,-0.16223,0.106064
1.789,0.0420132,0.0658755,0.248608,-0.306962,0.106312,-0.0358584,0.278824,0.10593,-1.9144e-12,0.2,-0.18,0,-0.128255,0.142028,-1.76672e-11,-0.137012,-0.162128,0.106002
1.79,0.0421094,0.0661206,0.248542,-0.308363,0.10662,-0.0358845,0.278824,0.10593,-1.9144e-12,0.2,-0.18,0,-0.128255,0.142028,-1.76672e-11,-0.136654,-0.162027,0.105937
1.791,0.042206,0.0663651,0.248474,-0.30976,0.106922,-0.0359152,0.278824,0.10593,-1.9144e-12,0.2,-0.18,0,-0.128255,0.142028,-1.76672e-11,-0.136298,-0.161926,0.105867
1.792,0.0423029,0.0666091,0.248405,-0.311152,0.107216,-0.0359508,0.278824,0.10593,-1.9144e-12,0.2,-0.18,0,-0.128255,0.142028,-1.76672e-11,-0.135944,-0.161825,0.105794
1.793,0.0424001,0.0668526,0.248335,-0.312541,0.107504,-0.0359911,0.278824,0.10593,-1.9144e-12,0.2,-0.18,0,-0.128255,0.142028,-1.76672e-11,-0.135591,-0.161725,0.105717
1.794,0.0424976,0.0670956,0.248265,-0.313925,0.107785,-0.0360361,0.278824,0.10593,-1.9144e-12,0.2,-0.18,0,-0.128255,0.142028,-1.76672e-11,-0.13524,-0.161625,0.105635
1.795,0.0425954,0.0673381,0.248193,-0.315305,0.108059,-0.0360857,0.278824,0.10593,-1.9144e-12,0.2,-0.18,0,-0.128255,0.142028,-1.76672e-11,-0.13489,-0.161526,0.10555
1.796,0.0426936,0.06758,0.24812,-0.31668,0.108326,-0.0361401,0.278824,0.10593,-1.9144e-12,0.2,-0.18,0,-0.128255,0.142028,-1.76672e-11,-0.134542,-0.161427,0.105461
1.797,0.0427919,0.0678213,0.248047,-0.318051,0.108586,-0.0361991,0.278824,0.10593,-1.9144e-12,0.2,-0.18,0,-0.128255,0.142028,-1.76672e-11,-0.134196,-0.161329,0.105368
1.798,0.0428906,0.0680621,0.247972,-0.319418,0.108839,-0.0362627,0.278824,0.10593,-1.9144e-12,0.2,-0.18,0,-0.128255,0.142028,-1.76672e-11,-0.133851,-0.161231,0.105271
1.799,0.0429896,0.0683024,0.247896,-0.32078,0.109084,-0.036331,0.278824,0.10593,-1.9144e-12,0.2,-0.18,0,-0.128255,0.142028,-1.76672e-11,-0.133507,-0.161134,0.10517
1.8,0.0430888,0.0685421,0.24782,-0.322137,0.109322,-0.0364039,0.278824,0.10593,-1.9144e-12,0.2,-0.18,0,-0.128255,0.142028,-1.76672e-11,-0.133166,-0.161037,0.105066
1.801,0.0431883,0.0687812,0.247742,-0.32349,0.109553,-0.0364813,0.278824,0.10593,-1.9144e-12,0.2,-0.18,0,-0.128255,0.142028,-1.76672e-11,-0.132825,-0.16094,0.104958
1.802,0.0432881,0.0690198,0.247664,-0.324838,0.109776,-0.0365634,0.278824,0.10593,-1.9144e-12,0.2,-0.18,0,-0.128255,0.142028,-1.76672e-11,-0.132487,-0.160844,0.104846
1.803,0.0433882,0.0692578,0.247584,-0.326181,0.109992,-0.0366499,0.278824,0.10593,-1.9144e-12,0.2,-0.18,0,-0.128255,0.142028,-1.76672e-11,-0.13215,-0.160749,0.10473
1.804,0.0434885,0.0694952,0.247504,-0.32752,0.110201,-0.0367411,0.278824,0.10593,-1.9144e-12,0.2,-0.18,0,-0.128255,0.142028,-1.76672e-11,-0.131814,-0.160653,0.10461
1.805,0.0435891,0.0697321,0.247422,-0.328853,0.110402,-0.0368367,0.278824,0.10593,-1.9144e-12,0.2,-0.18,0,-0.128255,0.142028,-1.76672e-11,-0.13148,-0.160559,0.104487
1.806,0.0436899,0.0699684,0.24734,-0.330181,0.110596,-0.0369368,0.278824,0.10593,-1.9144e-12,0.2,-0.18,0,-0.128255,0.142028,-1.76672e-11,-0.131148,-0.160464,0.10436
1.807,0.043791,0.0702041,0.247257,-0.331505,0.110782,-0.0370414,0.278824,0.10593,-1.9144e-12,0.2,-0.18,0,-0.128255,0.142028,-1.76672e-11,-0.130817,-0.16037,0.10423
1.808,0.0438924,0.0704393,0.247172,-0.332823,0.110961,-0.0371505,0.278824,0.10593,-1.9144e-12,0.2,-0.18,0,-0.128255,0.142028,-1.76672e-11,-0.130487,-0.160277,0.104095
1.809,0.0439939,0.0706738,0.247087,-0.334135,0.111133,-0.037264,0.278824,0.10593,-1.9144e-12,0.2,-0.18,0,-0.128255,0.142028,-1.76672e-11,-0.130159,-0.160184,0.103958
1.81,0.0440958,0.0709078,0.247002,-0.335443,0.111297,-0.0373819,0.278824,0.10593,-1.9144e-12,0.2,-0.18,0,-0.128255,0.142028,-1.76672e-11,-0.129833,-0.160091,0.103816
1.811,0.0441978,0.0711411,0.246915,-0.336745,0.111455,-0.0375043,0.278824,0.10593,-1.9144e-12,0.2,-0.18,0,-0.128255,0.142028,-1.76672e-11,-0.129508,-0.159999,0.103671
1.812,0.0443001,0.0713739,0.246827,-0.338041,0.111604,-0.037631,0.278824,0.10593,-1.9144e-12,0.2,-0.18,0,-0.128255,0.142028,-1.76672e-11,-0.129185,-0.159907,0.103523
1.813,0.0444027,0.0716061,0.246739,-0.339332,0.111747,-0.0377621,0.278824,0.10593,-1.9144e-12,0.2,-0.18,0,-0.128255,0.142028,-1.76672e-11,-0.128863,-0.159816,0.103371
1.814,0.0445054,0.0718376,0.246649,-0.340617,0.111882,-0.0378976,0.278824,0.10593,-1.9144e-12,0.2,-0.18,0,-0.128255,0.142028,-1.76672e-11,-0.128543,-0.159725,0.103216
1.815,0.0446084,0.0720686,0.246559,-0.341896,0.11201,-0.0380374,0.278824,0.10593,-1.9144e-12,0.2,-0.18,0,-0.128255,0.142028,-1.76672e-11,-0.128224,-0.159635,0.103057
1.816,0.0447116,0.0722989,0.246468,-0.34317,0.11213,-0.0381816,0.278824,0.10593,-1.9144e-12,0.2,-0.18,0,-0.128255,0.142028,-1.76672e-11,-0.127907,-0.159545,0.102894
1.817,0.044815,0.0725286,0.246376,-0.344437,0.112244,-0.03833,0.278824,0.10593,-1.9144e-12,0.2,-0.18,0,-0.128255,0.142028,-1.76672e-11,-0.127591,-0.159455,0.102729
1.818,0.0449186,0.0727577,0.246284,-0.345699,0.11235,-0.0384828,0.278824,0.10593,-1.9144e-12,0.2,-0.18,0,-0.128255,0.142028,-1.76672e-11,-0.127277,-0.159366,0.102559
1.819,0.0450225,0.0729862,0.24619,-0.346954,0.112448,-0.0386398,0.278824,0.10593,-1.9144e-12,0.2,-0.18,0,-0.128255,0.142028,-1.76672e-11,-0.126964,-0.159277,0.102387
1.82,0.0451265,0.0732141,0.246096,-0.348204,0.11254,-0.0388011,0.278824,0.10593,-1.9144e-12,0.2,-0.18,0,-0.128255,0.142028,-1.76672e-11,-0.126653,-0.159189,0.102211
1.821,0.0452307,0.0734413,0.246001,-0.349447,0.112624,-0.0389666,0.278824,0.10593,-1.9144e-12,0.2,-0.18,0,-0.128255,0.142028,-1.76672e-11,-0.126343,-0.159101,0.102032
1.822,0.0453352,0.0736679,0.245906,-0.350684,0.112701,-0.0391363,0.278824,0.10593,-1.9144e-12,0.2,-0.18,0,-0.128255,0.142028,-1.76672e-11,-0.126035,-0.159014,0.101849
1.823,0.0454398,0.0738938,0.245809,-0.351914,0.112771,-0.0393103,0.278824,0.10593,-1.9144e-12,0.2,-0.18,0,-0.128255,0.142028,-1.76672e-11,-0.125728,-0.158927,0.101664
1.824,0.0455446,0.0741191,0.245712,-0.353138,0.112834,-0.0394884,0.278824,0.10593,-1.9144e-12,0.2,-0.18,0,-0.128255,0.142028,-1.76672e-11,-0.125423,-0.15884,0.101475
1.825,0.0456496,0.0743438,0.245614,-0.354355,0.112889,-0.0396707,0.278824,0.10593,-1.9144e-12,0.2,-0.18,0,-0.128255,0.142028,-1.76672e-11,-0.125119,-0.158754,0.101282
1.826,0.0457548,0.0745678,0.245516,-0.355566,0.112937,-0.0398571,0.278824,0.10593,-1.9144e-12,0.2,-0.18,0,-0.128255,0.142028,-1.76672e-11,-0.124817,-0.158668,0.101087
1.827,0.0458601,0.0747911,0.245417,-0.35677,0.112978,-0.0400477,0.278824,0.10593,-1.9144e-12,0.2,-0.18,0,-0.128255,0.142028,-1.76672e-11,-0.124516,-0.158583,0.100888
1.828,0.0459657,0.0750138,0.245317,-0.357967,0.113012,-0.0402424,0.278824,0.10593,-1.9144e-12,0.2,-0.18,0,-0.128255,0.142028,-1.76672e-11,-0.124216,-0.158498,0.100686
1.829,0.0460714,0.0752359,0.245216,-0.359158,0.113039,-0.0404412,0.278824,0.10593,-1.9144e-12,0.2,-0.18,0,-0.128255,0.142028,-1.76672e-11,-0.123918,-0.158413,0.100481
1.83,0.0461772,0.0754572,0.245115,-0.360341,0.113058,-0.040644,0.278824,0.10593,-1.9144e-12,0.2,-0.18,0,-0.128255,0.142028,-1.76672e-11,-0.123622,-0.158329,0.100273
1.831,0.0462833,0.0756779,0.245013,-0.361518,0.11307,-0.040851,0.278824,0.10593,-1.9144e-12,0.2,-0.18,0,-0.128255,0.142028,-1.76672e-11,-0.123327,-0.158245,0.100062
1.832,0.0463895,0.075898,0.24491,-0.362687,0.113075,-0.041062,0.278824,0.10593,-1.9144e-12,0.2,-0.18,0,-0.128255,0.142028,-1.76672e-11,-0.123033,-0.158162,0.0998477
1.833,0.0464958,0.0761173,0.244807,-0.363849,0.113074,-0.041277,0.278824,0.10593,-1.9144e-12,0.2,-0.18,0,-0.128255,0.142028,-1.76672e-11,-0.122741,-0.158079,0.0996303
1.834,0.0466023,0.076336,0.244703,-0.365004,0.113064,-0.041496,0.278824,0.10593,-1.9144e-12,0.2,-0.18,0,-0.128255,0.142028,-1.76672e-11,-0.12245,-0.157997,0.09941
1.835,0.046709,0.076554,0.244598,-0.366152,0.113048,-0.041719,0.278824,0.10593,-1.9144e-12,0.2,-0.18,0,-0.128255,0.142028,-1.76672e-11,-0.122161,-0.157915,0.0991866
1.836,0.0468158,0.0767713,0.244493,-0.367292,0.113025,-0.041946,0.278824,0.10593,-1.9144e-12,0.2,-0.18,0,-0.128255,0.142028,-1.76672e-11,-0.121873,-0.157833,0.0989603
1.837,0.0469227,0.076988,0.244387,-0.368424,0.112994,-0.042177,0.278824,0.10593,-1.9144e-12,0.2,-0.18,0,-0.128255,0.142028,-1.76672e-11,-0.121587,-0.157752,0.098731
1.838,0.0470298,0.0772039,0.244281,-0.369549,0.112957,-0.0424119,0.278824,0.10593,-1.9144e-12,0.2,-0.18,0,-0.128255,0.142028,-1.76672e-11,-0.121302,-0.157671,0.0984987
1.839,0.047137,0.0774191,0.244174,-0.370667,0.112912,-0.0426507,0.278824,0.10593,-1.9144e-12,0.2,-0.18,0,-0.128255,0.142028,-1.76672e-11,-0.121019,-0.15759,0.0982636
1.84,0.0472443,0.0776337,0.244067,-0.371776,0.11286,-0.0428934,0.278824,0.10593,-1.9144e-12,0.2,-0.18,0,-0.128255,0.142028,-1.76672e-11,-0.120737,-0.15751,0.0980255
1.841,0.0473518,0.0778475,0.243959,-0.372878,0.112802,-0.0431401,0.278824,0.10593,-1.9144e-12,0.2,-0.18,0,-0.128255,0.142028,-1.76672e-11,-0.120456,-0.157431,0.0977846
1.842,0.0474593,0.0780606,0.24385,-0.373972,0.112736,-0.0433906,0.278824,0.10593,-1.9144e-12,0.2,-0.18,0,-0.128255,0.142028,-1.76672e-11,-0.120177,-0.157351,0.0975409
1.843,0.047567,0.078273,0.243741,-0.375058,0.112663,-0.0436449,0.278824,0.10593,-1.9144e-12,0.2,-0.18,0,-0.128255,0.142028,-1.76672e-11,-0.119899,-0.157273,0.0972943
1.844,0.0476749,0.0784847,0.243631,-0.376136,0.112583,-0.0439031,0.278824,0.10593,-1.9144e-12,0.2,-0.18,0,-0.128255,0.142028,-1.76672e-11,-0.119623,-0.157194,0.0970449
1.845,0.0477828,0.0786957,0.243521,-0.377206,0.112496,-0.0441652,0.278824,0.10593,-1.9144e-12,0.2,-0.18,0,-0.128255,0.142028,-1.76672e-11,-0.119348,-0.157116,0.0967928
1.846,0.0478908,0.0789059,0.243411,-0.378267,0.112402,-0.044431,0.278824,0.10593,-1.9144e-12,0.2,-0.18,0,-0.128255,0.142028,-1.76672e-11,-0.119074,-0.157039,0.0965379
1.847,0.0479989,0.0791155,0.243299,-0.379321,0.112301,-0.0447006,0.278824,0.10593,-1.9144e-12,0.2,-0.18,0,-0.128255,0.142028,-1.76672e-11,-0.118802,-0.156961,0.0962802
1.848,0.0481072,0.0793243,0.243188,-0.380366,0.112192,-0.044974,0.278824,0.10593,-1.9144e-12,0.2,-0.18,0,-0.128255,0.142028,-1.76672e-11,-0.118531,-0.156885,0.0960199
1.849,0.0482155,0.0795323,0.243076,-0.381402,0.112077,-0.0452511,0.278824,0.10593,-1.9144e-12,0.2,-0.18,0,-0.128255,0.142028,-1.76672e-11,-0.118262,-0.156808,0.0957569
1.85,0.0483239,0.0797396,0.242963,-0.38243,0.111955,-0.045532,0.278824,0.10593,-1.9144e-12,0.2,-0.18,0,-0.128255,0.142028,-1.76672e-11,-0.117994,-0.156732,0.0954912
1.851,0.0484324,0.0799462,0.24285,-0.383449,0.111826,-0.0458166,0.278824,0.10593,-1.9144e-12,0.2,-0.18,0,-0.128255,0.142028,-1.76672e-11,-0.117727,-0.156656,0.0952229
1.852,0.048541,0.0801521,0.242737,-0.38446,0.11169,-0.0461048,0.278824,0.10593,-1.9144e-12,0.2,-0.18,0,-0.128255,0.142028,-1.76672e-11,-0.117462,-0.156581,0.094952
1.853,0.0486497,0.0803572,0.242623,-0.385462,0.111547,-0.0463968,0.278824,0.10593,-1.9144e-12,0.2,-0.18,0,-0.128255,0.142028,-1.76672e-11,-0.117198,-0.156506,0.0946784
1.854,0.0487585,0.0805615,0.242508,-0.386455,0.111397,-0.0466924,0.278824,0.10593,-1.9144e-12,0.2,-0.18,0,-0.128255,0.142028,-1.76672e-11,-0.116936,-0.156432,0.0944023
1.855,0.0488673,0.0807651,0.242394,-0.387439,0.11124,-0.0469917,0.278824,0.10593,-1.9144e-12,0.2,-0.18,0,-0.128255,0.142028,-1.76672e-11,-0.116675,-0.156358,0.0941237
1.856,0.0489762,0.0809679,0.242279,-0.388414,0.111076,-0.0472946,0.278824,0.10593,-1.9144e-12,0.2,-0.18,0,-0.128255,0.142028,-1.76672e-11,-0.116415,-0.156284,0.0938425
1.857,0.0490852,0.08117,0.242163,-0.38938,0.110905,-0.0476012,0.278824,0.10593,-1.9144e-12,0.2,-0.18,0,-0.128255,0.142028,-1.76672e-11,-0.116157,-0.156211,0.0935589
1.858,0.0491942,0.0813713,0.242047,-0.390337,0.110727,-0.0479113,0.278824,0.10593,-1.9144e-12,0.2,-0.18,0,-0.128255,0.142028,-1.76672e-11,-0.1159,-0.156138,0.0932727
1.859,0.0493033,0.0815718,0.241931,-0.391285,0.110543,-0.048225,0.278824,0.10593,-1.9144e-12,0.2,-0.18,0,-0.128255,0.142028,-1.76672e-11,-0.115644,-0.156065,0.0929841
1.86,0.0494124,0.0817715,0.241814,-0.392223,0.110351,-0.0485423,0.278824,0.10593,-1.9144e-12,0.2,-0.18,0,-0.128255,0.142028,-1.76672e-11,-0.11539,-0.155993,0.0926931
1.861,0.0495216,0.0819705,0.241697,-0.393152,0.110152,-0.0488631,0.278824,0.10593,-1.9144e-12,0.2,-0.18,0,-0.128255,0.142028,-1.76672e-11,-0.115137,-0.155922,0.0923997
1.862,0.0496308,0.0821687,0.24158,-0.394072,0.109947,-0.0491874,0.278824,0.10593,-1.9144e-12,0.2,-0.18,0,-0.128255,0.142028,-1.76672e-11,-0.114885,-0.15585,0.0921039
1.863,0.0497401,0.0823661,0.241462,-0.394982,0.109735,-0.0495153,0.278824,0.10593,-1.9144e-12,0.2,-0.18,0,-0.128255,0.142028,-1.76672e-11,-0.114635,-0.155779,0.0918057
1.864,0.0498495,0.0825627,0.241344,-0.395882,0.109515,-0.0498466,0.278824,0.10593,-1.9144e-12,0.2,-0.18,0,-0.128255,0.142028,-1.76672e-11,-0.114386,-0.155709,0.0915052
1.865,0.0499588,0.0827585,0.241226,-0.396773,0.109289,-0.0501814,0.278824,0.10593,-1.9144e-12,0.2,-0.18,0,-0.128255,0.142028,-1.76672e-11,-0.114139,-0.155638,0.0912023
1.866,0.0500682,0.0829536,0.241108,-0.397653,0.109056,-0.0505197,0.278824,0.10593,-1.9144e-12,0.2,-0.18,0,-0.128255,0.142028,-1.76672e-11,-0.113893,-0.155569,0.0908972
1.867,0.0501776,0.0831478,0.240989,-0.398524,0.108816,-0.0508614,0.278824,0.10593,-1.9144e-12,0.2,-0.18,0,-0.128255,0.142028,-1.76672e-11,-0.113648,-0.155499,0.0905898
1.868,0.0502871,0.0833412,0.24087,-0.399385,0.10857,-0.0512065,0.278824,0.10593,-1.9144e-12,0.2,-0.18,0,-0.128255,0.142028,-1.76672e-11,-0.113405,-0.15543,0.0902802
1.869,0.0503965,0.0835339,0.24075,-0.400236,0.108316,-0.0515551,0.278824,0.10593,-1.9144e-12,0.2,-0.18,0,-0.128255,0.142028,-1.76672e-11,-0.113162,-0.155361,0.0899683
1.87,0.050506,0.0837257,0.240631,-0.401077,0.108056,-0.051907,0.278824,0.10593,-1.9144e-12,0.2,-0.18,0,-0.128255,0.142028,-1.76672e-11,-0.112922,-0.155293,0.0896542
1.871,0.0506155,0.0839167,0.240511,-0.401908,0.107789,-0.0522623,0.278824,0.10593,-1.9144e-12,0.2,-0.18,0,-0.128255,0.142028,-1.76672e-11,-0.112682,-0.155225,0.089338
1.872,0.050725,0.0841068,0.240391,-0.402728,0.107515,-0.0526209,0.278824,0.10593,-1.9144e-12,0.2,-0.18,0,-0.128255,0.142028,-1.76672e-11,-0.112444,-0.155157,0.0890196
1.873,0.0508345,0.0842962,0.24027,-0.403538,0.107234,-0.0529829,0.278824,0.10593,-1.9144e-12,0.2,-0.18,0,-0.128255,0.142028,-1.76672e-11,-0.112207,-0.15509,0.0886991
1.874,0.050944,0.0844847,0.24015,-0.404338,0.106946,-0.0533482,0.278824,0.10593,-1.9144e-12,0.2,-0.18,0,-0.128255,0.142028,-1.76672e-11,-0.111972,-0.155023,0.0883764
1.875,0.0510536,0.0846724,0.240029,-0.405127,0.106652,-0.0537169,0.278824,0.10593,-1.9144e-12,0.2,-0.18,0,-0.128255,0.142028,-1.76672e-11,-0.111737,-0.154957,0.0880517
1.876,0.0511631,0.0848593,0.239908,-0.405906,0.106351,-0.0540888,0.278824,0.10593,-1.9144e-12,0.2,-0.18,0,-0.128255,0.142028,-1.76672e-11,-0.111504,-0.154891,0.0877249
1.877,0.0512726,0.0850453,0.239787,-0.406674,0.106043,-0.0544639,0.278824,0.10593,-1.9144e-12,0.2,-0.18,0,-0.128255,0.142028,-1.76672e-11,-0.111273,-0.154825,0.0873961
1.878,0.0513821,0.0852305,0.239666,-0.407431,0.105728,-0.0548423,0.278824,0.10593,-1.9144e-12,0.2,-0.18,0,-0.128255,0.142028,-1.76672e-11,-0.111042,-0.15476,0.0870652
1.879,0.0514915,0.0854149,0.239544,-0.408177,0.105407,-0.055224,0.278824,0.10593,-1.9144e-12,0.2,-0.18,0,-0.128255,0.142028,-1.76672e-11,-0.110813,-0.154695,0.0867324
1.88,0.051601,0.0855984,0.239423,-0.408913,0.105079,-0.0556088,0.278824,0.10593,-1.9144e-12,0.2,-0.18,0,-0.128255,0.142028,-1.76672e-11,-0.110586,-0.15463,0.0863976
1.881,0.0517104,0.085781,0.239301,-0.409637,0.104744,-0.0559969,0.278824,0.10593,-1.9144e-12,0.2,-0.18,0,-0.128255,0.142028,-1.76672e-11,-0.110359,-0.154566,0.0860608
1.882,0.0518198,0.0859628,0.239179,-0.41035,0.104402,-0.0563881,0.278824,0.10593,-1.9144e-12,0.2,-0.18,0,-0.128255,0.142028,-1.76672e-11,-0.110134,-0.154502,0.0857221
1.883,0.0519292,0.0861438,0.239057,-0.411053,0.104053,-0.0567825,0.278824,0.10593,-1.9144e-12,0.2,-0.18,0,-0.128255,0.142028,-1.76672e-11,-0.10991,-0.154439,0.0853815
1.884,0.0520385,0.0863238,0.238935,-0.411744,0.103698,-0.0571801,0.278824,0.10593,-1.9144e-12,0.2,-0.18,0,-0.128255,0.142028,-1.76672e-11,-0.109688,-0.154375,0.085039
1.885,0.0521478,0.086503,0.238813,-0.412424,0.103337,-0.0575807,0.278824,0.10593,-1.9144e-12,0.2,-0.18,0,-0.128255,0.142028,-1.76672e-11,-0.109466,-0.154313,0.0846947
1.886,0.0522571,0.0866814,0.23869,-0.413092,0.102968,-0.0579845,0.278824,0.10593,-1.9144e-12,0.2,-0.18,0,-0.128255,0.142028,-1.76672e-11,-0.109246,-0.15425,0.0843486
1.887,0.0523663,0.0868589,0.238568,-0.413749,0.102593,-0.0583914,0.278824,0.10593,-1.9144e-12,0.2,-0.18,0,-0.128255,0.142028,-1.76672e-11,-0.109027,-0.154188,0.0840006
1.888,0.0524754,0.0870354,0.238446,-0.414394,0.102211,-0.0588014,0.278824,0.10593,-1.9144e-12,0.2,-0.18,0,-0.128255,0.142028,-1.76672e-11,-0.10881,-0.154126,0.0836508
1.889,0.0525845,0.0872112,0.238323,-0.415028,0.101822,-0.0592144,0.278824,0.10593,-1.9144e-12,0.2,-0.18,0,-0.128255,0.142028,-1.76672e-11,-0.108594,-0.154065,0.0832993
1.89,0.0526936,0.087386,0.238201,-0.41565,0.101427,-0.0596304,0.278824,0.10593,-1.9144e-12,0.2,-0.18,0,-0.128255,0.142028,-1.76672e-11,-0.108379,-0.154004,0.082946
1.891,0.0528026,0.0875599,0.238078,-0.416261,0.101025,-0.0600495,0.278824,0.10593,-1.9144e-12,0.2,-0.18,0,-0.128255,0.142028,-1.76672e-11,-0.108165,-0.153943,0.082591
1.892,0.0529115,0.087733,0.237955,-0.416859,0.100617,-0.0604716,0.278824,0.10593,-1.9144e-12,0.2,-0.18,0,-0.128255,0.142028,-1.76672e-11,-0.107952,-0.153883,0.0822344
1.893,0.0530204,0.0879051,0.237833,-0.417446,0.100201,-0.0608967,0.278824,0.10593,-1.9144e-12,0.2,-0.18,0,-0.128255,0.142028,-1.76672e-11,-0.107741,-0.153823,0.081876
1.894,0.0531291,0.0880764,0.23771,-0.418021,0.0997797,-0.0613247,0.278824,0.10593,-1.9144e-12,0.2,-0.18,0,-0.128255,0.142028,-1.76672e-11,-0.107531,-0.153764,0.081516
1.895,0.0532379,0.0882467,0.237588,-0.418583,0.0993512,-0.0617557,0.278824,0.10593,-1.9144e-12,0.2,-0.18,0,-0.128255,0.142028,-1.76672e-11,-0.107322,-0.153704,0.0811544
1.896,0.0533465,0.0884162,0.237465,-0.419133,0.0989162,-0.0621896,0.278824,0.10593,-1.9144e-12,0.2,-0.18,0,-0.128255,0.142028,-1.76672e-11,-0.107115,-0.153645,0.0807912
1.897,0.053455,0.0885847,0.237342,-0.419672,0.0984745,-0.0626265,0.278824,0.10593,-1.9144e-12,0.2,-0.18,0,-0.128255,0.142028,-1.76672e-11,-0.106908,-0.153587,0.0804263
1.898,0.0535635,0.0887523,0.23722,-0.420197,0.0980263,-0.0630663,0.278824,0.10593,-1.9144e-12,0.2,-0.18,0,-0.128255,0.142028,-1.76672e-11,-0.106703,-0.153529,0.08006
1.899,0.0536719,0.0889191,0.237098,-0.420711,0.0975714,-0.0635089,0.278824,0.10593,-1.9144e-12,0.2,-0.18,0,-0.128255,0.142028,-1.76672e-11,-0.1065,-0.153471,0.0796921
1.9,0.0537801,0.0890848,0.236975,-0.421212,0.09711,-0.0639544,0.278824,0.10593,-1.9144e-12,0.2,-0.18,0,-0.128255,0.142028,-1.76672e-11,-0.106297,-0.153413,0.0793226
1.901,0.0538883,0.0892497,0.236853,-0.4217,0.096642,-0.0644028,0.278824,0.10593,-1.9144e-12,0.2,-0.18,0,-0.128255,0.142028,-1.76672e-11,-0.106096,-0.153356,0.0789517
1.902,0.0539964,0.0894136,0.236731,-0.422176,0.0961676,-0.0648539,0.278824,0.10593,-1.9144e-12,0.2,-0.18,0,-0.128255,0.142028,-1.76672e-11,-0.105895,-0.153299,0.0785794
1.903,0.0541044,0.0895766,0.236608,-0.42264,0.0956867,-0.0653077,0.278824,0.10593,-1.9144e-12,0.2,-0.18,0,-0.128255,0.142028,-1.76672e-11,-0.105696,-0.153243,0.0782055
1.904,0.0542122,0.0897387,0.236486,-0.423091,0.0951996,-0.0657641,0.278824,0.10593,-1.9144e-12,0.2,-0.18,0,-0.128255,0.142028,-1.76672e-11,-0.105499,-0.153187,0.0778303
1.905,0.05432,0.0898999,0.236364,-0.42353,0.0947063,-0.0662231,0.278824,0.10593,-1.9144e-12,0.2,-0.18,0,-0.128255,0.142028,-1.76672e-11,-0.105302,-0.153131,0.0774537
1.906,0.0544277,0.0900601,0.236243,-0.423957,0.0942068,-0.0666845,0.278824,0.10593,-1.9144e-12,0.2,-0.18,0,-0.128255,0.142028,-1.76672e-11,-0.105107,-0.153076,0.0770757
1.907,0.0545353,0.0902193,0.236121,-0.424371,0.0937014,-0.0671482,0.278824,0.10593,-1.9144e-12,0.2,-0.18,0,-0.128255,0.142028,-1.76672e-11,-0.104913,-0.153021,0.0766963
1.908,0.0546428,0.0903777,0.235999,-0.424774,0.0931901,-0.0676142,0.278824,0.10593,-1.9144e-12,0.2,-0.18,0,-0.128255,0.142028,-1.76672e-11,-0.10472,-0.152966,0.0763156
1.909,0.0547501,0.090535,0.235878,-0.425164,0.0926729,-0.0680824,0.278824,0.10593,-1.9144e-12,0.2,-0.18,0,-0.128255,0.142028,-1.76672e-11,-0.104528,-0.152911,0.0759336
1.91,0.0548574,0.0906915,0.235757,-0.425543,0.0921501,-0.0685527,0.278824,0.10593,-1.9144e-12,0.2,-0.18,0,-0.128255,0.142028,-1.76672e-11,-0.104338,-0.152857,0.0755503
1.911,0.0549646,0.090847,0.235636,-0.42591,0.0916216,-0.0690251,0.278824,0.10593,-1.9144e-12,0.2,-0.18,0,-0.128255,0.142028,-1.76672e-11,-0.104148,-0.152804,0.0751658
1.912,0.0550717,0.0910015,0.235515,-0.426265,0.0910876,-0.0694994,0.278824,0.10593,-1.9144e-12,0.2,-0.18,0,-0.128255,0.142028,-1.76672e-11,-0.10396,-0.15275,0.07478
1.913,0.0551786,0.0911551,0.235395,-0.426609,0.0905481,-0.0699756,0.278824,0.10593,-1.9144e-12,0.2,-0.18,0,-0.128255,0.142028,-1.76672e-11,-0.103773,-0.152697,0.0743931
1.914,0.0552855,0.0913077,0.235275,-0.426941,0.0900033,-0.0704535,0.278824,0.10593,-1.9144e-12,0.2,-0.18,0,-0.128255,0.142028,-1.76672e-11,-0.103587,-0.152645,0.0740049
1.915,0.0553923,0.0914594,0.235155,-0.427261,0.0894533,-0.0709332,0.278824,0.10593,-1.9144e-12,0.2,-0.18,0,-0.128255,0.142028,-1.76672e-11,-0.103403,-0.152592,0.0736155
1.916,0.0554989,0.0916101,0.235035,-0.42757,0.0888981,-0.0714145,0.278824,0.10593,-1.9144e-12,0.2,-0.18,0,-0.128255,0.142028,-1.76672e-11,-0.103219,-0.15254,0.073225
1.917,0.0556055,0.0917599,0.234915,-0.427868,0.0883379,-0.0718973,0.278824,0.10593,-1.9144e-12,0.2,-0.18,0,-0.128255,0.142028,-1.76672e-11,-0.103037,-0.152488,0.0728334
1.918,0.055712,0.0919087,0.234796,-0.428154,0.0877727,-0.0723816,0.278824,0.10593,-1.9144e-12,0.2,-0.18,0,-0.128255,0.142028,-1.76672e-11,-0.102856,-0.152437,0.0724407
1.919,0.0558183,0.0920565,0.234677,-0.42843,0.0872027,-0.0728672,0.278824,0.10593,-1.9144e-12,0.2,-0.18,0,-0.128255,0.142028,-1.76672e-11,-0.102676,-0.152386,0.072047
1.92,0.0559246,0.0922033,0.234559,-0.428694,0.0866278,-0.0733541,0.278824,0.10593,-1.9144e-12,0.2,-0.18,0,-0.128255,0.142028,-1.76672e-11,-0.102497,-0.152335,0.0716521
1.921,0.0560307,0.0923492,0.23444,-0.428947,0.0860484,-0.0738423,0.278824,0.10593,-1.9144e-12,0.2,-0.18,0,-0.128255,0.142028,-1.76672e-11,-0.102319,-0.152285,0.0712563
1.922,0.0561368,0.0924941,0.234323,-0.429188,0.0854643,-0.0743316,0.278824,0.10593,-1.9144e-12,0.2,-0.18,0,-0.128255,0.142028,-1.76672e-11,-0.102143,-0.152235,0.0708594
1.923,0.0562427,0.092638,0.234205,-0.42942,0.0848757,-0.0748219,0.278824,0.10593,-1.9144e-12,0.2,-0.18,0,-0.128255,0.142028,-1.76672e-11,-0.101967,-0.152185,0.0704615
1.924,0.0563485,0.092781,0.234088,-0.42964,0.0842828,-0.0753132,0.278824,0.10593,-1.9144e-12,0.2,-0.18,0,-0.128255,0.142028,-1.76672e-11,-0.101793,-0.152135,0.0700627
1.925,0.0564543,0.0929229,0.233971,-0.429849,0.0836856,-0.0758054,0.278824,0.10593,-1.9144e-12,0.2,-0.18,0,-0.128255,0.142028,-1.76672e-11,-0.10162,-0.152086,0.069663
1.926,0.0565599,0.0930639,0.233855,-0.430048,0.0830841,-0.0762984,0.278824,0.10593,-1.9144e-12,0.2,-0.18,0,-0.128255,0.142028,-1.76672e-11,-0.101448,-0.152038,0.0692623
1.927,0.0566654,0.0932039,0.233738,-0.430236,0.0824786,-0.0767921,0.278824,0.10593,-1.9144e-12,0.2,-0.18,0,-0.128255,0.142028,-1.76672e-11,-0.101277,-0.151989,0.0688607
1.928,0.0567708,0.0933429,0.233623,-0.430414,0.0818691,-0.0772864,0.278824,0.10593,-1.9144e-12,0.2,-0.18,0,-0.128255,0.142028,-1.76672e-11,-0.101108,-0.151941,0.0684583
1.929,0.0568761,0.0934809,0.233508,-0.430581,0.0812556,-0.0777813,0.278824,0.10593,-1.9144e-12,0.2,-0.18,0,-0.128255,0.142028,-1.76672e-11,-0.100939,-0.151893,0.068055
1.93,0.0569813,0.0936179,0.233393,-0.430737,0.0806383,-0.0782766,0.278824,0.10593,-1.9144e-12,0.2,-0.18,0,-0.128255,0.142028,-1.76672e-11,-0.100772,-0.151846,0.0676509
1.931,0.0570864,0.093754,0.233279,-0.430884,0.0800173,-0.0787724,0.278824,0.10593,-1.9144e-12,0.2,-0.18,0,-0.128255,0.142028,-1.76672e-11,-0.100605,-0.151798,0.067246
1.932,0.0571914,0.093889,0.233165,-0.43102,0.0793927,-0.0792685,0.278824,0.10593,-1.9144e-12,0.2,-0.18,0,-0.128255,0.142028,-1.76672e-11,-0.10044,-0.151752,0.0668404
1.933,0.0572963,0.094023,0.233052,-0.431146,0.0787645,-0.0797648,0.278824,0.10593,-1.9144e-12,0.2,-0.18,0,-0.128255,0.142028,-1.76672e-11,-0.100276,-0.151705,0.0664339
1.934,0.057401,0.094156,0.232939,-0.431262,0.078133,-0.0802612,0.278824,0.10593,-1.9144e-12,0.2,-0.18,0,-0.128255,0.142028,-1.76672e-11,-0.100113,-0.151659,0.0660268
1.935,0.0575057,0.0942881,0.232826,-0.431367,0.077498,-0.0807577,0.278824,0.10593,-1.9144e-12,0.2,-0.18,0,-0.128255,0.142028,-1.76672e-11,-0.0999512,-0.151613,0.0656189
1.936,0.0576103,0.0944191,0.232715,-0.431463,0.0768598,-0.0812542,0.278824,0.10593,-1.9144e-12,0.2,-0.18,0,-0.128255,0.142028,-1.76672e-11,-0.0997904,-0.151567,0.0652104
1.937,0.0577147,0.0945491,0.232603,-0.431549,0.0762185,-0.0817505,0.278824,0.10593,-1.9144e-12,0.2,-0.18,0,-0.128255,0.142028,-1.76672e-11,-0.0996308,-0.151522,0.0648012
1.938,0.057819,0.094678,0.232493,-0.431625,0.0755741,-0.0822467,0.278824,0.10593,-1.9144e-12,0.2,-0.18,0,-0.128255,0.142028,-1.76672e-11,-0.0994722,-0.151477,0.0643913
1.939,0.0579233,0.094806,0.232382,-0.431692,0.0749267,-0.0827427,0.278824,0.10593,-1.9144e-12,0.2,-0.18,0,-0.128255,0.142028,-1.76672e-11,-0.0993147,-0.151432,0.0639808
1.94,0.0580274,0.094933,0.232273,-0.431749,0.0742765,-0.0832383,0.278824,0.10593,-1.9144e-12,0.2,-0.18,0,-0.128255,0.142028,-1.76672e-11,-0.0991584,-0.151388,0.0635698
1.941,0.0581314,0.0950589,0.232164,-0.431796,0.0736235,-0.0837334,0.278824,0.10593,-1.9144e-12,0.2,-0.18,0,-0.128255,0.142028,-1.76672e-11,-0.0990031,-0.151344,0.0631581
1.942,0.0582353,0.0951838,0.232055,-0.431834,0.0729678,-0.084228,0.278824,0.10593,-1.9144e-12,0.2,-0.18,0,-0.128255,0.142028,-1.76672e-11,-0.0988489,-0.1513,0.062746
1.943,0.058339,0.0953077,0.231947,-0.431862,0.0723096,-0.0847221,0.278824,0.10593,-1.9144e-12,0.2,-0.18,0,-0.128255,0.142028,-1.76672e-11,-0.0986957,-0.151257,0.0623333
1.944,0.0584427,0.0954306,0.23184,-0.431881,0.0716488,-0.0852155,0.278824,0.10593,-1.9144e-12,0.2,-0.18,0,-0.128255,0.142028,-1.76672e-11,-0.0985437,-0.151213,0.0619201
1.945,0.0585463,0.0955524,0.231734,-0.431891,0.0709857,-0.0857081,0.278824,0.10593,-1.9144e-12,0.2,-0.18,0,-0.128255,0.142028,-1.76672e-11,-0.0983927,-0.151171,0.0615064
1.946,0.0586497,0.0956732,0.231628,-0.431891,0.0703202,-0.0861999,0.278824,0.10593,-1.9144e-12,0.2,-0.18,0,-0.128255,0.142028,-1.76672e-11,-0.0982428,-0.151128,0.0610922
1.947,0.0587531,0.0957929,0.231522,-0.431882,0.0696526,-0.0866907,0.278824,0.10593,-1.9144e-12,0.2,-0.18,0,-0.128255,0.142028,-1.76672e-11,-0.0980939,-0.151086,0.0606777
1.948,0.0588563,0.0959117,0.231418,-0.431865,0.0689828,-0.0871806,0.278824,0.10593,-1.9144e-12,0.2,-0.18,0,-0.128255,0.142028,-1.76672e-11,-0.0979461,-0.151044,0.0602627
1.949,0.0589594,0.0960294,0.231314,-0.431838,0.0683111,-0.0876694,0.278824,0.10593,-1.9144e-12,0.2,-0.18,0,-0.128255,0.142028,-1.76672e-11,-0.0977994,-0.151002,0.0598473
1.95,0.0590624,0.096146,0.231211,-0.431802,0.0676374,-0.088157,0.278824,0.10593,-1.9144e-12,0.2,-0.18,0,-0.128255,0.142028,-1.76672e-11,-0.0976538,-0.150961,0.0594316
1.951,0.0591653,0.0962616,0.231108,-0.431758,0.0669619,-0.0886433,0.278824,0.10593,-1.9144e-12,0.2,-0.18,0,-0.128255,0.142028,-1.76672e-11,-0.0975091,-0.15092,0.0590155
1.952,0.0592681,0.0963762,0.231007,-0.431705,0.0662846,-0.0891284,0.278824,0.10593,-1.9144e-12,0.2,-0.18,0,-0.128255,0.142028,-1.76672e-11,-0.0973656,-0.150879,0.0585991
1.953,0.0593707,0.0964897,0.230905,-0.431643,0.0656058,-0.089612,0.278824,0.10593,-1.9144e-12,0.2,-0.18,0,-0.128255,0.142028,-1.76672e-11,-0.097223,-0.150839,0.0581824
1.954,0.0594733,0.0966021,0.230805,-0.431572,0.0649254,-0.0900941,0.278824,0.10593,-1.9144e-12,0.2,-0.18,0,-0.128255,0.142028,-1.76672e-11,-0.0970816,-0.150799,0.0577655
1.955,0.0595757,0.0967135,0.230706,-0.431493,0.0642435,-0.0905746,0.278824,0.10593,-1.9144e-12,0.2,-0.18,0,-0.128255,0.142028,-1.76672e-11,-0.0969411,-0.150759,0.0573483
1.956,0.059678,0.0968239,0.230607,-0.431406,0.0635603,-0.0910535,0.278824,0.10593,-1.9144e-12,0.2,-0.18,0,-0.128255,0.142028,-1.76672e-11,-0.0968017,-0.150719,0.0569309
1.957,0.0597802,0.0969332,0.230509,-0.43131,0.0628759,-0.0915306,0.278824,0.10593,-1.9144e-12,0.2,-0.18,0,-0.128255,0.142028,-1.76672e-11,-0.0966634,-0.15068,0.0565132
1.958,0.0598823,0.0970414,0.230412,-0.431205,0.0621903,-0.092006,0.278824,0.10593,-1.9144e-12,0.2,-0.18,0,-0.128255,0.142028,-1.76672e-11,-0.096526,-0.150641,0.0560954
1.959,0.0599843,0.0971486,0.230315,-0.431093,0.0615036,-0.0924794,0.278824,0.10593,-1.9144e-12,0.2,-0.18,0,-0.128255,0.142028,-1.76672e-11,-0.0963897,-0.150602,0.0556775
1.96,0.0600861,0.0972547,0.23022,-0.430972,0.0608159,-0.0929508,0.278824,0.10593,-1.9144e-12,0.2,-0.18,0,-0.128255,0.142028,-1.76672e-11,-0.0962544,-0.150564,0.0552594
1.961,0.0601879,0.0973597,0.230125,-0.430844,0.0601274,-0.0934202,0.278824,0.10593,-1.9144e-12,0.2,-0.18,0,-0.128255,0.142028,-1.76672e-11,-0.0961201,-0.150526,0.0548412
1.962,0.0602895,0.0974637,0.230031,-0.430707,0.0594381,-0.0938874,0.278824,0.10593,-1.9144e-12,0.2,-0.18,1.67296e-06,-0.128255,0.142028,-1.76672e-11,-0.0959869,-0.150488,0.0544229
1.963,0.060391,0.0975665,0.229939,-0.430562,0.0587482,-0.0943523,0.278824,0.10593,-1.9144e-12,0.200001,-0.18,7.25595e-06,-0.128255,0.142028,-1.76672e-11,-0.0958546,-0.150451,0.0540045
1.964,0.0604924,0.0976684,0.229846,-0.43041,0.0580576,-0.094815,0.278824,0.10593,-1.9144e-12,0.200002,-0.18,1.67403e-05,-0.128255,0.142028,-1.76672e-11,-0.0957234,-0.150413,0.0535861
1.965,0.0605936,0.0977691,0.229755,-0.430249,0.0573665,-0.0952753,0.278824,0.10593,-1.9144e-12,0.200003,-0.18,3.01052e-05,-0.128255,0.142028,-1.76672e-11,-0.0955932,-0.150376,0.0531677
1.966,0.0606948,0.0978688,0.229665,-0.430081,0.0566751,-0.0957331,0.278824,0.10593,-1.9144e-12,0.200005,-0.18,4.73302e-05,-0.128255,0.142028,-1.76672e-11,-0.0954639,-0.15034,0.0527492
1.967,0.0607958,0.0979673,0.229576,-0.429906,0.0559833,-0.0961883,0.278824,0.10593,-1.9144e-12,0.200007,-0.18,6.83946e-05,-0.128255,0.142028,-1.76672e-11,-0.0953357,-0.150303,0.0523308
1.968,0.0608967,0.0980648,0.229487,-0.429722,0.0552914,-0.0966409,0.278824,0.10593,-1.9144e-12,0.20001,-0.18,9.32777e-05,-0.128255,0.142028,-1.76672e-11,-0.0952085,-0.150267,0.0519125
1.969,0.0609975,0.0981612,0.2294,-0.429531,0.0545993,-0.0970907,0.278824,0.10593,-1.9144e-12,0.200013,-0.18,0.000121959,-0.128255,0.142028,-1.76672e-11,-0.0950822,-0.150231,0.0514942
1.97,0.0610982,0.0982565,0.229313,-0.429333,0.0539072,-0.0975378,0.278824,0.10593,-1.9144e-12,0.200016,-0.18,0.000154417,-0.128255,0.142028,-1.76672e-11,-0.094957,-0.150196,0.0510761
1.971,0.0611988,0.0983508,0.229228,-0.429128,0.0532152,-0.0979819,0.278824,0.10593,-1.9144e-12,0.20002,-0.180001,0.000190633,-0.128255,0.142028,-1.76672e-11,-0.0948327,-0.150161,0.050658
1.972,0.0612992,0.0984439,0.229143,-0.428915,0.0525233,-0.0984231,0.278824,0.10593,-1.9144e-12,0.200024,-0.180001,0.000230584,-0.128255,0.142028,-1.76672e-11,-0.0947094,-0.150126,0.0502401
1.973,0.0613995,0.0985359,0.229059,-0.428695,0.0518317,-0.0988613,0.278824,0.10593,-1.9144e-12,0.200029,-0.180001,0.000274251,-0.128255,0.142028,-1.76672e-11,-0.0945871,-0.150091,0.0498223
1.974,0.0614997,0.0986269,0.228977,-0.428468,0.0511405,-0.0992963,0.278824,0.10593,-1.9144e-12,0.200034,-0.180001,0.000321613,-0.128255,0.142028,-1.76672e-11,-0.0944657,-0.150056,0.0494048
1.975,0.0615998,0.0987167,0.228895,-0.428234,0.0504497,-0.0997281,0.278824,0.10593,-1.9144e-12,0.20004,-0.180001,0.000372649,-0.128255,0.142028,-1.76672e-11,-0.0943454,-0.150022,0.0489874
1.976,0.0616998,0.0988054,0.228815,-0.427993,0.0497595,-0.100157,0.278824,0.10593,-1.9144e-12,0.200046,-0.180001,0.000427339,-0.128255,0.142028,-1.76672e-11,-0.094226,-0.149988,0.0485703
1.977,0.0617996,0.098893,0.228735,-0.427744,0.04907,-0.100582,0.278824,0.10593,-1.9144e-12,0.200053,-0.180001,0.000485661,-0.128255,0.142028,-1.76672e-11,-0.0941076,-0.149955,0.0481535
1.978,0.0618994,0.0989796,0.228657,-0.42749,0.0483811,-0.101003,0.278824,0.10593,-1.9144e-12,0.20006,-0.180002,0.000547596,-0.128255,0.142028,-1.76672e-11,-0.0939901,-0.149921,0.0477369
1.979,0.0619989,0.099065,0.228579,-0.427228,0.0476932,-0.101421,0.278824,0.10593,-1.9144e-12,0.200067,-0.180002,0.000613123,-0.128255,0.142028,-1.76672e-11,-0.0938736,-0.149888,0.0473206
1.98,0.0620984,0.0991492,0.228503,-0.42696,0.0470061,-0.101836,0.278824,0.10593,-1.9144e-12,0.200075,-0.180002,0.00068222,-0.128255,0.142028,-1.76672e-11,-0.093758,-0.149856,0.0469047
1.981,0.0621978,0.0992324,0.228428,-0.426685,0.0463201,-0.102247,0.278824,0.10593,-1.9144e-12,0.200084,-0.180002,0.000754868,-0.128255,0.142028,-1.76672e-11,-0.0936434,-0.149823,0.0464891
1.982,0.062297,0.0993145,0.228354,-0.426403,0.0456352,-0.102654,0.278824,0.10593,-1.9144e-12,0.200092,-0.180003,0.000831045,-0.128255,0.142028,-1.76672e-11,-0.0935298,-0.149791,0.0460738
1.983,0.0623961,0.0993954,0.228281,-0.426115,0.0449515,-0.103057,0.278824,0.10593,-1.9144e-12,0.200102,-0.180003,0.000910731,-0.128255,0.142028,-1.76672e-11,-0.093417,-0.149759,0.045659
1.984,0.0624951,0.0994752,0.228209,-0.425821,0.0442691,-0.103456,0.278824,0.10593,-1.9144e-12,0.200112,-0.180003,0.000993906,-0.128255,0.142028,-1.76672e-11,-0.0933053,-0.149727,0.0452446
1.985,0.062594,0.0995539,0.228138,-0.425521,0.0435881,-0.103851,0.278824,0.10593,-1.9144e-12,0.200122,-0.180003,0.00108055,-0.128255,0.142028,-1.76672e-11,-0.0931944,-0.149696,0.0448306
1.986,0.0626927,0.0996315,0.228069,-0.425214,0.0429087,-0.104242,0.278824,0.10593,-1.9144e-12,0.200133,-0.180004,0.00117064,-0.128255,0.142028,-1.76672e-11,-0.0930845,-0.149665,0.0444171
1.987,0.0627913,0.0997079,0.228001,-0.424901,0.0422308,-0.104629,0.278824,0.10593,-1.9144e-12,0.200144,-0.180004,0.00126415,-0.128255,0.142028,-1.76672e-11,-0.0929756,-0.149634,0.0440041
1.988,0.0628898,0.0997832,0.227933,-0.424582,0.0415546,-0.105011,0.278824,0.10593,-1.9144e-12,0.200156,-0.180004,0.00136107,-0.128255,0.142028,-1.76672e-11,-0.0928675,-0.149603,0.0435915
1.989,0.0629882,0.0998574,0.227867,-0.424257,0.0408802,-0.105389,0.278824,0.10593,-1.9144e-12,0.200168,-0.180005,0.00146138,-0.128255,0.142028,-1.76672e-11,-0.0927604,-0.149573,0.0431796
1.99,0.0630864,0.0999304,0.227803,-0.423926,0.0402077,-0.105763,0.278824,0.10593,-1.9144e-12,0.200181,-0.180005,0.00156505,-0.128255,0.142028,-1.76672e-11,-0.0926542,-0.149542,0.0427681
1.991,0.0631845,0.100002,0.227739,-0.423589,0.0395372,-0.106132,0.278824,0.10593,-1.9144e-12,0.200194,-0.180005,0.00167207,-0.128255,0.142028,-1.76672e-11,-0.092549,-0.149513,0.0423573
1.992,0.0632825,0.100073,0.227677,-0.423246,0.0388687,-0.106497,0.278824,0.10593,-1.9144e-12,0.200208,-0.180006,0.00178241,-0.128255,0.142028,-1.76672e-11,-0.0924446,-0.149483,0.041947
1.993,0.0633804,0.100143,0.227616,-0.422898,0.0382024,-0.106857,0.278824,0.10593,-1.9144e-12,0.200222,-0.180006,0.00189605,-0.128255,0.142028,-1.76672e-11,-0.0923411,-0.149454,0.0415374
1.994,0.0634781,0.100211,0.227556,-0.422544,0.0375384,-0.107212,0.278824,0.10593,-1.9144e-12,0.200237,-0.180007,0.00201297,-0.128255,0.142028,-1.76672e-11,-0.0922386,-0.149425,0.0411284
1.995,0.0635758,0.100278,0.227498,-0.422185,0.0368767,-0.107562,0.278824,0.10593,-1.9144e-12,0.200252,-0.180007,0.00213315,-0.128255,0.142028,-1.76672e-11,-0.092137,-0.149396,0.0407201
1.996,0.0636732,0.100345,0.22744,-0.42182,0.0362175,-0.107907,0.278824,0.10593,-1.9144e-12,0.200268,-0.180007,0.00225658,-0.128255,0.142028,-1.76672e-11,-0.0920362,-0.149367,0.0403125
1.997,0.0637706,0.10041,0.227385,-0.421449,0.0355608,-0.108248,0.278824,0.10593,-1.9144e-12,0.200284,-0.180008,0.00238322,-0.128255,0.142028,-1.76672e-11,-0.0919364,-0.149339,0.0399056
1.998,0.0638678,0.100473,0.22733,-0.421073,0.0349067,-0.108583,0.278824,0.10593,-1.9144e-12,0.200301,-0.180008,0.00251307,-0.128255,0.142028,-1.76672e-11,-0.0918374,-0.149311,0.0394994
1.999,0.0639649,0.100536,0.227277,-0.420692,0.0342554,-0.108913,0.278824,0.10593,-1.9144e-12,0.200319,-0.180009,0.00264609,-0.128255,0.142028,-1.76672e-11,-0.0917394,-0.149283,0.0390941
2,0.0640619,0.100598,0.227225,-0.420306,0.033607,-0.109238,0.278824,0.10593,-1.9144e-12,0.200337,-0.180009,0.00278227,-0.128255,0.142028,-1.76672e-11,-0.0916422,-0.149255,0.0386894
2.001,0.0641588,0.100658,0.227174,-0.419915,0.0329614,-0.109557,0.278824,0.10593,-1.9144e-12,0.200355,-0.18001,0.00292159,-0.128255,0.142028,-1.76672e-11,-0.0915459,-0.149228,0.0382856
2.002,0.0642555,0.100717,0.227125,-0.419519,0.0323188,-0.109871,0.278824,0.10593,-1.9144e-12,0.200374,-0.18001,0.00306402,-0.128255,0.142028,-1.76672e-11,-0.0914505,-0.149201,0.0378827
2.003,0.0643521,0.100775,0.227077,-0.419118,0.0316792,-0.110179,0.278824,0.10593,-1.9144e-12,0.200394,-0.180011,0.00320955,-0.128255,0.142028,-1.76672e-11,-0.091356,-0.149174,0.0374805
2.004,0.0644486,0.100832,0.227031,-0.418712,0.0310426,-0.110482,0.278824,0.10593,-1.9144e-12,0.200414,-0.180011,0.00335816,-0.128255,0.142028,-1.76672e-11,-0.0912623,-0.149148,0.0370793
2.005,0.0645449,0.100888,0.226985,-0.418302,0.0304091,-0.110779,0.278824,0.10593,-1.9144e-12,0.200435,-0.180012,0.00350982,-0.128255,0.142028,-1.76672e-11,-0.0911696,-0.149121,0.036679
2.006,0.0646412,0.100942,0.226942,-0.417888,0.0297787,-0.111071,0.278824,0.10593,-1.9144e-12,0.200456,-0.180013,0.00366451,-0.128255,0.142028,-1.76672e-11,-0.0910776,-0.149095,0.0362795
2.007,0.0647373,0.100996,0.226899,-0.417469,0.0291513,-0.111356,0.278824,0.10593,-1.9144e-12,0.200478,-0.180013,0.00382222,-0.128255,0.142028,-1.76672e-11,-0.0909866,-0.149069,0.0358811
2.008,0.0648333,0.101048,0.226858,-0.417047,0.0285272,-0.111636,0.278824,0.10593,-1.9144e-12,0.2005,-0.180014,0.00398292,-0.128255,0.142028,-1.76672e-11,-0.0908964,-0.149044,0.0354836
2.009,0.0649293,0.101099,0.226818,-0.416621,0.0279062,-0.11191,0.278824,0.10593,-1.9144e-12,0.200523,-0.180014,0.0041466,-0.128255,0.142028,-1.76672e-11,-0.0908071,-0.149018,0.0350871
2.01,0.0650251,0.101149,0.22678,-0.416192,0.0272884,-0.112178,0.278824,0.10593,-1.9144e-12,0.200547,-0.180015,0.00431322,-0.128255,0.142028,-1.76672e-11,-0.0907186,-0.148993,0.0346916
2.011,0.0651208,0.101197,0.226743,-0.415759,0.0266739,-0.112439,0.278824,0.10593,-1.9144e-12,0.200571,-0.180016,0.00448278,-0.128255,0.142028,-1.76672e-11,-0.090631,-0.148968,0.0342971
2.012,0.0652164,0.101245,0.226707,-0.415323,0.0260626,-0.112695,0.278824,0.10593,-1.9144e-12,0.200595,-0.180016,0.00465524,-0.128255,0.142028,-1.76672e-11,-0.0905442,-0.148944,0.0339037
2.013,0.0653119,0.101291,0.226672,-0.414884,0.0254547,-0.112944,0.278824,0.10593,-1.9144e-12,0.200621,-0.180017,0.0048306,-0.128255,0.142028,-1.76672e-11,-0.0904582,-0.148919,0.0335114
2.014,0.0654073,0.101336,0.226639,-0.414442,0.0248501,-0.113186,0.278824,0.10593,-1.9144e-12,0.200647,-0.180018,0.00500882,-0.128255,0.142028,-1.76672e-11,-0.0903731,-0.148895,0.0331202
2.015,0.0655026,0.10138,0.226607,-0.413997,0.0242489,-0.113423,0.278824,0.10593,-1.9144e-12,0.200673,-0.180019,0.00518989,-0.128255,0.142028,-1.76672e-11,-0.0902889,-0.148871,0.0327301
2.016,0.0655978,0.101423,0.226577,-0.41355,0.023651,-0.113653,0.278824,0.10593,-1.9144e-12,0.2007,-0.180019,0.00537379,-0.128255,0.142028,-1.76672e-11,-0.0902054,-0.148848,0.0323412
2.017,0.065693,0.101464,0.226548,-0.4131,0.0230567,-0.113876,0.278824,0.10593,-1.9144e-12,0.200728,-0.18002,0.0055605,-0.128255,0.142028,-1.76672e-11,-0.0901228,-0.148824,0.0319534
2.018,0.065788,0.101505,0.22652,-0.412649,0.0224658,-0.114092,0.278824,0.10593,-1.9144e-12,0.200756,-0.180021,0.00574999,-0.128255,0.142028,-1.76672e-11,-0.0900411,-0.148801,0.0315669
2.019,0.065883,0.101544,0.226493,-0.412195,0.0218784,-0.114302,0.278824,0.10593,-1.9144e-12,0.200785,-0.180022,0.00594225,-0.128255,0.142028,-1.76672e-11,-0.0899601,-0.148778,0.0311815
2.02,0.0659779,0.101582,0.226468,-0.41174,0.0212945,-0.114505,0.278824,0.10593,-1.9144e-12,0.200815,-0.180022,0.00613726,-0.128255,0.142028,-1.76672e-11,-0.08988,-0.148755,0.0307975
2.021,0.0660727,0.101619,0.226444,-0.411283,0.0207142,-0.114701,0.278824,0.10593,-1.9144e-12,0.200845,-0.180023,0.00633499,-0.128255,0.142028,-1.76672e-11,-0.0898007,-0.148733,0.0304146
2.022,0.0661674,0.101655,0.226422,-0.410824,0.0201375,-0.11489,0.278824,0.10593,-1.9144e-12,0.200875,-0.180024,0.00653542,-0.128255,0.142028,-1.76672e-11,-0.0897222,-0.148711,0.0300331
2.023,0.066262,0.101689,0.226401,-0.410364,0.0195644,-0.115072,0.278824,0.10593,-1.9144e-12,0.200907,-0.180025,0.00673853,-0.128255,0.142028,-1.76672e-11,-0.0896445,-0.148689,0.0296529
2.024,0.0663566,0.101722,0.226381,-0.409903,0.018995,-0.115246,0.278824,0.10593,-1.9144e-12,0.200939,-0.180026,0.00694431,-0.128255,0.142028,-1.76672e-11,-0.0895676,-0.148667,0.029274
2.025,0.0664511,0.101754,0.226362,-0.409442,0.0184293,-0.115414,0.278824,0.10593,-1.9144e-12,0.200971,-0.180027,0.00715273,-0.128255,0.142028,-1.76672e-11,-0.0894915,-0.148645,0.0288965
2.026,0.0665456,0.101785,0.226345,-0.408979,0.0178673,-0.115574,0.278824,0.10593,-1.9144e-12,0.201005,-0.180028,0.00736377,-0.128255,0.142028,-1.76672e-11,-0.0894162,-0.148624,0.0285204
2.027,0.06664,0.101815,0.226329,-0.408516,0.0173091,-0.115727,0.278824,0.10593,-1.9144e-12,0.201038,-0.180029,0.00757742,-0.128255,0.142028,-1.76672e-11,-0.0893417,-0.148603,0.0281456
2.028,0.0667343,0.101843,0.226314,-0.408052,0.0167546,-0.115872,0.278824,0.10593,-1.9144e-12,0.201073,-0.18003,0.00779364,-0.128255,0.142028,-1.76672e-11,-0.0892681,-0.148582,0.0277723
2.029,0.0668285,0.101871,0.226301,-0.407588,0.016204,-0.11601,0.278824,0.10593,-1.9144e-12,0.201108,-0.180031,0.00801242,-0.128255,0.142028,-1.76672e-11,-0.0891951,-0.148561,0.0274005
2.03,0.0669228,0.101897,0.226289,-0.407124,0.0156572,-0.11614,0.278824,0.10593,-1.9144e-12,0.201144,-0.180032,0.00823374,-0.128255,0.142028,-1.76672e-11,-0.089123,-0.148541,0.0270301
2.031,0.0670169,0.101922,0.226278,-0.40666,0.0151144,-0.116263,0.278824,0.10593,-1.9144e-12,0.20118,-0.180033,0.00845757,-0.128255,0.142028,-1.76672e-11,-0.0890517,-0.14852,0.0266612
2.032,0.067111,0.101945,0.226268,-0.406197,0.0145754,-0.116378,0.278824,0.10593,-1.9144e-12,0.201218,-0.180034,0.00868391,-0.128255,0.142028,-1.76672e-11,-0.0889811,-0.1485,0.0262939
2.033,0.067205,0.101968,0.22626,-0.405734,0.0140404,-0.116485,0.278824,0.10593,-1.9144e-12,0.201255,-0.180035,0.00891272,-0.128255,0.142028,-1.76672e-11,-0.0889114,-0.14848,0.0259281
2.034,0.067299,0.101989,0.226253,-0.405271,0.0135094,-0.116584,0.278824,0.10593,-1.9144e-12,0.201294,-0.180036,0.00914399,-0.128255,0.142028,-1.76672e-11,-0.0888424,-0.148461,0.0255638
2.035,0.067393,0.102009,0.226248,-0.404809,0.0129824,-0.116675,0.278824,0.10593,-1.9144e-12,0.201333,-0.180037,0.00937769,-0.128255,0.142028,-1.76672e-11,-0.0887741,-0.148442,0.0252012
2.036,0.0674869,0.102028,0.226243,-0.404349,0.0124594,-0.116757,0.278824,0.10593,-1.9144e-12,0.201373,-0.180038,0.0096138,-0.128255,0.142028,-1.76672e-11,-0.0887066,-0.148422,0.0248401
2.037,0.0675808,0.102046,0.22624,-0.403889,0.0119405,-0.116832,0.278824,0.10593,-1.9144e-12,0.201413,-0.180039,0.00985232,-0.128255,0.142028,-1.76672e-11,-0.0886399,-0.148403,0.0244807
2.038,0.0676746,0.102062,0.226239,-0.403431,0.0114257,-0.116899,0.278824,0.10593,-1.9144e-12,0.201454,-0.18004,0.0100932,-0.128255,0.142028,-1.76672e-11,-0.088574,-0.148385,0.0241229
2.039,0.0677684,0.102077,0.226238,-0.402974,0.0109151,-0.116957,0.278824,0.10593,-1.9144e-12,0.201496,-0.180041,0.0103364,-0.128255,0.142028,-1.76672e-11,-0.0885088,-0.148366,0.0237669
2.04,0.0678622,0.102092,0.226239,-0.402519,0.0104087,-0.117006,0.278824,0.10593,-1.9144e-12,0.201539,-0.180042,0.010582,-0.128255,0.142028,-1.76672e-11,-0.0884443,-0.148348,0.0234125
2.041,0.0679559,0.102104,0.226241,-0.402066,0.00990641,-0.117048,0.278824,0.10593,-1.9144e-12,0.201582,-0.180044,0.0108299,-0.128255,0.142028,-1.76672e-11,-0.0883807,-0.14833,0.0230599
2.042,0.0680496,0.102116,0.226245,-0.401614,0.0094084,-0.11708,0.278824,0.10593,-1.9144e-12,0.201626,-0.180045,0.0110801,-0.128255,0.142028,-1.76672e-11,-0.0883177,-0.148312,0.022709
2.043,0.0681433,0.102126,0.226249,-0.401165,0.00891466,-0.117104,0.278824,0.10593,-1.9144e-12,0.20167,-0.180046,0.0113325,-0.128255,0.142028,-1.76672e-11,-0.0882555,-0.148294,0.0223598
2.044,0.068237,0.102136,0.226255,-0.400719,0.00842522,-0.11712,0.278824,0.10593,-1.9144e-12,0.201716,-0.180047,0.0115872,-0.128255,0.142028,-1.76672e-11,-0.088194,-0.148277,0.0220125
2.045,0.0683306,0.102143,0.226263,-0.400275,0.00794011,-0.117126,0.278824,0.10593,-1.9144e-12,0.201762,-0.180049,0.0118441,-0.128255,0.142028,-1.76672e-11,-0.0881333,-0.14826,0.021667
2.046,0.0684242,0.10215,0.226271,-0.399833,0.00745938,-0.117124,0.278824,0.10593,-1.9144e-12,0.201808,-0.18005,0.0121032,-0.128255,0.142028,-1.76672e-11,-0.0880733,-0.148243,0.0213234
2.047,0.0685178,0.102156,0.226281,-0.399394,0.00698304,-0.117113,0.278824,0.10593,-1.9144e-12,0.201856,-0.180051,0.0123646,-0.128255,0.142028,-1.76672e-11,-0.088014,-0.148226,0.0209816
2.048,0.0686114,0.10216,0.226292,-0.398959,0.00651113,-0.117092,0.278824,0.10593,-1.9144e-12,0.201904,-0.180052,0.012628,-0.128255,0.142028,-1.76672e-11,-0.0879555,-0.148209,0.0206416
2.049,0.068705,0.102163,0.226304,-0.398527,0.00604369,-0.117063,0.278824,0.10593,-1.9144e-12,0.201953,-0.180054,0.0128937,-0.128255,0.142028,-1.76672e-11,-0.0878977,-0.148193,0.0203036
2.05,0.0687986,0.102165,0.226318,-0.398098,0.00558074,-0.117024,0.278824,0.10593,-1.9144e-12,0.202002,-0.180055,0.0131614,-0.128255,0.142028,-1.76672e-11,-0.0878406,-0.148177,0.0199676
2.051,0.0688921,0.102166,0.226333,-0.397673,0.00512232,-0.116977,0.278824,0.10593,-1.9144e-12,0.202053,-0.180057,0.0134313,-0.128255,0.142028,-1.76672e-11,-0.0877842,-0.148161,0.0196335
2.052,0.0689857,0.102165,0.226349,-0.397251,0.00466845,-0.116919,0.278824,0.10593,-1.9144e-12,0.202104,-0.180058,0.0137032,-0.128255,0.142028,-1.76672e-11,-0.0877285,-0.148145,0.0193013
2.053,0.0690793,0.102163,0.226366,-0.396833,0.00421918,-0.116853,0.278824,0.10593,-1.9144e-12,0.202156,-0.180059,0.0139772,-0.128255,0.142028,-1.76672e-11,-0.0876735,-0.148129,0.0189712
2.054,0.0691728,0.10216,0.226385,-0.39642,0.00377453,-0.116777,0.278824,0.10593,-1.9144e-12,0.202208,-0.180061,0.0142533,-0.128255,0.142028,-1.76672e-11,-0.0876193,-0.148114,0.0186431
2.055,0.0692664,0.102156,0.226405,-0.396011,0.00333453,-0.116691,0.278824,0.10593,-1.9144e-12,0.202261,-0.180062,0.0145314,-0.128255,0.142028,-1.76672e-11,-0.0875657,-0.148099,0.0183171
2.056,0.06936,0.10215,0.226426,-0.395606,0.00289922,-0.116596,0.278824,0.10593,-1.9144e-12,0.202315,-0.180064,0.0148114,-0.128255,0.142028,-1.76672e-11,-0.0875128,-0.148084,0.0179931
2.057,0.0694536,0.102144,0.226449,-0.395206,0.00246863,-0.116491,0.278824,0.10593,-1.9144e-12,0.20237,-0.180065,0.0150935,-0.128255,0.142028,-1.76672e-11,-0.0874607,-0.148069,0.0176712
2.058,0.0695472,0.102136,0.226472,-0.394811,0.00204279,-0.116376,0.278824,0.10593,-1.9144e-12,0.202426,-0.180067,0.0153775,-0.128255,0.142028,-1.76672e-11,-0.0874092,-0.148054,0.0173514
2.059,0.0696408,0.102126,0.226497,-0.39442,0.00162173,-0.116251,0.278824,0.10593,-1.9144e-12,0.202482,-0.180068,0.0156635,-0.128255,0.142028,-1.76672e-11,-0.0873584,-0.14804,0.0170338
2.06,0.0697344,0.102116,0.226524,-0.394035,0.00120549,-0.116116,0.278824,0.10593,-1.9144e-12,0.202539,-0.18007,0.0159513,-0.128255,0.142028,-1.76672e-11,-0.0873083,-0.148026,0.0167183
2.061,0.0698281,0.102104,0.226551,-0.393655,0.000794091,-0.115971,0.278824,0.10593,-1.9144e-12,0.202597,-0.180072,0.0162411,-0.128255,0.142028,-1.76672e-11,-0.0872589,-0.148012,0.016405
2.062,0.0699217,0.102091,0.22658,-0.393281,0.000387573,-0.115817,0.278824,0.10593,-1.9144e-12,0.202655,-0.180073,0.0165328,-0.128255,0.142028,-1.76672e-11,-0.0872101,-0.147998,0.016094
2.063,0.0700154,0.102077,0.22661,-0.392912,-1.40347e-05,-0.115651,0.278824,0.10593,-1.9144e-12,0.202715,-0.180075,0.0168263,-0.128255,0.142028,-1.76672e-11,-0.0871621,-0.147984,0.0157851
2.064,0.0701091,0.102062,0.226641,-0.392549,-0.000410699,-0.115476,0.278824,0.10593,-1.9144e-12,0.202775,-0.180076,0.0171216,-0.128255,0.142028,-1.76672e-11,-0.0871147,-0.147971,0.0154785
2.065,0.0702029,0.102045,0.226673,-0.392192,-0.000802389,-0.11529,0.278824,0.10593,-1.9144e-12,0.202836,-0.180078,0.0174188,-0.128255,0.142028,-1.76672e-11,-0.0870679,-0.147957,0.0151742
2.066,0.0702967,0.102027,0.226707,-0.391841,-0.00118907,-0.115094,0.278824,0.10593,-1.9144e-12,0.202897,-0.18008,0.0177177,-0.128255,0.142028,-1.76672e-11,-0.0870219,-0.147944,0.0148722
2.067,0.0703905,0.102008,0.226742,-0.391497,-0.00157072,-0.114888,0.278824,0.10593,-1.9144e-12,0.20296,-0.180082,0.0180185,-0.128255,0.142028,-1.76672e-11,-0.0869765,-0.147931,0.0145726
2.068,0.0704843,0.101988,0.226778,-0.391159,-0.00194729,-0.11467,0.278824,0.10593,-1.9144e-12,0.203023,-0.180083,0.0183209,-0.128255,0.142028,-1.76672e-11,-0.0869317,-0.147919,0.0142752
2.069,0.0705782,0.101966,0.226815,-0.390828,-0.00231876,-0.114442,0.278824,0.10593,-1.9144e-12,0.203087,-0.180085,0.0186252,-0.128255,0.142028,-1.76672e-11,-0.0868876,-0.147906,0.0139803
2.07,0.0706721,0.101943,0.226854,-0.390504,-0.0026851,-0.114204,0.278824,0.10593,-1.9144e-12,0.203152,-0.180087,0.0189311,-0.128255,0.142028,-1.76672e-11,-0.0868442,-0.147894,0.0136877
2.071,0.0707661,0.101919,0.226894,-0.390187,-0.00304627,-0.113954,0.278824,0.10593,-1.9144e-12,0.203218,-0.180089,0.0192387,-0.128255,0.142028,-1.76672e-11,-0.0868014,-0.147882,0.0133975
2.072,0.0708601,0.101894,0.226935,-0.389877,-0.00340224,-0.113694,0.278824,0.10593,-1.9144e-12,0.203284,-0.180091,0.019548,-0.128255,0.142028,-1.76672e-11,-0.0867592,-0.14787,0.0131098
2.073,0.0709542,0.101867,0.226977,-0.389575,-0.00375298,-0.113422,0.278824,0.10593,-1.9144e-12,0.203351,-0.180092,0.0198589,-0.128255,0.142028,-1.76672e-11,-0.0867177,-0.147858,0.0128246
2.074,0.0710483,0.101839,0.227021,-0.38928,-0.00409846,-0.11314,0.278824,0.10593,-1.9144e-12,0.203419,-0.180094,0.0201715,-0.128255,0.142028,-1.76672e-11,-0.0866769,-0.147846,0.0125418
2.075,0.0711424,0.10181,0.227066,-0.388993,-0.00443864,-0.112846,0.278824,0.10593,-1.9144e-12,0.203488,-0.180096,0.0204857,-0.128255,0.142028,-1.76672e-11,-0.0866366,-0.147835,0.0122616
2.076,0.0712367,0.10178,0.227112,-0.388713,-0.0047735,-0.112541,0.278824,0.10593,-1.9144e-12,0.203558,-0.180098,0.0208015,-0.128255,0.142028,-1.76672e-11,-0.086597,-0.147824,0.0119838
2.077,0.0713309,0.101748,0.227159,-0.388442,-0.005103,-0.112225,0.278824,0.10593,-1.9144e-12,0.203628,-0.1801,0.0211188,-0.128255,0.142028,-1.76672e-11,-0.0865581,-0.147813,0.0117087
2.078,0.0714253,0.101715,0.227207,-0.388179,-0.00542711,-0.111898,0.278824,0.10593,-1.9144e-12,0.2037,-0.180102,0.0214377,-0.128255,0.142028,-1.76672e-11,-0.0865197,-0.147802,0.0114361
2.079,0.0715197,0.101681,0.227257,-0.387925,-0.00574579,-0.111559,0.278824,0.10593,-1.9144e-12,0.203772,-0.180104,0.0217581,-0.128255,0.142028,-1.76672e-11,-0.086482,-0.147791,0.0111661
2.08,0.0716141,0.101646,0.227308,-0.387679,-0.00605902,-0.111208,0.278824,0.10593,-1.9144e-12,0.203845,-0.180106,0.02208,-0.128255,0.142028,-1.76672e-11,-0.0864449,-0.147781,0.0108987
2.081,0.0717087,0.101609,0.22736,-0.387442,-0.00636677,-0.110846,0.278824,0.10593,-1.9144e-12,0.203919,-0.180108,0.0224035,-0.128255,0.142028,-1.76672e-11,-0.0864084,-0.14777,0.010634
2.082,0.0718033,0.101571,0.227413,-0.387214,-0.00666899,-0.110472,0.278824,0.10593,-1.9144e-12,0.203994,-0.18011,0.0227283,-0.128255,0.142028,-1.76672e-11,-0.0863725,-0.14776,0.0103719
2.083,0.071898,0.101532,0.227468,-0.386995,-0.00696566,-0.110087,0.278824,0.10593,-1.9144e-12,0.204069,-0.180112,0.0230546,-0.128255,0.142028,-1.76672e-11,-0.0863372,-0.14775,0.0101125
2.084,0.0719927,0.101492,0.227523,-0.386786,-0.00725676,-0.109689,0.278824,0.10593,-1.9144e-12,0.204146,-0.180114,0.0233824,-0.128255,0.142028,-1.76672e-11,-0.0863025,-0.14774,0.00985588
2.085,0.0720875,0.10145,0.22758,-0.386586,-0.00754223,-0.10928,0.278824,0.10593,-1.9144e-12,0.204223,-0.180116,0.0237115,-0.128255,0.142028,-1.76672e-11,-0.0862684,-0.147731,0.00960197
2.086,0.0721825,0.101407,0.227638,-0.386395,-0.00782206,-0.108858,0.278824,0.10593,-1.9144e-12,0.204301,-0.180119,0.024042,-0.128255,0.142028,-1.76672e-11,-0.0862349,-0.147721,0.00935081
2.087,0.0722774,0.101363,0.227698,-0.386215,-0.00809622,-0.108425,0.278824,0.10593,-1.9144e-12,0.20438,-0.180121,0.0243739,-0.128255,0.142028,-1.76672e-11,-0.086202,-0.147712,0.00910244
2.088,0.0723725,0.101317,0.227758,-0.386044,-0.00836466,-0.107979,0.278824,0.10593,-1.9144e-12,0.20446,-0.180123,0.0247072,-0.128255,0.142028,-1.76672e-11,-0.0861698,-0.147703,0.00885688
2.089,0.0724677,0.10127,0.22782,-0.385884,-0.00862735,-0.107522,0.278824,0.10593,-1.9144e-12,0.204541,-0.180125,0.0250417,-0.128255,0.142028,-1.76672e-11,-0.086138,-0.147694,0.00861414
2.09,0.0725629,0.101222,0.227883,-0.385734,-0.00888428,-0.107052,0.278824,0.10593,-1.9144e-12,0.204622,-0.180127,0.0253776,-0.128255,0.142028,-1.76672e-11,-0.0861069,-0.147685,0.00837426
2.091,0.0726583,0.101173,0.227947,-0.385595,-0.0091354,-0.106569,0.278824,0.10593,-1.9144e-12,0.204705,-0.18013,0.0257147,-0.128255,0.142028,-1.76672e-11,-0.0860764,-0.147676,0.00813725
2.092,0.0727537,0.101122,0.228012,-0.385466,-0.00938067,-0.106074,0.278824,0.10593,-1.9144e-12,0.204788,-0.180132,0.0260531,-0.128255,0.142028,-1.76672e-11,-0.0860464,-0.147668,0.00790314
2.093,0.0728493,0.10107,0.228079,-0.385348,-0.00962008,-0.105566,0.278824,0.10593,-1.9144e-12,0.204872,-0.180134,0.0263927,-0.128255,0.142028,-1.76672e-11,-0.086017,-0.147659,0.00767196
2.094,0.0729449,0.101017,0.228147,-0.385241,-0.00985359,-0.105046,0.278824,0.10593,-1.9144e-12,0.204957,-0.180137,0.0267335,-0.128255,0.142028,-1.76672e-11,-0.0859882,-0.147651,0.00744372
2.095,0.0730406,0.100963,0.228216,-0.385146,-0.0100812,-0.104513,0.278824,0.10593,-1.9144e-12,0.205043,-0.180139,0.0270756,-0.128255,0.142028,-1.76672e-11,-0.0859599,-0.147643,0.00721844
2.096,0.0731365,0.100907,0.228286,-0.385062,-0.0103028,-0.103968,0.278824,0.10593,-1.9144e-12,0.20513,-0.180141,0.0274188,-0.128255,0.142028,-1.76672e-11,-0.0859322,-0.147635,0.00699616
2.097,0.0732324,0.10085,0.228357,-0.384989,-0.0105184,-0.103409,0.278824,0.10593,-1.9144e-12,0.205218,-0.180144,0.0277631,-0.128255,0.142028,-1.76672e-11,-0.0859051,-0.147628,0.00677688
2.098,0.0733285,0.100792,0.228429,-0.384928,-0.0107279,-0.102838,0.278824,0.10593,-1.9144e-12,0.205307,-0.180146,0.0281086,-0.128255,0.142028,-1.76672e-11,-0.0858785,-0.14762,0.00656065
2.099,0.0734247,0.100732,0.228503,-0.384879,-0.0109315,-0.102253,0.278824,0.10593,-1.9144e-12,0.205396,-0.180149,0.0284553,-0.128255,0.142028,-1.76672e-11,-0.0858525,-0.147613,0.00634747
2.1,0.0735209,0.100671,0.228578,-0.384843,-0.0111289,-0.101656,0.278824,0.10593,-1.9144e-12,0.205487,-0.180151,0.028803,-0.128255,0.142028,-1.76672e-11,-0.085827,-0.147605,0.00613738
2.101,0.0736173,0.100609,0.228654,-0.384818,-0.0113202,-0.101045,0.278824,0.10593,-1.9144e-12,0.205578,-0.180154,0.0291518,-0.128255,0.142028,-1.76672e-11,-0.0858021,-0.147598,0.00593039
2.102,0.0737139,0.100546,0.228731,-0.384806,-0.0115055,-0.100421,0.278824,0.10593,-1.9144e-12,0.205671,-0.180156,0.0295016,-0.128255,0.142028,-1.76672e-11,-0.0857777,-0.147591,0.00572653
2.103,0.0738105,0.100481,0.228809,-0.384805,-0.0116848,-0.099785,0.278824,0.10593,-1.9144e-12,0.205764,-0.180159,0.0298525,-0.128255,0.142028,-1.76672e-11,-0.0857538,-0.147585,0.00552582
2.104,0.0739072,0.100415,0.228889,-0.384816,-0.0118583,-0.0991362,0.278824,0.10593,-1.9144e-12,0.205858,-0.180161,0.0302043,-0.128255,0.142028,-1.76672e-11,-0.0857305,-0.147578,0.00532829
2.105,0.0740041,0.100348,0.228969,-0.384838,-0.012026,-0.0984752,0.278824,0.10593,-1.9144e-12,0.205953,-0.180164,0.0305572,-0.128255,0.142028,-1.76672e-11,-0.0857078,-0.147572,0.00513395
2.106,0.074101,0.100279,0.229051,-0.384871,-0.0121881,-0.0978022,0.278824,0.10593,-1.9144e-12,0.206049,-0.180167,0.030911,-0.128255,0.142028,-1.76672e-11,-0.0856855,-0.147565,0.00494283
2.107,0.0741981,0.100209,0.229134,-0.384915,-0.0123446,-0.0971176,0.278824,0.10593,-1.9144e-12,0.206146,-0.180169,0.0312658,-0.128255,0.142028,-1.76672e-11,-0.0856638,-0.147559,0.00475496
2.108,0.0742952,0.100138,0.229218,-0.38497,-0.0124956,-0.0964214,0.278824,0.10593,-1.9144e-12,0.206244,-0.180172,0.0316215,-0.128255,0.142028,-1.76672e-11,-0.0856426,-0.147553,0.00457035
2.109,0.0743925,0.100066,0.229302,-0.385035,-0.0126413,-0.095714,0.278824,0.10593,-1.9144e-12,0.206343,-0.180175,0.0319781,-0.128255,0.142028,-1.76672e-11,-0.0856219,-0.147547,0.00438903
2.11,0.0744898,0.0999923,0.229388,-0.385111,-0.0127817,-0.0949957,0.278824,0.10593,-1.9144e-12,0.206443,-0.180178,0.0323356,-0.128255,0.142028,-1.76672e-11,-0.0856017,-0.147541,0.00421102
2.111,0.0745872,0.0999174,0.229475,-0.385196,-0.0129168,-0.0942665,0.278824,0.10593,-1.9144e-12,0.206544,-0.18018,0.032694,-0.128255,0.142028,-1.76672e-11,-0.0855821,-0.147536,0.00403635
2.112,0.0746848,0.0998412,0.229563,-0.385291,-0.0130469,-0.0935269,0.278824,0.10593,-1.9144e-12,0.206645,-0.180183,0.0330532,-0.128255,0.142028,-1.76672e-11,-0.085563,-0.14753,0.00386504
2.113,0.0747824,0.0997637,0.229652,-0.385395,-0.013172,-0.092777,0.278824,0.10593,-1.9144e-12,0.206748,-0.180186,0.0334133,-0.128255,0.142028,-1.76672e-11,-0.0855443,-0.147525,0.0036971
2.114,0.0748801,0.099685,0.229742,-0.385509,-0.0132921,-0.0920171,0.278824,0.10593,-1.9144e-12,0.206852,-0.180189,0.0337741,-0.128255,0.142028,-1.76672e-11,-0.0855262,-0.14752,0.00353257
2.115,0.0749778,0.099605,0.229833,-0.385632,-0.0134075,-0.0912474,0.278824,0.10593,-1.9144e-12,0.206956,-0.180192,0.0341358,-0.128255,0.142028,-1.76672e-11,-0.0855086,-0.147515,0.00337147
2.116,0.0750757,0.0995237,0.229925,-0.385763,-0.0135181,-0.0904682,0.278824,0.10593,-1.9144e-12,0.207062,-0.180195,0.0344981,-0.128255,0.142028,-1.76672e-11,-0.0854914,-0.14751,0.00321382
2.117,0.0751736,0.0994412,0.230017,-0.385903,-0.013624,-0.0896796,0.278824,0.10593,-1.9144e-12,0.207169,-0.180198,0.0348613,-0.128255,0.142028,-1.76672e-11,-0.0854748,-0.147505,0.00305963
2.118,0.0752716,0.0993574,0.230111,-0.386051,-0.0137255,-0.0888821,0.278824,0.10593,-1.9144e-12,0.207276,-0.180201,0.0352251,-0.128255,0.142028,-1.76672e-11,-0.0854586,-0.147501,0.00290895
2.119,0.0753697,0.0992723,0.230206,-0.386207,-0.0138225,-0.0880757,0.278824,0.10593,-1.9144e-12,0.207385,-0.180204,0.0355897,-0.128255,0.142028,-1.76672e-11,-0.0854429,-0.147496,0.00276178
2.12,0.0754679,0.099186,0.230301,-0.386371,-0.0139151,-0.0872607,0.278824,0.10593,-1.9144e-12,0.207494,-0.180207,0.0359549,-0.128255,0.142028,-1.76672e-11,-0.0854278,-0.147492,0.00261816
2.121,0.0755661,0.0990985,0.230397,-0.386542,-0.0140034,-0.0864375,0.278824,0.10593,-1.9144e-12,0.207605,-0.18021,0.0363208,-0.128255,0.142028,-1.76672e-11,-0.0854131,-0.147488,0.0024781
2.122,0.0756644,0.0990096,0.230494,-0.386721,-0.0140876,-0.0856061,0.278824,0.10593,-1.9144e-12,0.207716,-0.180213,0.0366874,-0.128255,0.142028,-1.76672e-11,-0.0853988,-0.147484,0.00234163
2.123,0.0757627,0.0989196,0.230592,-0.386907,-0.0141678,-0.0847669,0.278824,0.10593,-1.9144e-12,0.207829,-0.180216,0.0370545,-0.128255,0.142028,-1.76672e-11,-0.0853851,-0.14748,0.00220877
2.124,0.0758611,0.0988282,0.230691,-0.3871,-0.0142439,-0.0839202,0.278824,0.10593,-1.9144e-12,0.207942,-0.180219,0.0374223,-0.128255,0.142028,-1.76672e-11,-0.0853718,-0.147476,0.00207954
2.125,0.0759596,0.0987356,0.230791,-0.387299,-0.0143162,-0.083066,0.278824,0.10593,-1.9144e-12,0.208057,-0.180222,0.0377906,-0.128255,0.142028,-1.76672e-11,-0.0853589,-0.147473,0.00195397
2.126,0.0760581,0.0986418,0.230891,-0.387505,-0.0143846,-0.0822048,0.278824,0.10593,-1.9144e-12,0.208172,-0.180225,0.0381595,-0.128255,0.142028,-1.76672e-11,-0.0853466,-0.147469,0.00183207
2.127,0.0761567,0.0985467,0.230992,-0.387717,-0.0144494,-0.0813367,0.278824,0.10593,-1.9144e-12,0.208289,-0.180229,0.0385289,-0.128255,0.142028,-1.76672e-11,-0.0853347,-0.147466,0.00171388
2.128,0.0762553,0.0984503,0.231094,-0.387935,-0.0145105,-0.080462,0.278824,0.10593,-1.9144e-12,0.208406,-0.180232,0.0388988,-0.128255,0.142028,-1.76672e-11,-0.0853232,-0.147462,0.00159942
2.129,0.076354,0.0983527,0.231197,-0.388158,-0.0145682,-0.0795809,0.278824,0.10593,-1.9144e-12,0.208525,-0.180235,0.0392693,-0.128255,0.142028,-1.76672e-11,-0.0853122,-0.147459,0.0014887
2.13,0.0764527,0.0982539,0.2313,-0.388387,-0.0146224,-0.0786936,0.278824,0.10593,-1.9144e-12,0.208644,-0.180238,0.0396402,-0.128255,0.142028,-1.76672e-11,-0.0853017,-0.147456,0.00138176
2.131,0.0765515,0.0981538,0.231404,-0.388621,-0.0146733,-0.0778005,0.278824,0.10593,-1.9144e-12,0.208765,-0.180242,0.0400115,-0.128255,0.142028,-1.76672e-11,-0.0852916,-0.147453,0.00127861
2.132,0.0766503,0.0980525,0.231509,-0.38886,-0.0147209,-0.0769017,0.278824,0.10593,-1.9144e-12,0.208886,-0.180245,0.0403833,-0.128255,0.142028,-1.76672e-11,-0.0852819,-0.147451,0.00117928
2.133,0.0767491,0.0979499,0.231614,-0.389104,-0.0147654,-0.0759975,0.278824,0.10593,-1.9144e-12,0.209009,-0.180248,0.0407555,-0.128255,0.142028,-1.76672e-11,-0.0852727,-0.147448,0.00108378
2.134,0.076848,0.0978461,0.23172,-0.389353,-0.0148069,-0.0750881,0.278824,0.10593,-1.9144e-12,0.209133,-0.180252,0.0411281,-0.128255,0.142028,-1.76672e-11,-0.0852639,-0.147446,0.000992155
2.135,0.0769469,0.0977411,0.231827,-0.389605,-0.0148454,-0.0741738,0.278824,0.10593,-1.9144e-12,0.209257,-0.180255,0.0415011,-0.128255,0.142028,-1.76672e-11,-0.0852555,-0.147443,0.000904412
2.136,0.0770459,0.0976348,0.231934,-0.389862,-0.014881,-0.0732548,0.278824,0.10593,-1.9144e-12,0.209383,-0.180259,0.0418744,-0.128255,0.142028,-1.76672e-11,-0.0852476,-0.147441,0.000820578
2.137,0.0771448,0.0975273,0.232042,-0.390122,-0.0149139,-0.0723314,0.278824,0.10593,-1.9144e-12,0.20951,-0.180262,0.042248,-0.128255,0.142028,-1.76672e-11,-0.0852401,-0.147439,0.000740677
2.138,0.0772438,0.0974185,0.232151,-0.390386,-0.0149441,-0.0714038,0.278824,0.10593,-1.9144e-12,0.209638,-0.180266,0.042622,-0.128255,0.142028,-1.76672e-11,-0.085233,-0.147437,0.00066473
2.139,0.0773429,0.0973085,0.23226,-0.390654,-0.0149717,-0.0704722,0.278824,0.10593,-1.9144e-12,0.209767,-0.180269,0.0429962,-0.128255,0.142028,-1.76672e-11,-0.0852264,-0.147435,0.000592762
2.14,0.0774419,0.0971973,0.23237,-0.390924,-0.0149968,-0.069537,0.278824,0.10593,-1.9144e-12,0.209897,-0.180273,0.0433707,-0.128255,0.142028,-1.76672e-11,-0.0852201,-0.147433,0.000524795
2.141,0.077541,0.0970848,0.23248,-0.391197,-0.0150196,-0.0685982,0.278824,0.10593,-1.9144e-12,0.210028,-0.180276,0.0437455,-0.128255,0.142028,-1.76672e-11,-0.0852143,-0.147432,0.000460852
2.142,0.0776401,0.0969711,0.232591,-0.391473,-0.01504,-0.0676562,0.278824,0.10593,-1.9144e-12,0.21016,-0.18028,0.0441205,-0.128255,0.142028,-1.76672e-11,-0.0852089,-0.14743,0.000400955
2.143,0.0777392,0.0968562,0.232702,-0.391752,-0.0150582,-0.0667113,0.278824,0.10593,-1.9144e-12,0.210293,-0.180284,0.0444956,-0.128255,0.142028,-1.76672e-11,-0.0852038,-0.147429,0.000345129
2.144,0.0778383,0.09674,0.232814,-0.392032,-0.0150743,-0.0657636,0.278824,0.10593,-1.9144e-12,0.210427,-0.180287,0.044871,-0.128255,0.142028,-1.76672e-11,-0.0851992,-0.147427,0.000293396
2.145,0.0779374,0.0966227,0.232926,-0.392314,-0.0150884,-0.0648134,0.278824,0.10593,-1.9144e-12,0.210563,-0.180291,0.0452466,-0.128255,0.142028,-1.76672e-11,-0.085195,-0.147426,0.000245779
2.146,0.0780365,0.0965041,0.233038,-0.392598,-0.0151005,-0.063861,0.278824,0.10593,-1.9144e-12,0.210699,-0.180295,0.0456222,-0.128255,0.142028,-1.76672e-11,-0.0851912,-0.147425,0.000202301
2.147,0.0781356,0.0963842,0.233152,-0.392884,-0.0151109,-0.0629065,0.278824,0.10593,-1.9144e-12,0.210837,-0.180299,0.045998,-0.128255,0.142028,-1.76672e-11,-0.0851877,-0.147424,0.000162985
2.148,0.0782348,0.0962632,0.233265,-0.39317,-0.0151194,-0.0619503,0.278824,0.10593,-1.9144e-12,0.210975,-0.180303,0.0463739,-0.128255,0.142028,-1.76672e-11,-0.0851847,-0.147423,0.000127853
2.149,0.0783339,0.0961409,0.233379,-0.393458,-0.0151263,-0.0609925,0.278824,0.10593,-1.9144e-12,0.211115,-0.180306,0.0467499,-0.128255,0.142028,-1.76672e-11,-0.085182,-0.147422,9.69294e-05
2.15,0.078433,0.0960174,0.233494,-0.393746,-0.0151317,-0.0600335,0.278824,0.10593,-1.9144e-12,0.211256,-0.18031,0.047126,-0.128255,0.142028,-1.76672e-11,-0.0851797,-0.147422,7.02365e-05
2.151,0.0785321,0.0958927,0.233608,-0.394035,-0.0151356,-0.0590734,0.278824,0.10593,-1.9144e-12,0.211397,-0.180314,0.047502,-0.128255,0.142028,-1.76672e-11,-0.0851778,-0.147421,4.77975e-05
2.152,0.0786312,0.0957668,0.233724,-0.394324,-0.0151381,-0.0581125,0.278824,0.10593,-1.9144e-12,0.21154,-0.180318,0.0478781,-0.128255,0.142028,-1.76672e-11,-0.0851763,-0.147421,2.96351e-05
2.153,0.0787304,0.0956397,0.233839,-0.394613,-0.0151394,-0.0571511,0.278824,0.10593,-1.9144e-12,0.211684,-0.180322,0.0482542,-0.128255,0.142028,-1.76672e-11,-0.0851751,-0.14742,1.57725e-05
2.154,0.0788294,0.0955113,0.233955,-0.394902,-0.0151395,-0.0561894,0.278824,0.10593,-1.9144e-12,0.21183,-0.180326,0.0486303,-0.128255,0.142028,-1.76672e-11,-0.0851743,-0.14742,6.23258e-06
2.155,0.0789285,0.0953817,0.234071,-0.39519,-0.0151385,-0.0552275,0.278824,0.10593,-1.9144e-12,0.211976,-0.18033,0.0490064,-0.128255,0.142028,-1.76672e-11,-0.0851739,-0.14742,1.03831e-06
2.156,0.0790276,0.095251,0.234188,-0.395478,-0.0151364,-0.0542659,0.278824,0.10593,-1.9144e-12,0.212123,-0.180334,0.0493823,-0.128255,0.142028,-1.76672e-11,-0.0851738,-0.14742,6.86688e-12
2.157,0.0791266,0.095119,0.234305,-0.395765,-0.0151335,-0.0533047,0.278824,0.10593,-1.9144e-12,0.212272,-0.180338,0.0497582,-0.128255,0.142028,-1.76672e-11,-0.0851738,-0.14742,6.86688e-12
2.158,0.0792256,0.0949858,0.234422,-0.39605,-0.0151298,-0.0523441,0.278824,0.10593,-1.9144e-12,0.212422,-0.180342,0.050134,-0.128255,0.142028,-1.76672e-11,-0.0851738,-0.14742,6.86688e-12
2.159,0.0793246,0.0948514,0.234539,-0.396335,-0.0151254,-0.0513844,0.278824,0.10593,-1.9144e-12,0.212572,-0.180347,0.0505097,-0.128255,0.142028,-1.76672e-11,-0.0851738,-0.14742,6.86688e-12
2.16,0.0794236,0.0947157,0.234656,-0.396617,-0.0151203,-0.0504259,0.278824,0.10593,-1.9144e-12,0.212724,-0.180351,0.0508852,-0.128255,0.142028,-1.76672e-11,-0.0851738,-0.14742,6.86688e-12
2.161,0.0795225,0.0945789,0.234774,-0.396898,-0.0151147,-0.0494688,0.278824,0.10593,-1.9144e-12,0.212877,-0.180355,0.0512606,-0.128255,0.142028,-1.76672e-11,-0.0851738,-0.14742,6.86688e-12
2.162,0.0796214,0.0944409,0.234892,-0.397177,-0.0151087,-0.0485132,0.278824,0.10593,-1.9144e-12,0.213032,-0.180359,0.0516357,-0.128255,0.142028,-1.76672e-11,-0.0851738,-0.14742,6.86688e-12
2.163,0.0797203,0.0943017,0.235011,-0.397453,-0.0151023,-0.0475596,0.278824,0.10593,-1.9144e-12,0.213187,-0.180364,0.0520107,-0.128255,0.142028,-1.76672e-11,-0.0851738,-0.14742,6.86688e-12
2.164,0.0798191,0.0941612,0.235129,-0.397727,-0.0150957,-0.0466081,0.278824,0.10593,-1.9144e-12,0.213344,-0.180368,0.0523854,-0.128255,0.142028,-1.76672e-11,-0.0851738,-0.14742,6.86688e-12
2.165,0.0799179,0.0940196,0.235247,-0.397998,-0.0150889,-0.0456589,0.278824,0.10593,-1.9144e-12,0.213501,-0.180372,0.0527599,-0.128255,0.142028,-1.76672e-11,-0.0851738,-0.14742,6.86688e-12
2.166,0.0800166,0.0938768,0.235366,-0.398266,-0.015082,-0.0447123,0.278824,0.10593,-1.9144e-12,0.21366,-0.180377,0.0531341,-0.128255,0.142028,-1.76672e-11,-0.0851738,-0.14742,6.86688e-12
2.167,0.0801154,0.0937328,0.235485,-0.39853,-0.0150752,-0.0437686,0.278824,0.10593,-1.9144e-12,0.21382,-0.180381,0.053508,-0.128255,0.142028,-1.76672e-11,-0.0851738,-0.14742,6.86688e-12
2.168,0.080214,0.0935876,0.235604,-0.398791,-0.0150685,-0.042828,0.278824,0.10593,-1.9144e-12,0.213981,-0.180385,0.0538816,-0.128255,0.142028,-1.76672e-11,-0.0851738,-0.14742,6.86688e-12
2.169,0.0803126,0.0934411,0.235723,-0.399049,-0.015062,-0.0418906,0.278824,0.10593,-1.9144e-12,0.214144,-0.18039,0.0542549,-0.128255,0.142028,-1.76672e-11,-0.0851738,-0.14742,6.86688e-12
2.17,0.0804112,0.0932935,0.235842,-0.399302,-0.0150559,-0.0409569,0.278824,0.10593,-1.9144e-12,0.214307,-0.180394,0.0546278,-0.128255,0.142028,-1.76672e-11,-0.0851738,-0.14742,6.86688e-12
2.171,0.0805097,0.0931447,0.235961,-0.399551,-0.0150501,-0.0400269,0.278824,0.10593,-1.9144e-12,0.214472,-0.180399,0.0550004,-0.128255,0.142028,-1.76672e-11,-0.0851738,-0.14742,6.86688e-12
2.172,0.0806081,0.0929948,0.236081,-0.399796,-0.0150448,-0.0391011,0.278824,0.10593,-1.9144e-12,0.214637,-0.180404,0.0553725,-0.128255,0.142028,-1.76672e-11,-0.0851738,-0.14742,6.86688e-12
2.173,0.0807065,0.0928436,0.2362,-0.400036,-0.0150401,-0.0381795,0.278824,0.10593,-1.9144e-12,0.214805,-0.180408,0.0557443,-0.128255,0.142028,-1.76672e-11,-0.0851738,-0.14742,6.86688e-12
2.174,0.0808048,0.0926912,0.236319,-0.400271,-0.0150361,-0.0372624,0.278824,0.10593,-1.9144e-12,0.214973,-0.180413,0.0561156,-0.128255,0.142028,-1.76672e-11,-0.0851738,-0.14742,6.86688e-12
2.175,0.0809031,0.0925377,0.236439,-0.400501,-0.0150329,-0.0363502,0.278824,0.10593,-1.9144e-12,0.215142,-0.180417,0.0564864,-0.128255,0.142028,-1.76672e-11,-0.0851738,-0.14742,6.86688e-12
2.176,0.0810013,0.0923829,0.236558,-0.400725,-0.0150306,-0.035443,0.278824,0.10593,-1.9144e-12,0.215313,-0.180422,0.0568568,-0.128255,0.142028,-1.76672e-11,-0.0851738,-0.14742,6.86688e-12
2.177,0.0810994,0.092227,0.236677,-0.400944,-0.0150292,-0.034541,0.278824,0.10593,-1.9144e-12,0.215484,-0.180427,0.0572267,-0.128255,0.142028,-1.76672e-11,-0.0851738,-0.14742,6.86688e-12
2.178,0.0811975,0.0920699,0.236797,-0.401157,-0.0150288,-0.0336445,0.278824,0.10593,-1.9144e-12,0.215657,-0.180432,0.0575961,-0.128255,0.142028,-1.76672e-11,-0.0851738,-0.14742,6.86688e-12
2.179,0.0812954,0.0919116,0.236916,-0.401364,-0.0150296,-0.0327538,0.278824,0.10593,-1.9144e-12,0.215832,-0.180436,0.0579649,-0.128255,0.142028,-1.76672e-11,-0.0851738,-0.14742,6.86688e-12
2.18,0.0813933,0.0917522,0.237035,-0.401565,-0.0150317,-0.0318692,0.278824,0.10593,-1.9144e-12,0.216007,-0.180441,0.0583331,-0.128255,0.142028,-1.76672e-11,-0.0851738,-0.14742,6.86688e-12
2.181,0.0814912,0.0915915,0.237154,-0.401759,-0.0150351,-0.0309907,0.278824,0.10593,-1.9144e-12,0.216184,-0.180446,0.0587008,-0.128255,0.142028,-1.76672e-11,-0.0851738,-0.14742,6.86688e-12
2.182,0.0815889,0.0914297,0.237273,-0.401946,-0.0150399,-0.0301187,0.278824,0.10593,-1.9144e-12,0.216361,-0.180451,0.0590679,-0.128255,0.142028,-1.76672e-11,-0.0851738,-0.14742,6.86688e-12
2.183,0.0816866,0.0912667,0.237392,-0.402126,-0.0150462,-0.0292535,0.278824,0.10593,-1.9144e-12,0.216541,-0.180456,0.0594344,-0.128255,0.142028,-1.76672e-11,-0.0851738,-0.14742,6.86688e-12
2.184,0.0817842,0.0911025,0.23751,-0.402299,-0.0150542,-0.0283952,0.278824,0.10593,-1.9144e-12,0.216721,-0.180461,0.0598002,-0.128255,0.142028,-1.76672e-11,-0.0851738,-0.14742,6.86688e-12
2.185,0.0818816,0.0909372,0.237629,-0.402464,-0.0150638,-0.0275441,0.278824,0.10593,-1.9144e-12,0.216902,-0.180466,0.0601654,-0.128255,0.142028,-1.76672e-11,-0.0851738,-0.14742,6.86688e-12
2.186,0.081979,0.0907707,0.237747,-0.402622,-0.0150753,-0.0267005,0.278824,0.10593,-1.9144e-12,0.217085,-0.180471,0.0605299,-0.128255,0.142028,-1.76672e-11,-0.0851738,-0.14742,6.86688e-12
2.187,0.0820763,0.090603,0.237866,-0.402771,-0.0150887,-0.0258646,0.278824,0.10593,-1.9144e-12,0.217269,-0.180476,0.0608936,-0.128255,0.142028,-1.76672e-11,-0.0851738,-0.14742,6.86688e-12
2.188,0.0821736,0.0904341,0.237984,-0.402912,-0.015104,-0.0250366,0.278824,0.10593,-1.9144e-12,0.217454,-0.180481,0.0612567,-0.128255,0.142028,-1.76672e-11,-0.0851738,-0.14742,6.86688e-12
2.189,0.0822707,0.0902641,0.238101,-0.403045,-0.0151214,-0.0242168,0.278824,0.10593,-1.9144e-12,0.217641,-0.180486,0.061619,-0.128255,0.142028,-1.76672e-11,-0.0851738,-0.14742,6.86688e-12
2.19,0.0823677,0.0900929,0.238219,-0.403169,-0.015141,-0.0234054,0.278824,0.10593,-1.9144e-12,0.217828,-0.180491,0.0619806,-0.128255,0.142028,-1.76672e-11,-0.0851738,-0.14742,6.86688e-12
2.191,0.0824646,0.0899206,0.238336,-0.403285,-0.0151629,-0.0226027,0.278824,0.10593,-1.9144e-12,0.218017,-0.180497,0.0623413,-0.128255,0.142028,-1.76672e-11,-0.0851738,-0.14742,6.86688e-12
2.192,0.0825614,0.0897471,0.238453,-0.403391,-0.0151871,-0.0218089,0.278824,0.10593,-1.9144e-12,0.218207,-0.180502,0.0627013,-0.128255,0.142028,-1.76672e-11,-0.0851738,-0.14742,6.86688e-12
2.193,0.0826581,0.0895724,0.23857,-0.403487,-0.0152138,-0.0210242,0.278824,0.10593,-1.9144e-12,0.218399,-0.180507,0.0630604,-0.128255,0.142028,-1.76672e-11,-0.0851738,-0.14742,6.86688e-12
2.194,0.0827547,0.0893966,0.238686,-0.403574,-0.0152431,-0.020249,0.278824,0.10593,-1.9144e-12,0.218592,-0.180513,0.0634187,-0.128255,0.142028,-1.76672e-11,-0.0851738,-0.14742,6.86688e-12
2.195,0.0828511,0.0892196,0.238803,-0.403652,-0.0152749,-0.0194834,0.278824,0.10593,-1.9144e-12,0.218786,-0.180518,0.0637761,-0.128255,0.142028,-1.76672e-11,-0.0851738,-0.14742,6.86688e-12
2.196,0.0829475,0.0890414,0.238918,-0.403719,-0.0153095,-0.0187276,0.278824,0.10593,-1.9144e-12,0.218981,-0.180523,0.0641326,-0.128255,0.142028,-1.76672e-11,-0.0851738,-0.14742,6.86688e-12
2.197,0.0830437,0.0888621,0.239034,-0.403775,-0.015347,-0.017982,0.278824,0.10593,-1.9144e-12,0.219177,-0.180529,0.0644882,-0.128255,0.142028,-1.76672e-11,-0.0851738,-0.14742,6.86688e-12
2.198,0.0831399,0.0886816,0.239149,-0.403821,-0.0153873,-0.0172468,0.278824,0.10593,-1.9144e-12,0.219375,-0.180534,0.0648429,-0.128255,0.142028,-1.76672e-11,-0.0851738,-0.14742,6.86688e-12
2.199,0.0832358,0.0885,0.239264,-0.403857,-0.0154307,-0.0165221,0.278824,0.10593,-1.9144e-12,0.219574,-0.18054,0.0651966,-0.128255,0.142028,-1.76672e-11,-0.0851738,-0.14742,6.86688e-12
2.2,0.0833317,0.0883172,0.239378,-0.403881,-0.0154772,-0.0158083,0.278824,0.10593,-1.9144e-12,0.219774,-0.180545,0.0655494,-0.128255,0.142028,-1.76672e-11,-0.0851738,-0.14742,6.86688e-12
2.201,0.0834275,0.0881333,0.239492,-0.403894,-0.0155268,-0.0151056,0.278824,0.10593,-1.9144e-12,0.219976,-0.180551,0.0659012,-0.128255,0.142028,-1.76672e-11,-0.0851738,-0.14742,6.86688e-12
2.202,0.0835231,0.0879482,0.239606,-0.403895,-0.0155797,-0.014414,0.278824,0.10593,-1.9144e-12,0.220179,-0.180556,0.0662519,-0.128255,0.142028,-1.76672e-11,-0.0851738,-0.14742,6.86688e-12
2.203,0.0836186,0.087762,0.239719,-0.403886,-0.0156357,-0.0137335,0.278824,0.10593,-1.9144e-12,0.220383,-0.180562,0.0666016,-0.128255,0.142028,-1.76672e-11,-0.0851738,-0.14742,6.86688e-12
2.204,0.0837139,0.0875747,0.239832,-0.403865,-0.0156948,-0.0130641,0.278824,0.10593,-1.9144e-12,0.220589,-0.180568,0.0669503,-0.128255,0.142028,-1.76672e-11,-0.0851738,-0.14742,6.86688e-12
2.205,0.0838091,0.0873862,0.239944,-0.403832,-0.0157571,-0.0124059,0.278824,0.10593,-1.9144e-12,0.220796,-0.180573,0.0672979,-0.128255,0.142028,-1.76672e-11,-0.0851738,-0.14742,6.86688e-12
2.206,0.0839042,0.0871966,0.240056,-0.403788,-0.0158225,-0.0117588,0.278824,0.10593,-1.9144e-12,0.221004,-0.180579,0.0676444,-0.128255,0.142028,-1.76672e-11,-0.0851738,-0.14742,6.86688e-12
2.207,0.0839991,0.0870059,0.240167,-0.403733,-0.0158909,-0.011123,0.278824,0.10593,-1.9144e-12,0.221213,-0.180585,0.0679898,-0.128255,0.142028,-1.76672e-11,-0.0851738,-0.14742,6.86688e-12
2.208,0.0840939,0.0868141,0.240278,-0.403666,-0.0159624,-0.0104983,0.278824,0.10593,-1.9144e-12,0.221424,-0.180591,0.068334,-0.128255,0.142028,-1.76672e-11,-0.0851738,-0.14742,6.86688e-12
2.209,0.0841886,0.0866211,0.240388,-0.403588,-0.016037,-0.00988486,0.278824,0.10593,-1.9144e-12,0.221636,-0.180596,0.0686771,-0.128255,0.142028,-1.76672e-11,-0.0851738,-0.14742,6.86688e-12
2.21,0.0842831,0.0864271,0.240498,-0.403499,-0.0161145,-0.00928263,0.278824,0.10593,-1.9144e-12,0.221849,-0.180602,0.069019,-0.128255,0.142028,-1.76672e-11,-0.0851738,-0.14742,6.86688e-12
2.211,0.0843775,0.086232,0.240608,-0.403398,-0.0161951,-0.00869165,0.278824,0.10593,-1.9144e-12,0.222064,-0.180608,0.0693597,-0.128255,0.142028,-1.76672e-11,-0.0851738,-0.14742,6.86688e-12
2.212,0.0844717,0.0860358,0.240717,-0.403285,-0.0162787,-0.00811192,0.278824,0.10593,-1.9144e-12,0.22228,-0.180614,0.0696992,-0.128255,0.142028,-1.76672e-11,-0.0851738,-0.14742,6.86688e-12
2.213,0.0845657,0.0858385,0.240825,-0.403161,-0.0163652,-0.00754346,0.278824,0.10593,-1.9144e-12,0.222497,-0.18062,0.0700375,-0.128255,0.142028,-1.76672e-11,-0.0851738,-0.14742,6.86688e-12
2.214,0.0846597,0.0856401,0.240933,-0.403025,-0.0164546,-0.00698629,0.278824,0.10593,-1.9144e-12,0.222716,-0.180626,0.0703745,-0.128255,0.142028,-1.76672e-11,-0.0851738,-0.14742,6.86688e-12
2.215,0.0847534,0.0854407,0.241041,-0.402878,-0.016547,-0.00644042,0.278824,0.10593,-1.9144e-12,0.222936,-0.180632,0.0707102,-0.128255,0.142028,-1.76672e-11,-0.0851738,-0.14742,6.86688e-12
2.216,0.084847,0.0852402,0.241148,-0.402719,-0.0166423,-0.00590586,0.278824,0.10593,-1.9144e-12,0.223157,-0.180638,0.0710446,-0.128255,0.142028,-1.76672e-11,-0.0851738,-0.14742,6.86688e-12
2.217,0.0849404,0.0850387,0.241254,-0.402548,-0.0167404,-0.00538264,0.278824,0.10593,-1.9144e-12,0.22338,-0.180645,0.0713777,-0.128255,0.142028,-1.76672e-11,-0.0851738,-0.14742,6.86688e-12
2.218,0.0850337,0.0848361,0.24136,-0.402366,-0.0168414,-0.00487076,0.278824,0.10593,-1.9144e-12,0.223604,-0.180651,0.0717094,-0.128255,0.142028,-1.76672e-11,-0.0851738,-0.14742,6.86688e-12
2.219,0.0851268,0.0846324,0.241466,-0.402172,-0.0169453,-0.00437024,0.278824,0.10593,-1.9144e-12,0.22383,-0.180657,0.0720398,-0.128255,0.142028,-1.76672e-11,-0.0851738,-0.14742,6.86688e-12
2.22,0.0852198,0.0844277,0.241571,-0.401966,-0.0170519,-0.00388109,0.278824,0.10593,-1.9144e-12,0.224056,-0.180663,0.0723688,-0.128255,0.142028,-1.76672e-11,-0.0851738,-0.14742,6.86688e-12
2.221,0.0853126,0.084222,0.241675,-0.401749,-0.0171614,-0.00340333,0.278824,0.10593,-1.9144e-12,0.224285,-0.180669,0.0726964,-0.128255,0.142028,-1.76672e-11,-0.0851738,-0.14742,6.86688e-12
2.222,0.0854052,0.0840153,0.241779,-0.40152,-0.0172737,-0.00293697,0.278824,0.10593,-1.9144e-12,0.224514,-0.180676,0.0730225,-0.128255,0.142028,-1.76672e-11,-0.0851738,-0.14742,6.86688e-12
2.223,0.0854976,0.0838075,0.241882,-0.401279,-0.0173887,-0.00248204,0.278824,0.10593,-1.9144e-12,0.224745,-0.180682,0.0733472,-0.128255,0.142028,-1.76672e-11,-0.0851738,-0.14742,6.86688e-12
2.224,0.0855899,0.0835987,0.241984,-0.401026,-0.0175064,-0.00203854,0.278824,0.10593,-1.9144e-12,0.224977,-0.180689,0.0736705,-0.128255,0.142028,-1.76672e-11,-0.0851738,-0.14742,6.86688e-12
2.225,0.085682,0.0833889,0.242087,-0.400762,-0.0176269,-0.00160648,0.278824,0.10593,-1.9144e-12,0.225211,-0.180695,0.0739922,-0.128255,0.142028,-1.76672e-11,-0.0851738,-0.14742,6.86688e-12
2.226,0.0857739,0.0831781,0.242188,-0.400485,-0.0177501,-0.00118589,0.278824,0.10593,-1.9144e-12,0.225446,-0.180701,0.0743125,-0.128255,0.142028,-1.76672e-11,-0.0851738,-0.14742,6.86688e-12
2.227,0.0858657,0.0829664,0.242289,-0.400197,-0.0178759,-0.000776775,0.278824,0.10593,-1.9144e-12,0.225682,-0.180708,0.0746312,-0.128255,0.142028,-1.76672e-11,-0.0851738,-0.14742,6.86688e-12
2.228,0.0859572,0.0827536,0.242389,-0.399897,-0.0180045,-0.000379153,0.278824,0.10593,-1.9144e-12,0.22592,-0.180715,0.0749484,-0.128255,0.142028,-1.76672e-11,-0.0851738,-0.14742,6.86688e-12
2.229,0.0860486,0.0825398,0.242489,-0.399585,-0.0181356,6.96203e-06,0.278824,0.10593,-1.9144e-12,0.226159,-0.180721,0.075264,-0.128255,0.142028,-1.76672e-11,-0.0851738,-0.14742,6.86688e-12
2.23,0.0861398,0.082325,0.242588,-0.399261,-0.0182694,0.000381555,0.278824,0.10593,-1.9144e-12,0.2264,-0.180728,0.075578,-0.128255,0.142028,-1.76672e-11,-0.0851738,-0.14742,6.86688e-12
2.231,0.0862308,0.0821093,0.242686,-0.398926,-0.0184058,0.000744611,0.278824,0.10593,-1.9144e-12,0.226642,-0.180734,0.0758904,-0.128255,0.142028,-1.76672e-11,-0.0851738,-0.14742,6.86688e-12
2.232,0.0863216,0.0818926,0.242784,-0.398578,-0.0185447,0.00109612,0.278824,0.10593,-1.9144e-12,0.226885,-0.180741,0.0762012,-0.128255,0.142028,-1.76672e-11,-0.0851738,-0.14742,6.86688e-12
2.233,0.0864122,0.081675,0.242881,-0.398218,-0.0186863,0.00143605,0.278824,0.10593,-1.9144e-12,0.22713,-0.180748,0.0765103,-0.128255,0.142028,-1.76672e-11,-0.0851738,-0.14742,6.86688e-12
2.234,0.0865027,0.0814564,0.242977,-0.397847,-0.0188303,0.00176441,0.278824,0.10593,-1.9144e-12,0.227376,-0.180755,0.0768177,-0.128255,0.142028,-1.76672e-11,-0.0851738,-0.14742,6.86688e-12
2.235,0.0865929,0.0812368,0.243073,-0.397463,-0.0189769,0.00208117,0.278824,0.10593,-1.9144e-12,0.227624,-0.180762,0.0771235,-0.128255,0.142028,-1.76672e-11,-0.0851738,-0.14742,6.86688e-12
2.236,0.086683,0.0810163,0.243168,-0.397067,-0.019126,0.00238633,0.278824,0.10593,-1.9144e-12,0.227873,-0.180768,0.0774275,-0.128255,0.142028,-1.76672e-11,-0.0851738,-0.14742,6.86688e-12
2.237,0.0867728,0.0807949,0.243263,-0.396659,-0.0192775,0.00267985,0.278824,0.10593,-1.9144e-12,0.228123,-0.180775,0.0777298,-0.128255,0.142028,-1.76672e-11,-0.0851738,-0.14742,6.86688e-12
2.238,0.0868625,0.0805725,0.243356,-0.39624,-0.0194315,0.00296174,0.278824,0.10593,-1.9144e-12,0.228375,-0.180782,0.0780303,-0.128255,0.142028,-1.76672e-11,-0.0851738,-0.14742,6.86688e-12
2.239,0.0869519,0.0803492,0.243449,-0.395808,-0.019588,0.00323197,0.278824,0.10593,-1.9144e-12,0.228628,-0.180789,0.0783291,-0.128255,0.142028,-1.76672e-11,-0.0851738,-0.14742,6.86688e-12
2.24,0.0870411,0.080125,0.243542,-0.395363,-0.0197469,0.00349053,0.278824,0.10593,-1.9144e-12,0.228883,-0.180796,0.0786261,-0.128255,0.142028,-1.76672e-11,-0.0851738,-0.14742,6.86688e-12
2.241,0.0871302,0.0798998,0.243633,-0.394907,-0.0199082,0.00373741,0.278824,0.10593,-1.9144e-12,0.229139,-0.180803,0.0789212,-0.128255,0.142028,-1.76672e-11,-0.0851738,-0.14742,6.86688e-12
2.242,0.087219,0.0796738,0.243724,-0.394439,-0.0200718,0.00397259,0.278824,0.10593,-1.9144e-12,0.229396,-0.18081,0.0792145,-0.128255,0.142028,-1.76672e-11,-0.0851738,-0.14742,6.86688e-12
2.243,0.0873076,0.0794468,0.243815,-0.393958,-0.0202378,0.00419605,0.278824,0.10593,-1.9144e-12,0.229655,-0.180818,0.079506,-0.128255,0.142028,-1.76672e-11,-0.0851738,-0.14742,6.86688e-12
2.244,0.087396,0.079219,0.243904,-0.393465,-0.0204062,0.00440779,0.278824,0.10593,-1.9144e-12,0.229916,-0.180825,0.0797955,-0.128255,0.142028,-1.76672e-11,-0.0851738,-0.14742,6.86688e-12
2.245,0.0874842,0.0789902,0.243993,-0.39296,-0.0205769,0.00460778,0.278824,0.10593,-1.9144e-12,0.230178,-0.180832,0.0800832,-0.128255,0.142028,-1.76672e-11,-0.0851738,-0.14742,6.86688e-12
2.246,0.0875722,0.0787606,0.244081,-0.392443,-0.0207499,0.00479601,0.278824,0.10593,-1.9144e-12,0.230441,-0.180839,0.080369,-0.128255,0.142028,-1.76672e-11,-0.0851738,-0.14742,6.86688e-12
2.247,0.0876599,0.0785301,0.244168,-0.391913,-0.0209251,0.00497248,0.278824,0.10593,-1.9144e-12,0.230706,-0.180847,0.0806528,-0.128255,0.142028,-1.76672e-11,-0.0851738,-0.14742,6.86688e-12
2.248,0.0877475,0.0782987,0.244255,-0.391371,-0.0211026,0.00513715,0.278824,0.10593,-1.9144e-12,0.230972,-0.180854,0.0809346,-0.128255,0.142028,-1.76672e-11,-0.0851738,-0.14742,6.86688e-12
2.249,0.0878348,0.0780665,0.244341,-0.390817,-0.0212824,0.00529002,0.278824,0.10593,-1.9144e-12,0.23124,-0.180861,0.0812145,-0.128255,0.142028,-1.76672e-11,-0.0851738,-0.14742,6.86688e-12
2.25,0.0879219,0.0778334,0.244426,-0.390251,-0.0214644,0.00543108,0.278824,0.10593,-1.9144e-12,0.231509,-0.180869,0.0814923,-0.128255,0.142028,-1.76672e-11,-0.0851738,-0.14742,6.86688e-12
2.251,0.0880087,0.0775994,0.24451,-0.389672,-0.0216486,0.0055603,0.278824,0.10593,-1.9144e-12,0.23178,-0.180876,0.0817682,-0.128255,0.142028,-1.76672e-11,-0.0851738,-0.14742,6.86688e-12
2.252,0.0880953,0.0773646,0.244593,-0.389081,-0.0218349,0.00567767,0.278824,0.10593,-1.9144e-12,0.232052,-0.180884,0.0820419,-0.128255,0.142028,-1.76672e-11,-0.0851738,-0.14742,6.86688e-12
2.253,0.0881817,0.0771289,0.244676,-0.388477,-0.0220234,0.00578319,0.278824,0.10593,-1.9144e-12,0.232326,-0.180891,0.0823137,-0.128255,0.142028,-1.76672e-11,-0.0851738,-0.14742,6.86688e-12
2.254,0.0882679,0.0768925,0.244758,-0.387861,-0.0222141,0.00587683,0.278824,0.10593,-1.9144e-12,0.232601,-0.180899,0.0825833,-0.128255,0.142028,-1.76672e-11,-0.0851738,-0.14742,6.86688e-12
2.255,0.0883539,0.0766551,0.244839,-0.387232,-0.0224069,0.00595857,0.278824,0.10593,-1.9144e-12,0.232878,-0.180906,0.0828508,-0.128255,0.142028,-1.76672e-11,-0.0851738,-0.14742,6.86688e-12
2.256,0.0884396,0.076417,0.244919,-0.386591,-0.0226018,0.00602842,0.278824,0.10593,-1.9144e-12,0.233156,-0.180914,0.0831162,-0.128255,0.142028,-1.76672e-11,-0.0851738,-0.14742,6.86688e-12
2.257,0.088525,0.076178,0.244999,-0.385938,-0.0227987,0.00608634,0.278824,0.10593,-1.9144e-12,0.233435,-0.180922,0.0833795,-0.128255,0.142028,-1.76672e-11,-0.0851738,-0.14742,6.86688e-12
2.258,0.0886102,0.0759382,0.245077,-0.385272,-0.0229977,0.00613232,0.278824,0.10593,-1.9144e-12,0.233717,-0.18093,0.0836405,-0.128255,0.142028,-1.76672e-11,-0.0851738,-0.14742,6.86688e-12
2.259,0.0886952,0.0756976,0.245155,-0.384593,-0.0231988,0.00616636,0.278824,0.10593,-1.9144e-12,0.233999,-0.180937,0.0838994,-0.128255,0.142028,-1.76672e-11,-0.0851738,-0.14742,6.86688e-12
2.26,0.08878,0.0754562,0.245232,-0.383902,-0.0234019,0.00618843,0.278824,0.10593,-1.9144e-12,0.234283,-0.180945,0.0841561,-0.128255,0.142028,-1.76672e-11,-0.0851738,-0.14742,6.86688e-12
2.261,0.0888644,0.075214,0.245308,-0.383198,-0.0236069,0.00619852,0.278824,0.10593,-1.9144e-12,0.234569,-0.180953,0.0844106,-0.128255,0.142028,-1.76672e-11,-0.0851738,-0.14742,6.86688e-12
2.262,0.0889487,0.0749711,0.245384,-0.382482,-0.023814,0.00619662,0.278824,0.10593,-1.9144e-12,0.234856,-0.180961,0.0846628,-0.128255,0.142028,-1.76672e-11,-0.0851738,-0.14742,6.86688e-12
2.263,0.0890327,0.0747273,0.245458,-0.381753,-0.024023,0.0061827,0.278824,0.10593,-1.9144e-12,0.235145,-0.180969,0.0849127,-0.128255,0.142028,-1.76672e-11,-0.0851738,-0.14742,6.86688e-12
2.264,0.0891164,0.0744827,0.245531,-0.381011,-0.024234,0.00615677,0.278824,0.10593,-1.9144e-12,0.235435,-0.180977,0.0851603,-0.128255,0.142028,-1.76672e-11,-0.0851738,-0.14742,6.86688e-12
2.265,0.0891999,0.0742374,0.245604,-0.380257,-0.0244469,0.00611879,0.278824,0.10593,-1.9144e-12,0.235727,-0.180985,0.0854056,-0.128255,0.142028,-1.76672e-11,-0.0851738,-0.14742,6.86688e-12
2.266,0.0892831,0.0739913,0.245676,-0.37949,-0.0246616,0.00606877,0.278824,0.10593,-1.9144e-12,0.23602,-0.180993,0.0856486,-0.128255,0.142028,-1.76672e-11,-0.0851738,-0.14742,6.86688e-12
2.267,0.0893661,0.0737445,0.245747,-0.378711,-0.0248783,0.00600667,0.278824,0.10593,-1.9144e-12,0.236315,-0.181001,0.0858893,-0.128255,0.142028,-1.76672e-11,-0.0851738,-0.14742,6.86688e-12
2.268,0.0894488,0.0734969,0.245816,-0.377918,-0.0250968,0.00593249,0.278824,0.10593,-1.9144e-12,0.236611,-0.181009,0.0861275,-0.128255,0.142028,-1.76672e-11,-0.0851738,-0.14742,6.86688e-12
2.269,0.0895313,0.0732485,0.245886,-0.377113,-0.0253172,0.00584621,0.278824,0.10593,-1.9144e-12,0.236909,-0.181018,0.0863634,-0.128255,0.142028,-1.76672e-11,-0.0851738,-0.14742,6.86688e-12
2.27,0.0896135,0.0729994,0.245954,-0.376295,-0.0255393,0.00574782,0.278824,0.10593,-1.9144e-12,0.237208,-0.181026,0.0865968,-0.128255,0.142028,-1.76672e-11,-0.0851738,-0.14742,6.86688e-12
2.271,0.0896954,0.0727496,0.246021,-0.375465,-0.0257633,0.00563731,0.278824,0.10593,-1.9144e-12,0.237509,-0.181034,0.0868278,-0.128255,0.142028,-1.76672e-11,-0.0851738,-0.14742,6.86688e-12
2.272,0.089777,0.072499,0.246087,-0.374621,-0.0259891,0.00551465,0.278824,0.10593,-1.9144e-12,0.237812,-0.181042,0.0870564,-0.128255,0.142028,-1.76672e-11,-0.0851738,-0.14742,6.86688e-12
2.273,0.0898584,0.0722478,0.246152,-0.373765,-0.0262166,0.00537983,0.278824,0.10593,-1.9144e-12,0.238116,-0.181051,0.0872824,-0.128255,0.142028,-1.76672e-11,-0.0851738,-0.14742,6.86688e-12
2.274,0.0899395,0.0719957,0.246217,-0.372896,-0.0264458,0.00523285,0.278824,0.10593,-1.9144e-12,0.238421,-0.181059,0.087506,-0.128255,0.142028,-1.76672e-11,-0.0851738,-0.14742,6.86688e-12
2.275,0.0900204,0.071743,0.24628,-0.372014,-0.0266768,0.00507368,0.278824,0.10593,-1.9144e-12,0.238728,-0.181068,0.087727,-0.128255,0.142028,-1.76672e-11,-0.0851738,-0.14742,6.86688e-12
2.276,0.0901009,0.0714896,0.246343,-0.371119,-0.0269095,0.0049023,0.278824,0.10593,-1.9144e-12,0.239037,-0.181076,0.0879455,-0.128255,0.142028,-1.76672e-11,-0.0851738,-0.14742,6.86688e-12
2.277,0.0901812,0.0712355,0.246404,-0.370211,-0.0271438,0.00471871,0.278824,0.10593,-1.9144e-12,0.239347,-0.181085,0.0881615,-0.128255,0.142028,-1.76672e-11,-0.0851738,-0.14742,6.86688e-12
2.278,0.0902612,0.0709806,0.246465,-0.36929,-0.0273798,0.00452289,0.278824,0.10593,-1.9144e-12,0.239659,-0.181093,0.0883749,-0.128255,0.142028,-1.76672e-11,-0.0851738,-0.14742,6.86688e-12
2.279,0.090341,0.0707251,0.246524,-0.368357,-0.0276175,0.00431483,0.278824,0.10593,-1.9144e-12,0.239973,-0.181102,0.0885856,-0.128255,0.142028,-1.76672e-11,-0.0851738,-0.14742,6.86688e-12
2.28,0.0904204,0.0704689,0.246583,-0.36741,-0.0278568,0.0040945,0.278824,0.10593,-1.9144e-12,0.240288,-0.181111,0.0887937,-0.128255,0.142028,-1.76672e-11,-0.0851738,-0.14742,6.86688e-12
2.281,0.0904996,0.070212,0.24664,-0.36645,-0.0280976,0.0038619,0.278824,0.10593,-1.9144e-12,0.240604,-0.181119,0.0889992,-0.128255,0.142028,-1.76672e-11,-0.0851738,-0.14742,6.86688e-12
2.282,0.0905784,0.0699545,0.246697,-0.365477,-0.0283401,0.00361701,0.278824,0.10593,-1.9144e-12,0.240923,-0.181128,0.0892021,-0.128255,0.142028,-1.76672e-11,-0.0851738,-0.14742,6.86688e-12
2.283,0.090657,0.0696963,0.246752,-0.364492,-0.0285841,0.00335982,0.278824,0.10593,-1.9144e-12,0.241242,-0.181137,0.0894022,-0.128255,0.142028,-1.76672e-11,-0.0851738,-0.14742,6.86688e-12
2.284,0.0907353,0.0694374,0.246807,-0.363493,-0.0288297,0.0030903,0.278824,0.10593,-1.9144e-12,0.241564,-0.181146,0.0895996,-0.128255,0.142028,-1.76672e-11,-0.0851738,-0.14742,6.86688e-12
2.285,0.0908133,0.0691779,0.24686,-0.362481,-0.0290767,0.00280846,0.278824,0.10593,-1.9144e-12,0.241887,-0.181155,0.0897944,-0.128255,0.142028,-1.76672e-11,-0.0851738,-0.14742,6.86688e-12
2.286,0.090891,0.0689177,0.246913,-0.361456,-0.0293253,0.00251426,0.278824,0.10593,-1.9144e-12,0.242211,-0.181164,0.0899863,-0.128255,0.142028,-1.76672e-11,-0.0851738,-0.14742,6.86688e-12
2.287,0.0909684,0.0686568,0.246964,-0.360417,-0.0295753,0.0022077,0.278824,0.10593,-1.9144e-12,0.242538,-0.181173,0.0901755,-0.128255,0.142028,-1.76672e-11,-0.0851738,-0.14742,6.86688e-12
2.288,0.0910455,0.0683954,0.247014,-0.359366,-0.0298268,0.00188876,0.278824,0.10593,-1.9144e-12,0.242865,-0.181182,0.0903619,-0.128255,0.142028,-1.76672e-11,-0.0851738,-0.14742,6.86688e-12
2.289,0.0911223,0.0681333,0.247064,-0.358302,-0.0300798,0.00155743,0.278824,0.10593,-1.9144e-12,0.243195,-0.181191,0.0905455,-0.128255,0.142028,-1.76672e-11,-0.0851738,-0.14742,6.86688e-12
2.29,0.0911988,0.0678706,0.247112,-0.357224,-0.0303342,0.00121369,0.278824,0.10593,-1.9144e-12,0.243526,-0.1812,0.0907263,-0.128255,0.142028,-1.76672e-11,-0.0851738,-0.14742,6.86688e-12
2.291,0.091275,0.0676072,0.247159,-0.356133,-0.0305899,0.000857534,0.278824,0.10593,-1.9144e-12,0.243859,-0.181209,0.0909042,-0.128255,0.142028,-1.76672e-11,-0.0851738,-0.14742,6.86688e-12
2.292,0.0913509,0.0673433,0.247205,-0.355029,-0.0308471,0.000488936,0.278824,0.10593,-1.9144e-12,0.244193,-0.181218,0.0910792,-0.128255,0.142028,-1.76672e-11,-0.0851738,-0.14742,6.86688e-12
2.293,0.0914265,0.0670787,0.24725,-0.353911,-0.0311056,0.000107886,0.278824,0.10593,-1.9144e-12,0.244529,-0.181228,0.0912514,-0.128255,0.142028,-1.76672e-11,-0.0851738,-0.14742,6.86688e-12
2.294,0.0915017,0.0668136,0.247294,-0.352781,-0.0313654,-0.00028563,0.278824,0.10593,-1.9144e-12,0.244866,-0.181237,0.0914206,-0.128255,0.142028,-1.76672e-11,-0.0851738,-0.14742,6.86688e-12
2.295,0.0915767,0.0665478,0.247337,-0.351637,-0.0316266,-0.000691628,0.278824,0.10593,-1.9144e-12,0.245205,-0.181246,0.0915869,-0.128255,0.142028,-1.76672e-11,-0.0851738,-0.14742,6.86688e-12
2.296,0.0916513,0.0662815,0.247378,-0.350479,-0.031889,-0.00111012,0.278824,0.10593,-1.9144e-12,0.245546,-0.181256,0.0917503,-0.128255,0.142028,-1.76672e-11,-0.0851738,-0.14742,6.86688e-12
2.297,0.0917257,0.0660146,0.247419,-0.349309,-0.0321528,-0.00154113,0.278824,0.10593,-1.9144e-12,0.245889,-0.181265,0.0919107,-0.128255,0.142028,-1.76672e-11,-0.0851738,-0.14742,6.86688e-12
2.298,0.0917997,0.0657471,0.247458,-0.348125,-0.0324178,-0.00198466,0.278824,0.10593,-1.9144e-12,0.246233,-0.181275,0.0920681,-0.128255,0.142028,-1.76672e-11,-0.0851738,-0.14742,6.86688e-12
2.299,0.0918733,0.065479,0.247497,-0.346927,-0.032684,-0.00244073,0.278824,0.10593,-1.9144e-12,0.246579,-0.181284,0.0922224,-0.128255,0.142028,-1.76672e-11,-0.0851738,-0.14742,6.86688e-12
2.3,0.0919467,0.0652104,0.247534,-0.345716,-0.0329515,-0.00290936,0.278824,0.10593,-1.9144e-12,0.246926,-0.181294,0.0923738,-0.128255,0.142028,-1.76672e-11,-0.0851738,-0.14742,6.86688e-12
2.301,0.0920197,0.0649412,0.24757,-0.344492,-0.0332201,-0.00339052,0.278824,0.10593,-1.9144e-12,0.247275,-0.181303,0.092522,-0.128255,0.142028,-1.76672e-11,-0.0851738,-0.14742,6.86688e-12
2.302,0.0920924,0.0646714,0.247605,-0.343254,-0.0334899,-0.00388406,0.278824,0.10593,-1.9144e-12,0.247626,-0.181313,0.0926672,-0.128255,0.142028,-1.76672e-11,-0.0851738,-0.14742,6.86688e-12
2.303,0.0921648,0.0644011,0.247638,-0.342004,-0.0337608,-0.00438979,0.278824,0.10593,-1.9144e-12,0.247978,-0.181323,0.0928093,-0.128255,0.142028,-1.76672e-11,-0.0851738,-0.14742,6.86688e-12
2.304,0.0922369,0.0641303,0.247671,-0.34074,-0.0340326,-0.00490751,0.278824,0.10593,-1.9144e-12,0.248332,-0.181332,0.0929483,-0.128255,0.142028,-1.76672e-11,-0.0851738,-0.14742,6.86688e-12
2.305,0.0923086,0.0638589,0.247702,-0.339464,-0.0343054,-0.00543704,0.278824,0.10593,-1.9144e-12,0.248688,-0.181342,0.0930842,-0.128255,0.142028,-1.76672e-11,-0.0851738,-0.14742,6.86688e-12
2.306,0.09238,0.063587,0.247733,-0.338176,-0.0345791,-0.00597818,0.278824,0.10593,-1.9144e-12,0.249046,-0.181352,0.0932168,-0.128255,0.142028,-1.76672e-11,-0.0851738,-0.14742,6.86688e-12
2.307,0.0924511,0.0633146,0.247762,-0.336875,-0.0348535,-0.00653074,0.278824,0.10593,-1.9144e-12,0.249405,-0.181362,0.0933463,-0.128255,0.142028,-1.76672e-11,-0.0851738,-0.14742,6.86688e-12
2.308,0.0925218,0.0630417,0.24779,-0.335562,-0.0351288,-0.00709453,0.278824,0.10593,-1.9144e-12,0.249766,-0.181372,0.0934726,-0.128255,0.142028,-1.76672e-11,-0.0851738,-0.14742,6.86688e-12
2.309,0.0925923,0.0627683,0.247817,-0.334237,-0.0354047,-0.00766935,0.278824,0.10593,-1.9144e-12,0.250128,-0.181382,0.0935957,-0.128255,0.142028,-1.76672e-11,-0.0851738,-0.14742,6.86688e-12
2.31,0.0926623,0.0624944,0.247843,-0.3329,-0.0356812,-0.00825502,0.278824,0.10593,-1.9144e-12,0.250492,-0.181392,0.0937155,-0.128255,0.142028,-1.76672e-11,-0.0851738,-0.14742,6.86688e-12
2.311,0.0927321,0.06222,0.247867,-0.331552,-0.0359582,-0.00885135,0.278824,0.10593,-1.9144e-12,0.250858,-0.181402,0.0938321,-0.128255,0.142028,-1.76672e-11,-0.0851738,-0.14742,6.86688e-12
2.312,0.0928015,0.0619451,0.247891,-0.330193,-0.0362358,-0.00945814,0.278824,0.10593,-1.9144e-12,0.251226,-0.181412,0.0939454,-0.128255,0.142028,-1.76672e-11,-0.0851738,-0.14742,6.86688e-12
2.313,0.0928706,0.0616697,0.247913,-0.328822,-0.0365137,-0.0100752,0.278824,0.10593,-1.9144e-12,0.251595,-0.181422,0.0940554,-0.128255,0.142028,-1.76672e-11,-0.0851738,-0.14742,6.86688e-12
2.314,0.0929394,0.0613939,0.247935,-0.327441,-0.036792,-0.0107023,0.278824,0.10593,-1.9144e-12,0.251966,-0.181433,0.094162,-0.128255,0.142028,-1.76672e-11,-0.0851738,-0.14742,6.86688e-12
2.315,0.0930078,0.0611176,0.247955,-0.326048,-0.0370706,-0.0113394,0.278824,0.10593,-1.9144e-12,0.252339,-0.181443,0.0942653,-0.128255,0.142028,-1.76672e-11,-0.0851738,-0.14742,6.86688e-12
2.316,0.0930759,0.0608408,0.247974,-0.324645,-0.0373495,-0.0119861,0.278824,0.10593,-1.9144e-12,0.252713,-0.181453,0.0943653,-0.128255,0.142028,-1.76672e-11,-0.0851738,-0.14742,6.86688e-12
2.317,0.0931437,0.0605637,0.247992,-0.323232,-0.0376284,-0.0126423,0.278824,0.10593,-1.9144e-12,0.253089,-0.181464,0.0944618,-0.128255,0.142028,-1.76672e-11,-0.0851738,-0.14742,6.86688e-12
2.318,0.0932111,0.060286,0.248009,-0.321808,-0.0379075,-0.0133078,0.278824,0.10593,-1.9144e-12,0.253467,-0.181474,0.094555,-0.128255,0.142028,-1.76672e-11,-0.0851738,-0.14742,6.86688e-12
2.319,0.0932782,0.060008,0.248024,-0.320375,-0.0381866,-0.0139825,0.278824,0.10593,-1.9144e-12,0.253847,-0.181484,0.0946447,-0.128255,0.142028,-1.76672e-11,-0.0851738,-0.14742,6.86688e-12
2.32,0.093345,0.0597295,0.248039,-0.318931,-0.0384656,-0.0146661,0.278824,0.10593,-1.9144e-12,0.254228,-0.181495,0.094731,-0.128255,0.142028,-1.76672e-11,-0.0851738,-0.14742,6.86688e-12
2.321,0.0934114,0.0594506,0.248053,-0.317478,-0.0387446,-0.0153584,0.278824,0.10593,-1.9144e-12,0.254611,-0.181506,0.0948138,-0.128255,0.142028,-1.76672e-11,-0.0851738,-0.14742,6.86688e-12
2.322,0.0934775,0.0591713,0.248065,-0.316016,-0.0390234,-0.0160593,0.278824,0.10593,-1.9144e-12,0.254996,-0.181516,0.0948931,-0.128255,0.142028,-1.76672e-11,-0.0851738,-0.14742,6.86688e-12
2.323,0.0935433,0.0588915,0.248076,-0.314544,-0.0393019,-0.0167685,0.278824,0.10593,-1.9144e-12,0.255382,-0.181527,0.0949689,-0.128255,0.142028,-1.76672e-11,-0.0851738,-0.14742,6.86688e-12
2.324,0.0936087,0.0586114,0.248087,-0.313063,-0.0395802,-0.0174859,0.278824,0.10593,-1.9144e-12,0.255771,-0.181538,0.0950412,-0.128255,0.142028,-1.76672e-11,-0.0851738,-0.14742,6.86688e-12
2.325,0.0936738,0.0583309,0.248096,-0.311573,-0.039858,-0.0182113,0.278824,0.10593,-1.9144e-12,0.256161,-0.181548,0.0951099,-0.128255,0.142028,-1.76672e-11,-0.0851738,-0.14742,6.86688e-12
2.326,0.0937386,0.05805,0.248104,-0.310075,-0.0401355,-0.0189444,0.278824,0.10593,-1.9144e-12,0.256553,-0.181559,0.095175,-0.128255,0.142028,-1.76672e-11,-0.0851738,-0.14742,6.86688e-12
2.327,0.093803,0.0577688,0.248111,-0.308568,-0.0404125,-0.0196851,0.278824,0.10593,-1.9144e-12,0.256946,-0.18157,0.0952366,-0.128255,0.142028,-1.76672e-11,-0.0851738,-0.14742,6.86688e-12
2.328,0.0938671,0.0574871,0.248117,-0.307053,-0.0406889,-0.0204333,0.278824,0.10593,-1.9144e-12,0.257341,-0.181581,0.0952945,-0.128255,0.142028,-1.76672e-11,-0.0851738,-0.14742,6.86688e-12
2.329,0.0939308,0.0572051,0.248121,-0.305529,-0.0409646,-0.0211886,0.278824,0.10593,-1.9144e-12,0.257738,-0.181592,0.0953488,-0.128255,0.142028,-1.76672e-11,-0.0851738,-0.14742,6.86688e-12
2.33,0.0939942,0.0569228,0.248125,-0.303998,-0.0412397,-0.0219509,0.278824,0.10593,-1.9144e-12,0.258137,-0.181603,0.0953994,-0.128255,0.142028,-1.76672e-11,-0.0851738,-0.14742,6.86688e-12
2.331,0.0940573,0.0566401,0.248128,-0.302459,-0.041514,-0.0227201,0.278824,0.10593,-1.9144e-12,0.258538,-0.181614,0.0954464,-0.128255,0.142028,-1.76672e-11,-0.0851738,-0.14742,6.86688e-12
2.332,0.09412,0.0563571,0.248129,-0.300913,-0.0417875,-0.0234959,0.278824,0.10593,-1.9144e-12,0.25894,-0.181625,0.0954897,-0.128255,0.142028,-1.76672e-11,-0.0851738,-0.14742,6.86688e-12
2.333,0.0941824,0.0560737,0.248129,-0.299359,-0.0420602,-0.0242781,0.278824,0.10593,-1.9144e-12,0.259344,-0.181636,0.0955292,-0.128255,0.142028,-1.76672e-11,-0.0851738,-0.14742,6.86688e-12
2.334,0.0942444,0.05579,0.248129,-0.297798,-0.0423318,-0.0250666,0.278824,0.10593,-1.9144e-12,0.25975,-0.181647,0.095565,-0.128255,0.142028,-1.76672e-11,-0.0851738,-0.14742,6.86688e-12
2.335,0.0943061,0.055506,0.248127,-0.296229,-0.0426025,-0.0258611,0.278824,0.10593,-1.9144e-12,0.260158,-0.181658,0.0955971,-0.128255,0.142028,-1.76672e-11,-0.0851738,-0.14742,6.86688e-12
2.336,0.0943675,0.0552217,0.248124,-0.294655,-0.042872,-0.0266615,0.278824,0.10593,-1.9144e-12,0.260567,-0.18167,0.0956253,-0.128255,0.142028,-1.76672e-11,-0.0851738,-0.14742,6.86688e-12
2.337,0.0944285,0.054937,0.24812,-0.293073,-0.0431405,-0.0274676,0.278824,0.10593,-1.9144e-12,0.260979,-0.181681,0.0956498,-0.128255,0.142028,-1.76672e-11,-0.0851738,-0.14742,6.86688e-12
2.338,0.0944892,0.0546521,0.248115,-0.291485,-0.0434077,-0.0282792,0.278824,0.10593,-1.9144e-12,0.261392,-0.181692,0.0956705,-0.128255,0.142028,-1.76672e-11,-0.0851738,-0.14742,6.86688e-12
2.339,0.0945495,0.0543669,0.248109,-0.289891,-0.0436736,-0.029096,0.278824,0.10593,-1.9144e-12,0.261807,-0.181704,0.0956873,-0.128255,0.142028,-1.76672e-11,-0.0851738,-0.14742,6.86688e-12
2.34,0.0946095,0.0540814,0.248102,-0.288291,-0.0439382,-0.0299179,0.278824,0.10593,-1.9144e-12,0.262223,-0.181715,0.0957002,-0.128255,0.142028,-1.76672e-11,-0.0851738,-0.14742,6.86688e-12
2.341,0.0946691,0.0537956,0.248094,-0.286685,-0.0442014,-0.0307448,0.278824,0.10593,-1.9144e-12,0.262642,-0.181727,0.0957093,-0.128255,0.142028,-1.76672e-11,-0.0851738,-0.14742,6.86688e-12
2.342,0.0947284,0.0535096,0.248085,-0.285073,-0.0444631,-0.0315763,0.278824,0.10593,-1.9144e-12,0.263062,-0.181739,0.0957144,-0.128255,0.142028,-1.76672e-11,-0.0851738,-0.14742,6.86688e-12
2.343,0.0947874,0.0532233,0.248075,-0.283456,-0.0447233,-0.0324124,0.278824,0.10593,-1.9144e-12,0.263484,-0.18175,0.0957157,-0.128255,0.142028,-1.76672e-11,-0.0851738,-0.14742,6.86688e-12
2.344,0.094846,0.0529367,0.248063,-0.281834,-0.0449819,-0.0332528,0.278824,0.10593,-1.9144e-12,0.263906,-0.181762,0.095713,-0.128255,0.142028,-1.76672e-11,-0.0851738,-0.14742,6.86688e-12
2.345,0.0949042,0.0526499,0.248051,-0.280206,-0.0452388,-0.0340974,0.278824,0.10593,-1.9144e-12,0.264325,-0.181773,0.0957064,-0.128255,0.142028,-1.76672e-11,-0.0851738,-0.14742,6.86688e-12
2.346,0.0949621,0.0523629,0.248038,-0.278574,-0.0454939,-0.0349459,0.278824,0.10593,-1.9144e-12,0.264743,-0.181785,0.0956959,-0.128255,0.142028,-1.76672e-11,-0.0851738,-0.14742,6.86688e-12
2.347,0.0950197,0.0520756,0.248023,-0.276937,-0.0457473,-0.0357981,0.278824,0.10593,-1.9144e-12,0.265159,-0.181796,0.0956815,-0.128255,0.142028,-1.76672e-11,-0.0851738,-0.14742,6.86688e-12
2.348,0.0950769,0.0517881,0.248008,-0.275295,-0.0459988,-0.0366539,0.278824,0.10593,-1.9144e-12,0.265574,-0.181808,0.0956632,-0.128255,0.142028,-1.76672e-11,-0.0851738,-0.14742,6.86688e-12
2.349,0.0951338,0.0515003,0.247991,-0.273649,-0.0462484,-0.0375131,0.278824,0.10593,-1.9144e-12,0.265986,-0.181819,0.0956412,-0.128255,0.142028,-1.76672e-11,-0.0851738,-0.14742,6.86688e-12
2.35,0.0951903,0.0512124,0.247974,-0.271999,-0.046496,-0.0383755,0.278824,0.10593,-1.9144e-12,0.266397,-0.18183,0.0956153,-0.128255,0.142028,-1.76672e-11,-0.0851738,-0.14742,6.86688e-12
2.351,0.0952465,0.0509242,0.247955,-0.270345,-0.0467415,-0.0392409,0.278824,0.10593,-1.9144e-12,0.266805,-0.181842,0.0955856,-0.128255,0.142028,-1.76672e-11,-0.0851738,-0.14742,6.86688e-12
2.352,0.0953023,0.0506359,0.247935,-0.268688,-0.0469849,-0.040109,0.278824,0.10593,-1.9144e-12,0.267213,-0.181853,0.0955522,-0.128255,0.142028,-1.76672e-11,-0.0851738,-0.14742,6.86688e-12
2.353,0.0953578,0.0503473,0.247914,-0.267026,-0.0472262,-0.0409798,0.278824,0.10593,-1.9144e-12,0.267618,-0.181864,0.095515,-0.128255,0.142028,-1.76672e-11,-0.0851738,-0.14742,6.86688e-12
2.354,0.0954129,0.0500586,0.247893,-0.265361,-0.0474651,-0.041853,0.278824,0.10593,-1.9144e-12,0.268021,-0.181875,0.095474,-0.128255,0.142028,-1.76672e-11,-0.0851738,-0.14742,6.86688e-12
2.355,0.0954677,0.0497697,0.24787,-0.263694,-0.0477018,-0.0427284,0.278824,0.10593,-1.9144e-12,0.268423,-0.181886,0.0954294,-0.128255,0.142028,-1.76672e-11,-0.0851738,-0.14742,6.86688e-12
2.356,0.0955221,0.0494807,0.247846,-0.262023,-0.047936,-0.0436058,0.278824,0.10593,-1.9144e-12,0.268823,-0.181897,0.095381,-0.128255,0.142028,-1.76672e-11,-0.0851738,-0.14742,6.86688e-12
2.357,0.0955762,0.0491914,0.247821,-0.260349,-0.0481679,-0.0444851,0.278824,0.10593,-1.9144e-12,0.269221,-0.181908,0.095329,-0.128255,0.142028,-1.76672e-11,-0.0851738,-0.14742,6.86688e-12
2.358,0.0956299,0.048902,0.247795,-0.258673,-0.0483971,-0.045366,0.278824,0.10593,-1.9144e-12,0.269617,-0.181919,0.0952734,-0.128255,0.142028,-1.76672e-11,-0.0851738,-0.14742,6.86688e-12
2.359,0.0956833,0.0486125,0.247768,-0.256994,-0.0486239,-0.0462484,0.278824,0.10593,-1.9144e-12,0.270012,-0.18193,0.0952141,-0.128255,0.142028,-1.76672e-11,-0.0851738,-0.14742,6.86688e-12
2.36,0.0957363,0.0483228,0.24774,-0.255313,-0.0488479,-0.047132,0.278824,0.10593,-1.9144e-12,0.270405,-0.181941,0.0951512,-0.128255,0.142028,-1.76672e-11,-0.0851738,-0.14742,6.86688e-12
2.361,0.0957889,0.048033,0.247711,-0.25363,-0.0490693,-0.0480167,0.278824,0.10593,-1.9144e-12,0.270796,-0.181952,0.0950848,-0.128255,0.142028,-1.76672e-11,-0.0851738,-0.14742,6.86688e-12
2.362,0.0958412,0.0477431,0.247681,-0.251945,-0.0492879,-0.0489023,0.278824,0.10593,-1.9144e-12,0.271186,-0.181962,0.0950147,-0.128255,0.142028,-1.76672e-11,-0.0851738,-0.14742,6.86688e-12
2.363,0.0958932,0.047453,0.24765,-0.250258,-0.0495036,-0.0497886,0.278824,0.10593,-1.9144e-12,0.271573,-0.181973,0.0949412,-0.128255,0.142028,-1.76672e-11,-0.0851738,-0.14742,6.86688e-12
2.364,0.0959448,0.0471628,0.247618,-0.24857,-0.0497165,-0.0506754,0.278824,0.10593,-1.9144e-12,0.271959,-0.181984,0.0948641,-0.128255,0.142028,-1.76672e-11,-0.0851738,-0.14742,6.86688e-12
2.365,0.095996,0.0468726,0.247585,-0.246881,-0.0499263,-0.0515625,0.278824,0.10593,-1.9144e-12,0.272343,-0.181994,0.0947834,-0.128255,0.142028,-1.76672e-11,-0.0851738,-0.14742,6.86688e-12
2.366,0.0960469,0.0465822,0.247551,-0.24519,-0.0501332,-0.0524497,0.278824,0.10593,-1.9144e-12,0.272726,-0.182005,0.0946994,-0.128255,0.142028,-1.76672e-11,-0.0851738,-0.14742,6.86688e-12
2.367,0.0960974,0.0462917,0.247516,-0.243499,-0.0503369,-0.0533368,0.278824,0.10593,-1.9144e-12,0.273106,-0.182015,0.0946118,-0.128255,0.142028,-1.76672e-11,-0.0851738,-0.14742,6.86688e-12
2.368,0.0961476,0.0460011,0.24748,-0.241807,-0.0505375,-0.0542237,0.278824,0.10593,-1.9144e-12,0.273485,-0.182026,0.0945208,-0.128255,0.142028,-1.76672e-11,-0.0851738,-0.14742,6.86688e-12
2.369,0.0961974,0.0457105,0.247443,-0.240114,-0.0507348,-0.0551101,0.278824,0.10593,-1.9144e-12,0.273862,-0.182036,0.0944264,-0.128255,0.142028,-1.76672e-11,-0.0851738,-0.14742,6.86688e-12
2.37,0.0962468,0.0454198,0.247405,-0.238421,-0.0509288,-0.0559958,0.278824,0.10593,-1.9144e-12,0.274238,-0.182047,0.0943286,-0.128255,0.142028,-1.76672e-11,-0.0851738,-0.14742,6.86688e-12
2.371,0.0962959,0.045129,0.247366,-0.236728,-0.0511195,-0.0568807,0.278824,0.10593,-1.9144e-12,0.274612,-0.182057,0.0942274,-0.128255,0.142028,-1.76672e-11,-0.0851738,-0.14742,6.86688e-12
2.372,0.0963446,0.0448382,0.247326,-0.235035,-0.0513068,-0.0577646,0.278824,0.10593,-1.9144e-12,0.274984,-0.182067,0.0941228,-0.128255,0.142028,-1.76672e-11,-0.0851738,-0.14742,6.86688e-12
2.373,0.096393,0.0445473,0.247285,-0.233342,-0.0514905,-0.0586473,0.278824,0.10593,-1.9144e-12,0.275354,-0.182077,0.0940149,-0.128255,0.142028,-1.76672e-11,-0.0851738,-0.14742,6.86688e-12
2.374,0.096441,0.0442564,0.247243,-0.23165,-0.0516707,-0.0595285,0.278824,0.10593,-1.9144e-12,0.275723,-0.182088,0.0939037,-0.128255,0.142028,-1.76672e-11,-0.0851738,-0.14742,6.86688e-12
2.375,0.0964887,0.0439655,0.2472,-0.229958,-0.0518473,-0.0604081,0.278824,0.10593,-1.9144e-12,0.27609,-0.182098,0.0937892,-0.128255,0.142028,-1.76672e-11,-0.0851738,-0.14742,6.86688e-12
2.376,0.096536,0.0436745,0.247156,-0.228267,-0.0520202,-0.0612859,0.278824,0.10593,-1.9144e-12,0.276455,-0.182108,0.0936714,-0.128255,0.142028,-1.76672e-11,-0.0851738,-0.14742,6.86688e-12
2.377,0.0965829,0.0433835,0.247111,-0.226577,-0.0521893,-0.0621618,0.278824,0.10593,-1.9144e-12,0.276819,-0.182118,0.0935504,-0.128255,0.142028,-1.76672e-11,-0.0851738,-0.14742,6.86688e-12
2.378,0.0966295,0.0430925,0.247065,-0.224888,-0.0523546,-0.0630354,0.278824,0.10593,-1.9144e-12,0.27718,-0.182128,0.0934261,-0.128255,0.142028,-1.76672e-11,-0.0851738,-0.14742,6.86688e-12
2.379,0.0966757,0.0428015,0.247018,-0.2232,-0.0525161,-0.0639067,0.278824,0.10593,-1.9144e-12,0.277541,-0.182138,0.0932986,-0.128255,0.142028,-1.76672e-11,-0.0851738,-0.14742,6.86688e-12
2.38,0.0967215,0.0425104,0.24697,-0.221514,-0.0526735,-0.0647754,0.278824,0.10593,-1.9144e-12,0.277899,-0.182148,0.0931679,-0.128255,0.142028,-1.76672e-11,-0.0851738,-0.14742,6.86688e-12
2.381,0.096767,0.0422194,0.246921,-0.21983,-0.052827,-0.0656413,0.278824,0.10593,-1.9144e-12,0.278256,-0.182157,0.0930341,-0.128255,0.142028,-1.76672e-11,-0.0851738,-0.14742,6.86688e-12
2.382,0.0968121,0.0419284,0.246871,-0.218148,-0.0529764,-0.0665043,0.278824,0.10593,-1.9144e-12,0.278611,-0.182167,0.0928971,-0.128255,0.142028,-1.76672e-11,-0.0851738,-0.14742,6.86688e-12
2.383,0.0968569,0.0416374,0.24682,-0.216468,-0.0531217,-0.0673642,0.278824,0.10593,-1.9144e-12,0.278965,-0.182177,0.0927569,-0.128255,0.142028,-1.76672e-11,-0.0851738,-0.14742,6.86688e-12
2.384,0.0969012,0.0413465,0.246768,-0.21479,-0.0532627,-0.0682207,0.278824,0.10593,-1.9144e-12,0.279316,-0.182187,0.0926137,-0.128255,0.142028,-1.76672e-11,-0.0851738,-0.14742,6.86688e-12
2.385,0.0969453,0.0410556,0.246715,-0.213114,-0.0533995,-0.0690737,0.278824,0.10593,-1.9144e-12,0.279666,-0.182196,0.0924673,-0.128255,0.142028,-1.76672e-11,-0.0851738,-0.14742,6.86688e-12
2.386,0.0969889,0.0407647,0.246661,-0.211442,-0.0535319,-0.0699229,0.278824,0.10593,-1.9144e-12,0.280015,-0.182206,0.0923179,-0.128255,0.142028,-1.76672e-11,-0.0851738,-0.14742,6.86688e-12
2.387,0.0970322,0.0404739,0.246606,-0.209772,-0.0536599,-0.0707683,0.278824,0.10593,-1.9144e-12,0.280362,-0.182215,0.0921655,-0.128255,0.142028,-1.76672e-11,-0.0851738,-0.14742,6.86688e-12
2.388,0.0970751,0.0401831,0.246551,-0.208105,-0.0537835,-0.0716096,0.278824,0.10593,-1.9144e-12,0.280707,-0.182225,0.09201,-0.128255,0.142028,-1.76672e-11,-0.0851738,-0.14742,6.86688e-12
2.389,0.0971177,0.0398924,0.246494,-0.206442,-0.0539025,-0.0724465,0.278824,0.10593,-1.9144e-12,0.28105,-0.182234,0.0918515,-0.128255,0.142028,-1.76672e-11,-0.0851738,-0.14742,6.86688e-12
2.39,0.0971599,0.0396018,0.246436,-0.204782,-0.0540169,-0.073279,0.278824,0.10593,-1.9144e-12,0.281392,-0.182244,0.09169,-0.128255,0.142028,-1.76672e-11,-0.0851738,-0.14742,6.86688e-12
2.391,0.0972017,0.0393112,0.246378,-0.203125,-0.0541267,-0.0741068,0.278824,0.10593,-1.9144e-12,0.281733,-0.182253,0.0915255,-0.128255,0.142028,-1.76672e-11,-0.0851738,-0.14742,6.86688e-12
2.392,0.0972431,0.0390208,0.246318,-0.201473,-0.0542317,-0.0749298,0.278824,0.10593,-1.9144e-12,0.282071,-0.182263,0.0913581,-0.128255,0.142028,-1.76672e-11,-0.0851738,-0.14742,6.86688e-12
2.393,0.0972842,0.0387304,0.246257,-0.199824,-0.0543319,-0.0757477,0.278824,0.10593,-1.9144e-12,0.282408,-0.182272,0.0911878,-0.128255,0.142028,-1.76672e-11,-0.0851738,-0.14742,6.86688e-12
2.394,0.0973249,0.0384401,0.246196,-0.19818,-0.0544273,-0.0765603,0.278824,0.10593,-1.9144e-12,0.282743,-0.182281,0.0910146,-0.128255,0.142028,-1.76672e-11,-0.0851738,-0.14742,6.86688e-12
2.395,0.0973653,0.0381499,0.246134,-0.19654,-0.0545177,-0.0773675,0.278824,0.10593,-1.9144e-12,0.283077,-0.18229,0.0908385,-0.128255,0.142028,-1.76672e-11,-0.0851738,-0.14742,6.86688e-12
2.396,0.0974052,0.0378599,0.24607,-0.194905,-0.0546032,-0.0781691,0.278824,0.10593,-1.9144e-12,0.283409,-0.182299,0.0906595,-0.128255,0.142028,-1.76672e-11,-0.0851738,-0.14742,6.86688e-12
2.397,0.0974448,0.0375699,0.246006,-0.193274,-0.0546836,-0.0789648,0.278824,0.10593,-1.9144e-12,0.28374,-0.182309,0.0904777,-0.128255,0.142028,-1.76672e-11,-0.0851738,-0.14742,6.86688e-12
2.398,0.0974841,0.0372801,0.24594,-0.191649,-0.0547589,-0.0797545,0.278824,0.10593,-1.9144e-12,0.284068,-0.182318,0.090293,-0.128255,0.142028,-1.76672e-11,-0.0851738,-0.14742,6.86688e-12
2.399,0.0975229,0.0369905,0.245874,-0.190028,-0.054829,-0.080538,0.278824,0.10593,-1.9144e-12,0.284396,-0.182327,0.0901056,-0.128255,0.142028,-1.76672e-11,-0.0851738,-0.14742,6.86688e-12
2.4,0.0975614,0.0367009,0.245807,-0.188413,-0.0548938,-0.0813151,0.278824,0.10593,-1.9144e-12,0.284721,-0.182336,0.0899154,-0.128255,0.142028,-1.76672e-11,-0.0851738,-0.14742,6.86688e-12
2.401,0.0975995,0.0364115,0.245739,-0.186804,-0.0549533,-0.0820857,0.278824,0.10593,-1.9144e-12,0.285045,-0.182345,0.0897224,-0.128255,0.142028,-1.76672e-11,-0.0851738,-0.14742,6.86688e-12
2.402,0.0976372,0.0361223,0.24567,-0.1852,-0.0550076,-0.0828495,0.278824,0.10593,-1.9144e-12,0.285368,-0.182353,0.0895267,-0.128255,0.142028,-1.76672e-11,-0.0851738,-0.14742,6.86688e-12
2.403,0.0976746,0.0358332,0.2456,-0.183601,-0.0550565,-0.0836066,0.278824,0.10593,-1.9144e-12,0.285688,-0.182362,0.0893282,-0.128255,0.142028,-1.76672e-11,-0.0851738,-0.14742,6.86688e-12
2.404,0.0977116,0.0355443,0.245529,-0.182009,-0.0551002,-0.0843568,0.278824,0.10593,-1.9144e-12,0.286008,-0.182371,0.0891271,-0.128255,0.142028,-1.76672e-11,-0.0851738,-0.14742,6.86688e-12
2.405,0.0977482,0.0352556,0.245457,-0.180423,-0.0551387,-0.0851,0.278824,0.10593,-1.9144e-12,0.286325,-0.18238,0.0889233,-0.128255,0.142028,-1.76672e-11,-0.0851738,-0.14742,6.86688e-12
2.406,0.0977845,0.034967,0.245385,-0.178842,-0.0551719,-0.0858361,0.278824,0.10593,-1.9144e-12,0.286641,-0.182389,0.0887168,-0.128255,0.142028,-1.76672e-11,-0.0851738,-0.14742,6.86688e-12
2.407,0.0978204,0.0346786,0.245311,-0.177268,-0.0551999,-0.0865651,0.278824,0.10593,-1.9144e-12,0.286956,-0.182397,0.0885077,-0.128255,0.142028,-1.76672e-11,-0.0851738,-0.14742,6.86688e-12
2.408,0.0978559,0.0343903,0.245237,-0.1757,-0.0552227,-0.0872868,0.278824,0.10593,-1.9144e-12,0.287269,-0.182406,0.0882959,-0.128255,0.142028,-1.76672e-11,-0.0851738,-0.14742,6.86688e-12
2.409,0.0978911,0.0341023,0.245161,-0.174138,-0.0552404,-0.0880012,0.278824,0.10593,-1.9144e-12,0.28758,-0.182414,0.0880816,-0.128255,0.142028,-1.76672e-11,-0.0851738,-0.14742,6.86688e-12
2.41,0.0979259,0.0338144,0.245085,-0.172582,-0.0552529,-0.0887081,0.278824,0.10593,-1.9144e-12,0.28789,-0.182423,0.0878647,-0.128255,0.142028,-1.76672e-11,-0.0851738,-0.14742,6.86688e-12
2.411,0.0979603,0.0335267,0.245008,-0.171033,-0.0552602,-0.0894075,0.278824,0.10593,-1.9144e-12,0.288198,-0.182431,0.0876453,-0.128255,0.142028,-1.76672e-11,-0.0851738,-0.14742,6.86688e-12
2.412,0.0979944,0.0332392,0.24493,-0.169491,-0.0552624,-0.0900992,0.278824,0.10593,-1.9144e-12,0.288504,-0.18244,0.0874233,-0.128255,0.142028,-1.76672e-11,-0.0851738,-0.14742,6.86688e-12
2.413,0.0980282,0.032952,0.244852,-0.167955,-0.0552596,-0.0907832,0.278824,0.10593,-1.9144e-12,0.288809,-0.182448,0.0871988,-0.128255,0.142028,-1.76672e-11,-0.0851738,-0.14742,6.86688e-12
2.414,0.0980615,0.0326649,0.244772,-0.166426,-0.0552516,-0.0914593,0.278824,0.10593,-1.9144e-12,0.289113,-0.182457,0.0869718,-0.128255,0.142028,-1.76672e-11,-0.0851738,-0.14742,6.86688e-12
2.415,0.0980946,0.032378,0.244692,-0.164904,-0.0552386,-0.0921275,0.278824,0.10593,-1.9144e-12,0.289415,-0.182465,0.0867423,-0.128255,0.142028,-1.76672e-11,-0.0851738,-0.14742,6.86688e-12
2.416,0.0981272,0.0320913,0.244611,-0.163389,-0.0552205,-0.0927877,0.278824,0.10593,-1.9144e-12,0.289715,-0.182473,0.0865104,-0.128255,0.142028,-1.76672e-11,-0.0851738,-0.14742,6.86688e-12
2.417,0.0981596,0.0318048,0.244529,-0.161881,-0.0551974,-0.0934397,0.278824,0.10593,-1.9144e-12,0.290014,-0.182482,0.0862761,-0.128255,0.142028,-1.76672e-11,-0.0851738,-0.14742,6.86688e-12
2.418,0.0981915,0.0315185,0.244447,-0.16038,-0.0551693,-0.0940836,0.278824,0.10593,-1.9144e-12,0.290311,-0.18249,0.0860393,-0.128255,0.142028,-1.76672e-11,-0.0851738,-0.14742,6.86688e-12
2.419,0.0982231,0.0312325,0.244364,-0.158886,-0.0551362,-0.0947191,0.278824,0.10593,-1.9144e-12,0.290607,-0.182498,0.0858002,-0.128255,0.142028,-1.76672e-11,-0.0851738,-0.14742,6.86688e-12
2.42,0.0982544,0.0309467,0.24428,-0.1574,-0.0550981,-0.0953462,0.278824,0.10593,-1.9144e-12,0.290901,-0.182506,0.0855587,-0.128255,0.142028,-1.76672e-11,-0.0851738,-0.14742,6.86688e-12
2.421,0.0982853,0.0306611,0.244195,-0.155921,-0.0550551,-0.0959648,0.278824,0.10593,-1.9144e-12,0.291194,-0.182514,0.0853148,-0.128255,0.142028,-1.76672e-11,-0.0851738,-0.14742,6.86688e-12
2.422,0.0983159,0.0303757,0.244109,-0.154449,-0.0550071,-0.0965748,0.278824,0.10593,-1.9144e-12,0.291485,-0.182522,0.0850687,-0.128255,0.142028,-1.76672e-11,-0.0851738,-0.14742,6.86688e-12
2.423,0.0983461,0.0300906,0.244023,-0.152986,-0.0549542,-0.0971761,0.278824,0.10593,-1.9144e-12,0.291775,-0.18253,0.0848202,-0.128255,0.142028,-1.76672e-11,-0.0851738,-0.14742,6.86688e-12
2.424,0.098376,0.0298057,0.243936,-0.15153,-0.0548964,-0.0977686,0.278824,0.10593,-1.9144e-12,0.292063,-0.182538,0.0845694,-0.128255,0.142028,-1.76672e-11,-0.0851738,-0.14742,6.86688e-12
2.425,0.0984056,0.0295211,0.243849,-0.150081,-0.0548337,-0.0983522,0.278824,0.10593,-1.9144e-12,0.292349,-0.182546,0.0843164,-0.128255,0.142028,-1.76672e-11,-0.0851738,-0.14742,6.86688e-12
2.426,0.0984348,0.0292367,0.24376,-0.148641,-0.0547661,-0.0989269,0.278824,0.10593,-1.9144e-12,0.292634,-0.182554,0.0840611,-0.128255,0.142028,-1.76672e-11,-0.0851738,-0.14742,6.86688e-12
2.427,0.0984637,0.0289525,0.243671,-0.147209,-0.0546937,-0.0994924,0.278824,0.10593,-1.9144e-12,0.292918,-0.182562,0.0838036,-0.128255,0.142028,-1.76672e-11,-0.0851738,-0.14742,6.86688e-12
2.428,0.0984922,0.0286686,0.243582,-0.145784,-0.0546164,-0.100049,0.278824,0.10593,-1.9144e-12,0.2932,-0.182569,0.0835439,-0.128255,0.142028,-1.76672e-11,-0.0851738,-0.14742,6.86688e-12
2.429,0.0985204,0.028385,0.243491,-0.144368,-0.0545344,-0.100596,0.278824,0.10593,-1.9144e-12,0.29348,-0.182577,0.083282,-0.128255,0.142028,-1.76672e-11,-0.0851738,-0.14742,6.86688e-12
2.43,0.0985482,0.0281016,0.243401,-0.14296,-0.0544475,-0.101134,0.278824,0.10593,-1.9144e-12,0.29376,-0.182585,0.0830179,-0.128255,0.142028,-1.76672e-11,-0.0851738,-0.14742,6.86688e-12
2.431,0.0985758,0.0278185,0.243309,-0.141561,-0.0543558,-0.101662,0.278824,0.10593,-1.9144e-12,0.294037,-0.182592,0.0827517,-0.128255,0.142028,-1.76672e-11,-0.0851738,-0.14742,6.86688e-12
2.432,0.098603,0.0275356,0.243217,-0.14017,-0.0542594,-0.102181,0.278824,0.10593,-1.9144e-12,0.294313,-0.1826,0.0824834,-0.128255,0.142028,-1.76672e-11,-0.0851738,-0.14742,6.86688e-12
2.433,0.0986298,0.027253,0.243124,-0.138788,-0.0541583,-0.10269,0.278824,0.10593,-1.9144e-12,0.294588,-0.182608,0.082213,-0.128255,0.142028,-1.76672e-11,-0.0851738,-0.14742,6.86688e-12
2.434,0.0986564,0.0269708,0.243031,-0.137414,-0.0540524,-0.103189,0.278824,0.10593,-1.9144e-12,0.294861,-0.182615,0.0819405,-0.128255,0.142028,-1.76672e-11,-0.0851738,-0.14742,6.86688e-12
2.435,0.0986826,0.0266887,0.242937,-0.136049,-0.0539418,-0.103678,0.278824,0.10593,-1.9144e-12,0.295132,-0.182623,0.081666,-0.128255,0.142028,-1.76672e-11,-0.0851738,-0.14742,6.86688e-12
2.436,0.0987084,0.026407,0.242842,-0.134693,-0.0538265,-0.104158,0.278824,0.10593,-1.9144e-12,0.295403,-0.18263,0.0813894,-0.128255,0.142028,-1.76672e-11,-0.0851738,-0.14742,6.86688e-12
2.437,0.098734,0.0261256,0.242747,-0.133346,-0.0537065,-0.104627,0.278824,0.10593,-1.9144e-12,0.295671,-0.182638,0.0811108,-0.128255,0.142028,-1.76672e-11,-0.0851738,-0.14742,6.86688e-12
2.438,0.0987592,0.0258444,0.242651,-0.132008,-0.0535819,-0.105087,0.278824,0.10593,-1.9144e-12,0.295939,-0.182645,0.0808302,-0.128255,0.142028,-1.76672e-11,-0.0851738,-0.14742,6.86688e-12
2.439,0.0987841,0.0255635,0.242555,-0.130679,-0.0534527,-0.105536,0.278824,0.10593,-1.9144e-12,0.296204,-0.182652,0.0805476,-0.128255,0.142028,-1.76672e-11,-0.0851738,-0.14742,6.86688e-12
2.44,0.0988087,0.025283,0.242458,-0.129359,-0.0533188,-0.105975,0.278824,0.10593,-1.9144e-12,0.296469,-0.182659,0.0802631,-0.128255,0.142028,-1.76672e-11,-0.0851738,-0.14742,6.86688e-12
2.441,0.098833,0.0250027,0.242361,-0.128049,-0.0531803,-0.106403,0.278824,0.10593,-1.9144e-12,0.296731,-0.182667,0.0799766,-0.128255,0.142028,-1.76672e-11,-0.0851738,-0.14742,6.86688e-12
2.442,0.0988569,0.0247228,0.242263,-0.126748,-0.0530373,-0.106821,0.278824,0.10593,-1.9144e-12,0.296993,-0.182674,0.0796883,-0.128255,0.142028,-1.76672e-11,-0.0851738,-0.14742,6.86688e-12
2.443,0.0988805,0.0244432,0.242164,-0.125456,-0.0528897,-0.107228,0.278824,0.10593,-1.9144e-12,0.297253,-0.182681,0.079398,-0.128255,0.142028,-1.76672e-11,-0.0851738,-0.14742,6.86688e-12
2.444,0.0989038,0.0241638,0.242065,-0.124174,-0.0527375,-0.107625,0.278824,0.10593,-1.9144e-12,0.297511,-0.182688,0.0791058,-0.128255,0.142028,-1.76672e-11,-0.0851738,-0.14742,6.86688e-12
2.445,0.0989268,0.0238848,0.241966,-0.122902,-0.0525808,-0.10801,0.278824,0.10593,-1.9144e-12,0.297768,-0.182695,0.0788119,-0.128255,0.142028,-1.76672e-11,-0.0851738,-0.14742,6.86688e-12
2.446,0.0989495,0.0236062,0.241866,-0.12164,-0.0524196,-0.108385,0.278824,0.10593,-1.9144e-12,0.298024,-0.182702,0.078516,-0.128255,0.142028,-1.76672e-11,-0.0851738,-0.14742,6.86688e-12
2.447,0.0989719,0.0233278,0.241766,-0.120387,-0.0522539,-0.108749,0.278824,0.10593,-1.9144e-12,0.298278,-0.182709,0.0782184,-0.128255,0.142028,-1.76672e-11,-0.0851738,-0.14742,6.86688e-12
2.448,0.0989939,0.0230498,0.241665,-0.119145,-0.0520837,-0.109102,0.278824,0.10593,-1.9144e-12,0.298531,-0.182716,0.077919,-0.128255,0.142028,-1.76672e-11,-0.0851738,-0.14742,6.86688e-12
2.449,0.0990157,0.0227721,0.241564,-0.117912,-0.051909,-0.109443,0.278824,0.10593,-1.9144e-12,0.298782,-0.182723,0.0776178,-0.128255,0.142028,-1.76672e-11,-0.0851738,-0.14742,6.86688e-12
2.45,0.0990371,0.0224948,0.241462,-0.11669,-0.05173,-0.109773,0.278824,0.10593,-1.9144e-12,0.299032,-0.18273,0.0773148,-0.128255,0.142028,-1.76672e-11,-0.0851738,-0.14742,6.86688e-12
2.451,0.0990582,0.0222178,0.24136,-0.115478,-0.0515464,-0.110092,0.278824,0.10593,-1.9144e-12,0.29928,-0.182737,0.0770102,-0.128255,0.142028,-1.76672e-11,-0.0851738,-0.14742,6.86688e-12
2.452,0.0990791,0.0219411,0.241257,-0.114277,-0.0513585,-0.1104,0.278824,0.10593,-1.9144e-12,0.299528,-0.182744,0.0767038,-0.128255,0.142028,-1.76672e-11,-0.0851738,-0.14742,6.86688e-12
2.453,0.0990996,0.0216648,0.241154,-0.113085,-0.0511662,-0.110696,0.278824,0.10593,-1.9144e-12,0.299773,-0.182751,0.0763957,-0.128255,0.142028,-1.76672e-11,-0.0851738,-0.14742,6.86688e-12
2.454,0.0991198,0.0213889,0.241051,-0.111905,-0.0509696,-0.11098,0.278824,0.10593,-1.9144e-12,0.300017,-0.182757,0.076086,-0.128255,0.142028,-1.76672e-11,-0.0851738,-0.14742,6.86688e-12
2.455,0.0991397,0.0211133,0.240947,-0.110735,-0.0507686,-0.111252,0.278824,0.10593,-1.9144e-12,0.30026,-0.182764,0.0757746,-0.128255,0.142028,-1.76672e-11,-0.0851738,-0.14742,6.86688e-12
2.456,0.0991593,0.020838,0.240843,-0.109576,-0.0505632,-0.111513,0.278824,0.10593,-1.9144e-12,0.300502,-0.182771,0.0754616,-0.128255,0.142028,-1.76672e-11,-0.0851738,-0.14742,6.86688e-12
2.457,0.0991786,0.0205632,0.240739,-0.108427,-0.0503535,-0.111761,0.278824,0.10593,-1.9144e-12,0.300742,-0.182777,0.075147,-0.128255,0.142028,-1.76672e-11,-0.0851738,-0.14742,6.86688e-12
2.458,0.0991976,0.0202887,0.240634,-0.10729,-0.0501396,-0.111998,0.278824,0.10593,-1.9144e-12,0.30098,-0.182784,0.0748308,-0.128255,0.142028,-1.76672e-11,-0.0851738,-0.14742,6.86688e-12
2.459,0.0992164,0.0200145,0.240529,-0.106164,-0.0499213,-0.112222,0.278824,0.10593,-1.9144e-12,0.301218,-0.18279,0.0745131,-0.128255,0.142028,-1.76672e-11,-0.0851738,-0.14742,6.86688e-12
2.46,0.0992348,0.0197408,0.240423,-0.105048,-0.0496988,-0.112434,0.278824,0.10593,-1.9144e-12,0.301453,-0.182797,0.0741938,-0.128255,0.142028,-1.76672e-11,-0.0851738,-0.14742,6.86688e-12
2.461,0.0992529,0.0194674,0.240317,-0.103944,-0.0494721,-0.112634,0.278824,0.10593,-1.9144e-12,0.301688,-0.182803,0.073873,-0.128255,0.142028,-1.76672e-11,-0.0851738,-0.14742,6.86688e-12
2.462,0.0992707,0.0191945,0.240211,-0.102852,-0.0492411,-0.112822,0.278824,0.10593,-1.9144e-12,0.301921,-0.18281,0.0735506,-0.128255,0.142028,-1.76672e-11,-0.0851738,-0.14742,6.86688e-12
2.463,0.0992883,0.0189219,0.240104,-0.10177,-0.0490059,-0.112996,0.278824,0.10593,-1.9144e-12,0.302153,-0.182816,0.0732268,-0.128255,0.142028,-1.76672e-11,-0.0851738,-0.14742,6.86688e-12
2.464,0.0993055,0.0186497,0.239998,-0.100701,-0.0487665,-0.113159,0.278824,0.10593,-1.9144e-12,0.302383,-0.182823,0.0729016,-0.128255,0.142028,-1.76672e-11,-0.0851738,-0.14742,6.86688e-12
2.465,0.0993225,0.0183779,0.239891,-0.0996425,-0.048523,-0.113308,0.278824,0.10593,-1.9144e-12,0.302612,-0.182829,0.0725749,-0.128255,0.142028,-1.76672e-11,-0.0851738,-0.14742,6.86688e-12
2.466,0.0993392,0.0181065,0.239783,-0.098596,-0.0482753,-0.113445,0.278824,0.10593,-1.9144e-12,0.30284,-0.182835,0.0722468,-0.128255,0.142028,-1.76672e-11,-0.0851738,-0.14742,6.86688e-12
2.467,0.0993555,0.0178355,0.239676,-0.0975613,-0.0480234,-0.113569,0.278824,0.10593,-1.9144e-12,0.303066,-0.182841,0.0719173,-0.128255,0.142028,-1.76672e-11,-0.0851738,-0.14742,6.86688e-12
2.468,0.0993717,0.0175649,0.239568,-0.0965385,-0.0477674,-0.113679,0.278824,0.10593,-1.9144e-12,0.303291,-0.182848,0.0715864,-0.128255,0.142028,-1.76672e-11,-0.0851738,-0.14742,6.86688e-12
2.469,0.0993875,0.0172947,0.239459,-0.0955277,-0.0475074,-0.113777,0.278824,0.10593,-1.9144e-12,0.303515,-0.182854,0.0712542,-0.128255,0.142028,-1.76672e-11,-0.0851738,-0.14742,6.86688e-12
2.47,0.099403,0.0170249,0.239351,-0.0945289,-0.0472432,-0.113862,0.278824,0.10593,-1.9144e-12,0.303737,-0.18286,0.0709206,-0.128255,0.142028,-1.76672e-11,-0.0851738,-0.14742,6.86688e-12
2.471,0.0994183,0.0167556,0.239242,-0.0935423,-0.046975,-0.113933,0.278824,0.10593,-1.9144e-12,0.303958,-0.182866,0.0705857,-0.128255,0.142028,-1.76672e-11,-0.0851738,-0.14742,6.86688e-12
2.472,0.0994332,0.0164867,0.239134,-0.092568,-0.0467028,-0.113991,0.278824,0.10593,-1.9144e-12,0.304177,-0.182872,0.0702495,-0.128255,0.142028,-1.76672e-11,-0.0851738,-0.14742,6.86688e-12
2.473,0.0994479,0.0162182,0.239024,-0.091606,-0.0464265,-0.114035,0.278824,0.10593,-1.9144e-12,0.304395,-0.182878,0.069912,-0.128255,0.142028,-1.76672e-11,-0.0851738,-0.14742,6.86688e-12
2.474,0.0994624,0.0159501,0.238915,-0.0906564,-0.0461462,-0.114066,0.278824,0.10593,-1.9144e-12,0.304612,-0.182884,0.0695733,-0.128255,0.142028,-1.76672e-11,-0.0851738,-0.14742,6.86688e-12
2.475,0.0994765,0.0156825,0.238806,-0.0897195,-0.0458619,-0.114083,0.278824,0.10593,-1.9144e-12,0.304828,-0.18289,0.0692334,-0.128255,0.142028,-1.76672e-11,-0.0851738,-0.14742,6.86688e-12
2.476,0.0994904,0.0154153,0.238696,-0.0887951,-0.0455736,-0.114086,0.278824,0.10593,-1.9144e-12,0.305042,-0.182896,0.0688922,-0.128255,0.142028,-1.76672e-11,-0.0851738,-0.14742,6.86688e-12
2.477,0.099504,0.0151486,0.238586,-0.0878835,-0.0452814,-0.114075,0.278824,0.10593,-1.9144e-12,0.305255,-0.182902,0.0685499,-0.128255,0.142028,-1.76672e-11,-0.0851738,-0.14742,6.86688e-12
2.478,0.0995173,0.0148823,0.238476,-0.0869847,-0.0449852,-0.114051,0.278824,0.10593,-1.9144e-12,0.305466,-0.182908,0.0682064,-0.128255,0.142028,-1.76672e-11,-0.0851738,-0.14742,6.86688e-12
2.479,0.0995303,0.0146165,0.238366,-0.0860989,-0.0446851,-0.114012,0.278824,0.10593,-1.9144e-12,0.305677,-0.182913,0.0678617,-0.128255,0.142028,-1.76672e-11,-0.0851738,-0.14742,6.86688e-12
2.48,0.0995431,0.0143511,0.238256,-0.0852261,-0.0443811,-0.113959,0.278824,0.10593,-1.9144e-12,0.305886,-0.182919,0.0675159,-0.128255,0.142028,-1.76672e-11,-0.0851738,-0.14742,6.86688e-12
2.481,0.0995556,0.0140862,0.238146,-0.0843663,-0.0440732,-0.113892,0.278824,0.10593,-1.9144e-12,0.306093,-0.182925,0.067169,-0.128255,0.142028,-1.76672e-11,-0.0851738,-0.14742,6.86688e-12
2.482,0.0995679,0.0138217,0.238035,-0.0835198,-0.0437615,-0.113811,0.278824,0.10593,-1.9144e-12,0.3063,-0.182931,0.066821,-0.128255,0.142028,-1.76672e-11,-0.0851738,-0.14742,6.86688e-12
2.483,0.0995799,0.0135577,0.237925,-0.0826866,-0.0434459,-0.113715,0.278824,0.10593,-1.9144e-12,0.306505,-0.182936,0.0664719,-0.128255,0.142028,-1.76672e-11,-0.0851738,-0.14742,6.86688e-12
2.484,0.0995916,0.0132942,0.237814,-0.0818668,-0.0431264,-0.113605,0.278824,0.10593,-1.9144e-12,0.306708,-0.182942,0.0661218,-0.128255,0.142028,-1.76672e-11,-0.0851738,-0.14742,6.86688e-12
2.485,0.099603,0.0130311,0.237703,-0.0810605,-0.0428032,-0.11348,0.278824,0.10593,-1.9144e-12,0.306911,-0.182947,0.0657707,-0.128255,0.142028,-1.76672e-11,-0.0851738,-0.14742,6.86688e-12
2.486,0.0996142,0.0127685,0.237592,-0.0802678,-0.0424761,-0.11334,0.278824,0.10593,-1.9144e-12,0.307112,-0.182953,0.0654185,-0.128255,0.142028,-1.76672e-11,-0.0851738,-0.14742,6.86688e-12
2.487,0.0996252,0.0125064,0.237481,-0.0794888,-0.0421453,-0.113185,0.278824,0.10593,-1.9144e-12,0.307312,-0.182958,0.0650654,-0.128255,0.142028,-1.76672e-11,-0.0851738,-0.14742,6.86688e-12
2.488,0.0996358,0.0122448,0.23737,-0.0787235,-0.0418107,-0.113016,0.278824,0.10593,-1.9144e-12,0.30751,-0.182964,0.0647113,-0.128255,0.142028,-1.76672e-11,-0.0851738,-0.14742,6.86688e-12
2.489,0.0996463,0.0119837,0.237259,-0.0779721,-0.0414724,-0.112832,0.278824,0.10593,-1.9144e-12,0.307708,-0.182969,0.0643563,-0.128255,0.142028,-1.76672e-11,-0.0851738,-0.14742,6.86688e-12
2.49,0.0996564,0.0117231,0.237148,-0.0772347,-0.0411303,-0.112632,0.278824,0.10593,-1.9144e-12,0.307904,-0.182975,0.0640004,-0.128255,0.142028,-1.76672e-11,-0.0851738,-0.14742,6.86688e-12
2.491,0.0996663,0.0114629,0.237037,-0.0765113,-0.0407845,-0.112417,0.278824,0.10593,-1.9144e-12,0.308099,-0.18298,0.0636435,-0.128255,0.142028,-1.76672e-11,-0.0851738,-0.14742,6.86688e-12
2.492,0.099676,0.0112033,0.236926,-0.0758021,-0.0404351,-0.112187,0.278824,0.10593,-1.9144e-12,0.308292,-0.182985,0.0632858,-0.128255,0.142028,-1.76672e-11,-0.0851738,-0.14742,6.86688e-12
2.493,0.0996854,0.0109442,0.236815,-0.0751072,-0.0400819,-0.111941,0.278824,0.10593,-1.9144e-12,0.308484,-0.182991,0.0629272,-0.128255,0.142028,-1.76672e-11,-0.0851738,-0.14742,6.86688e-12
2.494,0.0996945,0.0106856,0.236704,-0.0744266,-0.0397252,-0.11168,0.278824,0.10593,-1.9144e-12,0.308675,-0.182996,0.0625677,-0.128255,0.142028,-1.76672e-11,-0.0851738,-0.14742,6.86688e-12
2.495,0.0997034,0.0104275,0.236593,-0.0737604,-0.0393647,-0.111404,0.278824,0.10593,-1.9144e-12,0.308865,-0.183001,0.0622075,-0.128255,0.142028,-1.76672e-11,-0.0851738,-0.14742,6.86688e-12
2.496,0.0997121,0.0101699,0.236482,-0.0731088,-0.0390007,-0.111111,0.278824,0.10593,-1.9144e-12,0.309053,-0.183006,0.0618464,-0.128255,0.142028,-1.76672e-11,-0.0851738,-0.14742,6.86688e-12
2.497,0.0997205,0.00991283,0.236371,-0.0724718,-0.0386331,-0.110803,0.278824,0.10593,-1.9144e-12,0.309241,-0.183012,0.0614846,-0.128255,0.142028,-1.76672e-11,-0.0851738,-0.14742,6.86688e-12
2.498,0.0997287,0.00965629,0.23626,-0.0718495,-0.0382618,-0.110479,0.278824,0.10593,-1.9144e-12,0.309427,-0.183017,0.061122,-0.128255,0.142028,-1.76672e-11,-0.0851738,-0.14742,6.86688e-12
2.499,0.0997366,0.00940028,0.236149,-0.0712421,-0.037887,-0.110139,0.278824,0.10593,-1.9144e-12,0.309611,-0.183022,0.0607587,-0.128255,0.142028,-1.76672e-11,-0.0851738,-0.14742,6.86688e-12
2.5,0.0997442,0.0091448,0.236038,-0.0706495,-0.0375087,-0.109783,0.278824,0.10593,-1.9144e-12,0.309795,-0.183027,0.0603946,-0.128255,0.142028,-1.76672e-11,-0.0851738,-0.14742,6.86688e-12
2.501,0.0997517,0.00888985,0.235927,-0.0700719,-0.0371268,-0.109411,0.278824,0.10593,-1.9144e-12,0.309977,-0.183032,0.0600299,-0.128255,0.142028,-1.76672e-11,-0.0851738,-0.14742,6.86688e-12
2.502,0.0997589,0.00863544,0.235817,-0.0695091,-0.0367415,-0.109023,0.278824,0.10593,-1.9144e-12,0.310158,-0.183037,0.0596645,-0.128255,0.142028,-1.76672e-11,-0.0851738,-0.14742,6.86688e-12
2.503,0.0997658,0.00838156,0.235706,-0.0689607,-0.0363526,-0.10862,0.278824,0.10593,-1.9144e-12,0.310338,-0.183042,0.0592984,-0.128255,0.142028,-1.76672e-11,-0.0851738,-0.14742,6.86688e-12
2.504,0.0997725,0.0081282,0.235595,-0.0684266,-0.0359603,-0.1082,0.278824,0.10593,-1.9144e-12,0.310517,-0.183047,0.0589317,-0.128255,0.142028,-1.76672e-11,-0.0851738,-0.14742,6.86688e-12
2.505,0.099779,0.00787537,0.235485,-0.0679064,-0.0355646,-0.107766,0.278824,0.10593,-1.9144e-12,0.310694,-0.183052,0.0585644,-0.128255,0.142028,-1.76672e-11,-0.0851738,-0.14742,6.86688e-12
2.506,0.0997853,0.00762306,0.235375,-0.0673999,-0.0351655,-0.107317,0.278824,0.10593,-1.9144e-12,0.31087,-0.183057,0.0581965,-0.128255,0.142028,-1.76672e-11,-0.0851738,-0.14742,6.86688e-12
2.507,0.0997913,0.00737126,0.235265,-0.0669069,-0.034763,-0.106853,0.278824,0.10593,-1.9144e-12,0.311045,-0.183061,0.057828,-0.128255,0.142028,-1.76672e-11,-0.0851738,-0.14742,6.86688e-12
2.508,0.0997971,0.00711998,0.235155,-0.066427,-0.0343571,-0.106375,0.278824,0.10593,-1.9144e-12,0.311219,-0.183066,0.057459,-0.128255,0.142028,-1.76672e-11,-0.0851738,-0.14742,6.86688e-12
2.509,0.0998026,0.00686921,0.235045,-0.0659601,-0.0339479,-0.105883,0.278824,0.10593,-1.9144e-12,0.311391,-0.183071,0.0570894,-0.128255,0.142028,-1.76672e-11,-0.0851738,-0.14742,6.86688e-12
2.51,0.099808,0.00661895,0.234936,-0.0655058,-0.0335355,-0.105377,0.278824,0.10593,-1.9144e-12,0.311563,-0.183076,0.0567194,-0.128255,0.142028,-1.76672e-11,-0.0851738,-0.14742,6.86688e-12
2.511,0.0998131,0.00636919,0.234826,-0.0650638,-0.0331197,-0.104857,0.278824,0.10593,-1.9144e-12,0.311733,-0.18308,0.0563488,-0.128255,0.142028,-1.76672e-11,-0.0851738,-0.14742,6.86688e-12
2.512,0.099818,0.00611994,0.234717,-0.064634,-0.0327007,-0.104324,0.278824,0.10593,-1.9144e-12,0.311902,-0.183085,0.0559778,-0.128255,0.142028,-1.76672e-11,-0.0851738,-0.14742,6.86688e-12
2.513,0.0998226,0.00587118,0.234608,-0.0642161,-0.0322785,-0.103777,0.278824,0.10593,-1.9144e-12,0.31207,-0.18309,0.0556063,-0.128255,0.142028,-1.76672e-11,-0.0851738,-0.14742,6.86688e-12
2.514,0.0998271,0.00562292,0.2345,-0.0638097,-0.0318531,-0.103218,0.278824,0.10593,-1.9144e-12,0.312236,-0.183094,0.0552344,-0.128255,0.142028,-1.76672e-11,-0.0851738,-0.14742,6.86688e-12
2.515,0.0998313,0.00537515,0.234391,-0.0634147,-0.0314245,-0.102646,0.278824,0.10593,-1.9144e-12,0.312401,-0.183099,0.0548621,-0.128255,0.142028,-1.76672e-11,-0.0851738,-0.14742,6.86688e-12
2.516,0.0998354,0.00512786,0.234283,-0.0630307,-0.0309928,-0.102062,0.278824,0.10593,-1.9144e-12,0.312566,-0.183103,0.0544894,-0.128255,0.142028,-1.76672e-11,-0.0851738,-0.14742,6.86688e-12
2.517,0.0998392,0.00488107,0.234175,-0.0626576,-0.030558,-0.101466,0.278824,0.10593,-1.9144e-12,0.312729,-0.183108,0.0541163,-0.128255,0.142028,-1.76672e-11,-0.0851738,-0.14742,6.86688e-12
2.518,0.0998428,0.00463475,0.234068,-0.062295,-0.0301201,-0.100858,0.278824,0.10593,-1.9144e-12,0.312891,-0.183112,0.0537429,-0.128255,0.142028,-1.76672e-11,-0.0851738,-0.14742,6.86688e-12
2.519,0.0998462,0.00438892,0.23396,-0.0619427,-0.0296791,-0.100238,0.278824,0.10593,-1.9144e-12,0.313051,-0.183117,0.0533692,-0.128255,0.142028,-1.76672e-11,-0.0851738,-0.14742,6.86688e-12
2.52,0.0998493,0.00414356,0.233853,-0.0616004,-0.029235,-0.0996074,0.278824,0.10593,-1.9144e-12,0.313211,-0.183121,0.0529952,-0.128255,0.142028,-1.76672e-11,-0.0851738,-0.14742,6.86688e-12
2.521,0.0998523,0.00389867,0.233747,-0.0612679,-0.028788,-0.0989653,0.278824,0.10593,-1.9144e-12,0.313369,-0.183125,0.0526209,-0.128255,0.142028,-1.76672e-11,-0.0851738,-0.14742,6.86688e-12
2.522,0.0998551,0.00365426,0.233641,-0.0609449,-0.0283379,-0.0983124,0.278824,0.10593,-1.9144e-12,0.313527,-0.18313,0.0522463,-0.128255,0.142028,-1.76672e-11,-0.0851738,-0.14742,6.86688e-12
2.523,0.0998577,0.00341031,0.233535,-0.0606311,-0.0278849,-0.097649,0.278824,0.10593,-1.9144e-12,0.313683,-0.183134,0.0518715,-0.128255,0.142028,-1.76672e-11,-0.0851738,-0.14742,6.86688e-12
2.524,0.09986,0.00316682,0.233429,-0.0603263,-0.027429,-0.0969752,0.278824,0.10593,-1.9144e-12,0.313838,-0.183138,0.0514965,-0.128255,0.142028,-1.76672e-11,-0.0851738,-0.14742,6.86688e-12
2.525,0.0998622,0.0029238,0.233324,-0.0600301,-0.0269702,-0.0962913,0.278824,0.10593,-1.9144e-12,0.313991,-0.183143,0.0511212,-0.128255,0.142028,-1.76672e-11,-0.0851738,-0.14742,6.86688e-12
2.526,0.0998642,0.00268123,0.233219,-0.0597425,-0.0265084,-0.0955977,0.278824,0.10593,-1.9144e-12,0.314144,-0.183147,0.0507458,-0.128255,0.142028,-1.76672e-11,-0.0851738,-0.14742,6.86688e-12
2.527,0.099866,0.00243912,0.233115,-0.059463,-0.0260438,-0.0948945,0.278824,0.10593,-1.9144e-12,0.314296,-0.183151,0.0503702,-0.128255,0.142028,-1.76672e-11,-0.0851738,-0.14742,6.86688e-12
2.528,0.0998675,0.00219746,0.233011,-0.0591914,-0.0255764,-0.094182,0.278824,0.10593,-1.9144e-12,0.314446,-0.183155,0.0499945,-0.128255,0.142028,-1.76672e-11,-0.0851738,-0.14742,6.86688e-12
2.529,0.0998689,0.00195624,0.232907,-0.0589275,-0.0251062,-0.0934604,0.278824,0.10593,-1.9144e-12,0.314595,-0.183159,0.0496187,-0.128255,0.142028,-1.76672e-11,-0.0851738,-0.14742,6.86688e-12
2.53,0.0998702,0.00171547,0.232804,-0.058671,-0.0246331,-0.0927301,0.278824,0.10593,-1.9144e-12,0.314743,-0.183163,0.0492428,-0.128255,0.142028,6.89653e-09,-0.0851738,-0.14742,6.86688e-12
2.531,0.0998712,0.00147514,0.232702,-0.0584217,-0.0241574,-0.0919912,0.278824,0.10593,-1.9144e-12,0.31489,-0.183167,0.0488668,-0.128254,0.142028,2.16235e-06,-0.0851738,-0.14742,6.86688e-12
2.532,0.099872,0.00123525,0.2326,-0.0581792,-0.0236788,-0.091244,0.278824,0.10593,-1.9144e-12,0.315036,-0.183171,0.0484907,-0.128254,0.142028,8.15339e-06,-0.0851738,-0.14742,6.86688e-12
2.533,0.0998727,0.000995799,0.232498,-0.0579433,-0.0231976,-0.0904888,0.278824,0.10593,-1.9144e-12,0.315181,-0.183175,0.0481146,-0.128253,0.142028,1.79598e-05,-0.0851738,-0.14742,6.86688e-12
2.534,0.0998731,0.000756776,0.232397,-0.0577138,-0.0227137,-0.0897259,0.278824,0.10593,-1.9144e-12,0.315325,-0.183179,0.0477385,-0.128251,0.142028,3.15614e-05,-0.0851738,-0.14742,6.86688e-12
2.535,0.0998734,0.000518183,0.232296,-0.0574903,-0.0222272,-0.0889554,0.278824,0.10593,-1.9144e-12,0.315467,-0.183183,0.0473624,-0.12825,0.142029,4.8938e-05,-0.0851738,-0.14742,6.86688e-12
2.536,0.0998735,0.000280015,0.232196,-0.0572727,-0.021738,-0.0881776,0.278824,0.10593,-1.9144e-12,0.315609,-0.183187,0.0469863,-0.128247,0.142029,7.00693e-05,-0.0851738,-0.14742,6.86688e-12
2.537,0.0998735,4.22697e-05,0.232096,-0.0570606,-0.0212462,-0.0873929,0.278824,0.10593,-1.9144e-12,0.315749,-0.183191,0.0466103,-0.128245,0.142029,9.49352e-05,-0.0851738,-0.14742,6.86688e-12
2.538,0.0998732,-0.000195056,0.231997,-0.0568538,-0.0207519,-0.0866014,0.278824,0.10593,-1.9144e-12,0.315888,-0.183195,0.0462344,-0.128242,0.142029,0.000123515,-0.0851738,-0.14742,6.86688e-12
2.539,0.0998728,-0.000431965,0.231899,-0.0566521,-0.020255,-0.0858033,0.278824,0.10593,-1.9144e-12,0.316027,-0.183199,0.0458585,-0.128238,0.142029,0.00015579,-0.0851738,-0.14742,6.86688e-12
2.54,0.0998723,-0.000668462,0.231801,-0.0564551,-0.0197555,-0.0849991,0.278824,0.10593,-1.9144e-12,0.316164,-0.183202,0.0454827,-0.128235,0.14203,0.000191738,-0.0851738,-0.14742,6.86688e-12
2.541,0.0998715,-0.000904548,0.231704,-0.0562627,-0.0192536,-0.0841888,0.278824,0.10593,-1.9144e-12,0.3163,-0.183206,0.0451071,-0.12823,0.14203,0.00023134,-0.0851738,-0.14742,6.86688e-12
2.542,0.0998706,-0.00114023,0.231607,-0.0560745,-0.0187492,-0.0833728,0.278824,0.10593,-1.9144e-12,0.316435,-0.18321,0.0447316,-0.128226,0.14203,0.000274575,-0.0851738,-0.14742,6.86688e-12
2.543,0.0998695,-0.0013755,0.231511,-0.0558902,-0.0182423,-0.0825513,0.278824,0.10593,-1.9144e-12,0.316568,-0.183214,0.0443563,-0.128221,0.14203,0.000321424,-0.0851738,-0.14742,6.86688e-12
2.544,0.0998683,-0.00161038,0.231415,-0.0557097,-0.017733,-0.0817246,0.278824,0.10593,-1.9144e-12,0.316701,-0.183217,0.0439812,-0.128215,0.142031,0.000371866,-0.0851738,-0.14742,6.86688e-12
2.545,0.0998669,-0.00184485,0.23132,-0.0555327,-0.0172214,-0.0808929,0.278824,0.10593,-1.9144e-12,0.316833,-0.183221,0.0436063,-0.128209,0.142031,0.000425881,-0.0851738,-0.14742,6.86688e-12
2.546,0.0998653,-0.00207894,0.231226,-0.0553588,-0.0167073,-0.0800565,0.278824,0.10593,-1.9144e-12,0.316964,-0.183224,0.0432317,-0.128203,0.142032,0.000483448,-0.0851738,-0.14742,6.86688e-12
2.547,0.0998636,-0.00231263,0.231133,-0.0551879,-0.0161909,-0.0792156,0.278824,0.10593,-1.9144e-12,0.317093,-0.183228,0.0428573,-0.128196,0.142032,0.000544548,-0.0851738,-0.14742,6.86688e-12
2.548,0.0998617,-0.00254593,0.23104,-0.0550197,-0.0156722,-0.0783705,0.278824,0.10593,-1.9144e-12,0.317222,-0.183232,0.0424831,-0.128189,0.142033,0.000609161,-0.0851738,-0.14742,6.86688e-12
2.549,0.0998596,-0.00277885,0.230947,-0.0548539,-0.0151512,-0.0775214,0.278824,0.10593,-1.9144e-12,0.317349,-0.183235,0.0421093,-0.128181,0.142033,0.000677265,-0.0851738,-0.14742,6.86688e-12
2.55,0.0998575,-0.00301139,0.230856,-0.0546902,-0.0146279,-0.0766687,0.278824,0.10593,-1.9144e-12,0.317476,-0.183239,0.0417358,-0.128173,0.142034,0.000748841,-0.0851738,-0.14742,6.86688e-12
2.551,0.0998551,-0.00324355,0.230765,-0.0545284,-0.0141024,-0.0758124,0.278824,0.10593,-1.9144e-12,0.317601,-0.183242,0.0413626,-0.128164,0.142034,0.000823869,-0.0851738,-0.14742,6.86688e-12
2.552,0.0998526,-0.00347533,0.230675,-0.0543682,-0.0135747,-0.074953,0.278824,0.10593,-1.9144e-12,0.317725,-0.183245,0.0409897,-0.128155,0.142035,0.000902328,-0.0851738,-0.14742,6.86688e-12
2.553,0.09985,-0.00370674,0.230586,-0.0542094,-0.0130448,-0.0740907,0.278824,0.10593,-1.9144e-12,0.317849,-0.183249,0.0406173,-0.128146,0.142036,0.000984198,-0.0851738,-0.14742,6.86688e-12
2.554,0.0998472,-0.00393778,0.230497,-0.0540517,-0.0125127,-0.0732256,0.278824,0.10593,-1.9144e-12,0.317971,-0.183252,0.0402452,-0.128136,0.142036,0.00106946,-0.0851738,-0.14742,6.86688e-12
2.555,0.0998443,-0.00416846,0.230409,-0.0538948,-0.0119784,-0.0723582,0.278824,0.10593,-1.9144e-12,0.318092,-0.183256,0.0398736,-0.128125,0.142037,0.00115809,-0.0851738,-0.14742,6.86688e-12
2.556,0.0998412,-0.00439877,0.230322,-0.0537385,-0.0114421,-0.0714885,0.278824,0.10593,-1.9144e-12,0.318212,-0.183259,0.0395024,-0.128114,0.142038,0.00125007,-0.0851738,-0.14742,6.86688e-12
2.557,0.099838,-0.00462873,0.230236,-0.0535825,-0.0109037,-0.0706169,0.278824,0.10593,-1.9144e-12,0.318331,-0.183262,0.0391317,-0.128103,0.142039,0.00134539,-0.0851738,-0.14742,6.86688e-12
2.558,0.0998347,-0.00485832,0.230151,-0.0534266,-0.0103632,-0.0697437,0.278824,0.10593,-1.9144e-12,0.31845,-0.183265,0.0387614,-0.128091,0.142039,0.00144401,-0.0851738,-0.14742,6.86688e-12
2.559,0.0998312,-0.00508757,0.230066,-0.0532704,-0.00982065,-0.068869,0.278824,0.10593,-1.9144e-12,0.318567,-0.183269,0.0383917,-0.128078,0.14204,0.00154593,-0.0851738,-0.14742,6.86688e-12
2.56,0.0998276,-0.00531646,0.229982,-0.0531137,-0.00927611,-0.0679932,0.278824,0.10593,-1.9144e-12,0.318683,-0.183272,0.0380225,-0.128065,0.142041,0.00165111,-0.0851738,-0.14742,6.86688e-12
2.561,0.0998238,-0.00554501,0.229899,-0.0529564,-0.00872959,-0.0671165,0.278824,0.10593,-1.9144e-12,0.318798,-0.183275,0.0376538,-0.128052,0.142042,0.00175954,-0.0851738,-0.14742,6.86688e-12
2.562,0.09982,-0.00577321,0.229817,-0.052798,-0.0081811,-0.0662391,0.278824,0.10593,-1.9144e-12,0.318912,-0.183278,0.0372857,-0.128038,0.142043,0.0018712,-0.0851738,-0.14742,6.86688e-12
2.563,0.0998159,-0.00600107,0.229736,-0.0526383,-0.00763069,-0.0653613,0.278824,0.10593,-1.9144e-12,0.319025,-0.183281,0.0369181,-0.128024,0.142044,0.00198607,-0.0851738,-0.14742,6.86688e-12
2.564,0.0998118,-0.0062286,0.229656,-0.0524771,-0.00707836,-0.0644834,0.278824,0.10593,-1.9144e-12,0.319137,-0.183284,0.0365512,-0.128009,0.142045,0.00210413,-0.0851738,-0.14742,6.86688e-12
2.565,0.0998076,-0.00645578,0.229576,-0.0523142,-0.00652416,-0.0636056,0.278824,0.10593,-1.9144e-12,0.319248,-0.183287,0.0361849,-0.127994,0.142046,0.00222536,-0.0851738,-0.14742,6.86688e-12
2.566,0.0998032,-0.00668264,0.229497,-0.0521491,-0.00596809,-0.0627281,0.278824,0.10593,-1.9144e-12,0.319359,-0.183291,0.0358193,-0.127978,0.142047,0.00234974,-0.0851738,-0.14742,6.86688e-12
2.567,0.0997987,-0.00690917,0.22942,-0.0519818,-0.0054102,-0.0618513,0.278824,0.10593,-1.9144e-12,0.319468,-0.183294,0.0354543,-0.127961,0.142048,0.00247725,-0.0851738,-0.14742,6.86688e-12
2.568,0.099794,-0.00713538,0.229343,-0.0518119,-0.0048505,-0.0609753,0.278824,0.10593,-1.9144e-12,0.319576,-0.183297,0.03509,-0.127944,0.142049,0.00260786,-0.0851738,-0.14742,6.86688e-12
2.569,0.0997893,-0.00736126,0.229267,-0.0516391,-0.00428902,-0.0601005,0.278824,0.10593,-1.9144e-12,0.319683,-0.183299,0.0347264,-0.127927,0.14205,0.00274156,-0.0851738,-0.14742,6.86688e-12
2.57,0.0997844,-0.00758682,0.229192,-0.0514633,-0.00372579,-0.0592271,0.278824,0.10593,-1.9144e-12,0.319789,-0.183302,0.0343635,-0.127909,0.142052,0.00287833,-0.0851738,-0.14742,6.86688e-12
2.571,0.0997795,-0.00781207,0.229119,-0.0512841,-0.00316084,-0.0583553,0.278824,0.10593,-1.9144e-12,0.319894,-0.183305,0.0340014,-0.127891,0.142053,0.00301815,-0.0851738,-0.14742,6.86688e-12
2.572,0.0997744,-0.00803701,0.229046,-0.0511012,-0.00259418,-0.0574853,0.278824,0.10593,-1.9144e-12,0.319999,-0.183308,0.0336401,-0.127872,0.142054,0.00316099,-0.0851738,-0.14742,6.86688e-12
2.573,0.0997692,-0.00826164,0.228974,-0.0509145,-0.00202584,-0.0566176,0.278824,0.10593,-1.9144e-12,0.320102,-0.183311,0.0332795,-0.127852,0.142056,0.00330684,-0.0851738,-0.14742,6.86688e-12
2.574,0.0997639,-0.00848596,0.228903,-0.0507236,-0.00145585,-0.0557522,0.278824,0.10593,-1.9144e-12,0.320204,-0.183314,0.0329198,-0.127832,0.142057,0.00345568,-0.0851738,-0.14742,6.86688e-12
2.575,0.0997585,-0.00870998,0.228833,-0.0505283,-0.000884242,-0.0548895,0.278824,0.10593,-1.9144e-12,0.320306,-0.183317,0.0325609,-0.127811,0.142058,0.00360749,-0.0851738,-0.14742,6.86688e-12
2.576,0.0997529,-0.00893369,0.228764,-0.0503283,-0.000311032,-0.0540296,0.278824,0.10593,-1.9144e-12,0.320406,-0.183319,0.0322028,-0.12779,0.14206,0.00376224,-0.0851738,-0.14742,6.86688e-12
2.577,0.0997473,-0.00915711,0.228696,-0.0501234,0.000263751,-0.053173,0.278824,0.10593,-1.9144e-12,0.320506,-0.183322,0.0318456,-0.127769,0.142061,0.00391992,-0.0851738,-0.14742,6.86688e-12
2.578,0.0997416,-0.00938024,0.22863,-0.0499133,0.000840082,-0.0523198,0.278824,0.10593,-1.9144e-12,0.320604,-0.183325,0.0314894,-0.127746,0.142063,0.0040805,-0.0851738,-0.14742,6.86688e-12
2.579,0.0997358,-0.00960308,0.228564,-0.0496977,0.00141793,-0.0514702,0.278824,0.10593,-1.9144e-12,0.320702,-0.183328,0.031134,-0.127723,0.142064,0.00424397,-0.0851738,-0.14742,6.86688e-12
2.58,0.0997298,-0.00982563,0.228499,-0.0494763,0.00199728,-0.0506246,0.278824,0.10593,-1.9144e-12,0.320798,-0.18333,0.0307796,-0.1277,0.142066,0.0044103,-0.0851738,-0.14742,6.86688e-12
2.581,0.0997238,-0.0100479,0.228436,-0.049249,0.0025781,-0.0497831,0.278824,0.10593,-1.9144e-12,0.320894,-0.183333,0.0304261,-0.127676,0.142068,0.00457949,-0.0851738,-0.14742,6.86688e-12
2.582,0.0997177,-0.0102699,0.228373,-0.0490155,0.00316036,-0.0489461,0.278824,0.10593,-1.9144e-12,0.320989,-0.183335,0.0300736,-0.127652,0.142069,0.00475149,-0.0851738,-0.14742,6.86688e-12
2.583,0.0997115,-0.0104916,0.228312,-0.0487754,0.00374404,-0.0481137,0.278824,0.10593,-1.9144e-12,0.321083,-0.183338,0.0297221,-0.127627,0.142071,0.0049263,-0.0851738,-0.14742,6.86688e-12
2.584,0.0997052,-0.010713,0.228252,-0.0485286,0.00432912,-0.0472863,0.278824,0.10593,-1.9144e-12,0.321176,-0.183341,0.0293716,-0.127601,0.142073,0.0051039,-0.0851738,-0.14742,6.86688e-12
2.585,0.0996988,-0.0109342,0.228193,-0.0482747,0.00491556,-0.0464642,0.278824,0.10593,-1.9144e-12,0.321268,-0.183343,0.0290221,-0.127575,0.142074,0.00528426,-0.0851738,-0.14742,6.86688e-12
2.586,0.0996924,-0.0111551,0.228135,-0.0480135,0.00550334,-0.0456474,0.278824,0.10593,-1.9144e-12,0.321359,-0.183346,0.0286738,-0.127548,0.142076,0.00546736,-0.0851738,-0.14742,6.86688e-12
2.587,0.0996858,-0.0113757,0.228079,-0.0477447,0.00609244,-0.0448364,0.278824,0.10593,-1.9144e-12,0.321449,-0.183348,0.0283265,-0.127521,0.142078,0.00565319,-0.0851738,-0.14742,6.86688e-12
2.588,0.0996792,-0.0115961,0.228023,-0.0474681,0.00668283,-0.0440313,0.278824,0.10593,-1.9144e-12,0.321538,-0.183351,0.0279802,-0.127493,0.14208,0.00584172,-0.0851738,-0.14742,6.86688e-12
2.589,0.0996724,-0.0118162,0.227969,-0.0471835,0.00727448,-0.0432324,0.278824,0.10593,-1.9144e-12,0.321627,-0.183353,0.0276352,-0.127464,0.142082,0.00603294,-0.0851738,-0.14742,6.86688e-12
2.59,0.0996656,-0.012036,0.227916,-0.0468904,0.00786737,-0.04244,0.278824,0.10593,-1.9144e-12,0.321714,-0.183355,0.0272912,-0.127435,0.142084,0.00622682,-0.0851738,-0.14742,6.86688e-12
2.591,0.0996588,-0.0122556,0.227864,-0.0465888,0.00846148,-0.0416544,0.278824,0.10593,-1.9144e-12,0.321801,-0.183358,0.0269484,-0.127405,0.142086,0.00642334,-0.0851738,-0.14742,6.86688e-12
2.592,0.0996518,-0.012475,0.227813,-0.0462783,0.00905677,-0.0408757,0.278824,0.10593,-1.9144e-12,0.321886,-0.18336,0.0266069,-0.127375,0.142088,0.00662249,-0.0851738,-0.14742,6.86688e-12
2.593,0.0996448,-0.0126941,0.227764,-0.0459586,0.00965322,-0.0401042,0.278824,0.10593,-1.9144e-12,0.321971,-0.183363,0.0262665,-0.127344,0.14209,0.00682424,-0.0851738,-0.14742,6.86688e-12
2.594,0.0996377,-0.0129129,0.227716,-0.0456295,0.0102508,-0.0393402,0.278824,0.10593,-1.9144e-12,0.322055,-0.183365,0.0259273,-0.127312,0.142092,0.00702857,-0.0851738,-0.14742,6.86688e-12
2.595,0.0996305,-0.0131316,0.227669,-0.0452908,0.0108495,-0.038584,0.278824,0.10593,-1.9144e-12,0.322138,-0.183367,0.0255894,-0.12728,0.142094,0.00723546,-0.0851738,-0.14742,6.86688e-12
2.596,0.0996233,-0.0133499,0.227623,-0.0449422,0.0114493,-0.0378357,0.278824,0.10593,-1.9144e-12,0.32222,-0.183369,0.0252527,-0.127247,0.142097,0.0074449,-0.0851738,-0.14742,6.86688e-12
2.597,0.0996159,-0.0135681,0.227579,-0.0445833,0.0120501,-0.0370958,0.278824,0.10593,-1.9144e-12,0.322301,-0.183372,0.0249174,-0.127214,0.142099,0.00765686,-0.0851738,-0.14742,6.86688e-12
2.598,0.0996086,-0.013786,0.227536,-0.044214,0.012652,-0.0363643,0.278824,0.10593,-1.9144e-12,0.322382,-0.183374,0.0245833,-0.12718,0.142101,0.00787132,-0.0851738,-0.14742,6.86688e-12
2.599,0.0996011,-0.0140037,0.227494,-0.043834,0.0132549,-0.0356415,0.278824,0.10593,-1.9144e-12,0.322461,-0.183376,0.0242506,-0.127145,0.142104,0.00808826,-0.0851738,-0.14742,6.86688e-12
2.6,0.0995936,-0.0142212,0.227454,-0.043443,0.0138587,-0.0349278,0.278824,0.10593,-1.9144e-12,0.32254,-0.183378,0.0239192,-0.12711,0.142106,0.00830767,-0.0851738,-0.14742,6.86688e-12
2.601,0.0995861,-0.0144384,0.227415,-0.0430409,0.0144635,-0.0342233,0.278824,0.10593,-1.9144e-12,0.322618,-0.18338,0.0235892,-0.127074,0.142108,0.00852951,-0.0851738,-0.14742,6.86688e-12
2.602,0.0995784,-0.0146554,0.227378,-0.0426276,0.0150692,-0.033528,0.278824,0.10593,-1.9144e-12,0.322695,-0.183382,0.0232605,-0.127037,0.142111,0.00875378,-0.0851738,-0.14742,6.86688e-12
2.603,0.0995708,-0.0148723,0.227341,-0.0422032,0.0156757,-0.0328417,0.278824,0.10593,-1.9144e-12,0.322771,-0.183385,0.0229333,-0.127,0.142114,0.00898044,-0.0851738,-0.14742,6.86688e-12
2.604,0.099563,-0.0150889,0.227306,-0.041768,0.016283,-0.0321643,0.278824,0.10593,-1.9144e-12,0.322846,-0.183387,0.0226075,-0.126962,0.142116,0.00920949,-0.0851738,-0.14742,6.86688e-12
2.605,0.0995553,-0.0153053,0.227273,-0.0413219,0.0168909,-0.0314958,0.278824,0.10593,-1.9144e-12,0.322921,-0.183389,0.0222832,-0.126923,0.142119,0.0094409,-0.0851738,-0.14742,6.86688e-12
2.606,0.0995474,-0.0155215,0.227241,-0.0408651,0.0174994,-0.030836,0.278824,0.10593,-1.9144e-12,0.322994,-0.183391,0.0219604,-0.126884,0.142121,0.00967465,-0.0851738,-0.14742,6.86688e-12
2.607,0.0995395,-0.0157376,0.22721,-0.0403977,0.0181084,-0.0301849,0.278824,0.10593,-1.9144e-12,0.323067,-0.183393,0.021639,-0.126844,0.142124,0.00991072,-0.0851738,-0.14742,6.86688e-12
2.608,0.0995316,-0.0159535,0.22718,-0.0399198,0.0187179,-0.0295423,0.278824,0.10593,-1.9144e-12,0.323139,-0.183395,0.0213191,-0.126804,0.142127,0.0101491,-0.0851738,-0.14742,6.86688e-12
2.609,0.0995236,-0.0161692,0.227152,-0.0394315,0.0193277,-0.028908,0.278824,0.10593,-1.9144e-12,0.32321,-0.183397,0.0210008,-0.126763,0.14213,0.0103897,-0.0851738,-0.14742,6.86688e-12
2.61,0.0995156,-0.0163847,0.227124,-0.0389329,0.0199379,-0.0282821,0.278824,0.10593,-1.9144e-12,0.32328,-0.183399,0.0206841,-0.126721,0.142132,0.0106326,-0.0851738,-0.14742,6.86688e-12
2.611,0.0995075,-0.0166001,0.227099,-0.0384241,0.0205483,-0.0276644,0.278824,0.10593,-1.9144e-12,0.323349,-0.183401,0.0203689,-0.126679,0.142135,0.0108778,-0.0851738,-0.14742,6.86688e-12
2.612,0.0994994,-0.0168154,0.227074,-0.0379052,0.0211588,-0.0270548,0.278824,0.10593,-1.9144e-12,0.323418,-0.183402,0.0200553,-0.126635,0.142138,0.0111252,-0.0851738,-0.14742,6.86688e-12
2.613,0.0994913,-0.0170305,0.227051,-0.0373763,0.0217695,-0.0264532,0.278824,0.10593,-1.9144e-12,0.323486,-0.183404,0.0197433,-0.126592,0.142141,0.0113747,-0.0851738,-0.14742,6.86688e-12
2.614,0.0994831,-0.0172454,0.227029,-0.0368376,0.0223801,-0.0258595,0.278824,0.10593,-1.9144e-12,0.323553,-0.183406,0.019433,-0.126547,0.142144,0.0116265,-0.0851738,-0.14742,6.86688e-12
2.615,0.0994749,-0.0174603,0.227008,-0.0362891,0.0229907,-0.0252735,0.278824,0.10593,-1.9144e-12,0.323619,-0.183408,0.0191243,-0.126502,0.142147,0.0118804,-0.0851738,-0.14742,6.86688e-12
2.616,0.0994666,-0.017675,0.226989,-0.0357309,0.0236012,-0.0246953,0.278824,0.10593,-1.9144e-12,0.323684,-0.18341,0.0188173,-0.126456,0.142151,0.0121364,-0.0851738,-0.14742,6.86688e-12
2.617,0.0994583,-0.0178896,0.226971,-0.0351631,0.0242115,-0.0241245,0.278824,0.10593,-1.9144e-12,0.323749,-0.183412,0.018512,-0.126409,0.142154,0.0123946,-0.0851738,-0.14742,6.86688e-12
2.618,0.09945,-0.018104,0.226954,-0.0345859,0.0248215,-0.0235613,0.278824,0.10593,-1.9144e-12,0.323812,-0.183413,0.0182084,-0.126362,0.142157,0.0126548,-0.0851738,-0.14742,6.86688e-12
2.619,0.0994416,-0.0183184,0.226938,-0.0339993,0.0254311,-0.0230054,0.278824,0.10593,-1.9144e-12,0.323875,-0.183415,0.0179066,-0.126314,0.14216,0.0129171,-0.0851738,-0.14742,6.86688e-12
2.62,0.0994332,-0.0185327,0.226923,-0.0334035,0.0260403,-0.0224567,0.278824,0.10593,-1.9144e-12,0.323938,-0.183417,0.0176065,-0.126265,0.142163,0.0131815,-0.0851738,-0.14742,6.86688e-12
2.621,0.0994248,-0.0187469,0.22691,-0.0327985,0.0266491,-0.0219152,0.278824,0.10593,-1.9144e-12,0.323999,-0.183418,0.0173082,-0.126216,0.142167,0.013448,-0.0851738,-0.14742,6.86688e-12
2.622,0.0994164,-0.018961,0.226898,-0.0321845,0.0272573,-0.0213807,0.278824,0.10593,-1.9144e-12,0.32406,-0.18342,0.0170117,-0.126166,0.14217,0.0137164,-0.0851738,-0.14742,6.86688e-12
2.623,0.0994079,-0.019175,0.226887,-0.0315616,0.0278648,-0.0208531,0.278824,0.10593,-1.9144e-12,0.324119,-0.183422,0.0167171,-0.126115,0.142174,0.0139868,-0.0851738,-0.14742,6.86688e-12
2.624,0.0993994,-0.0193889,0.226878,-0.0309298,0.0284717,-0.0203324,0.278824,0.10593,-1.9144e-12,0.324178,-0.183423,0.0164243,-0.126063,0.142177,0.0142593,-0.0851738,-0.14742,6.86688e-12
2.625,0.0993909,-0.0196028,0.226869,-0.0302893,0.0290777,-0.0198183,0.278824,0.10593,-1.9144e-12,0.324237,-0.183425,0.0161333,-0.126011,0.142181,0.0145336,-0.0851738,-0.14742,6.86688e-12
2.626,0.0993824,-0.0198166,0.226862,-0.0296402,0.0296829,-0.0193109,0.278824,0.10593,-1.9144e-12,0.324294,-0.183427,0.0158442,-0.125958,0.142184,0.0148099,-0.0851738,-0.14742,6.86688e-12
2.627,0.0993739,-0.0200304,0.226856,-0.0289826,0.0302872,-0.01881,0.278824,0.10593,-1.9144e-12,0.324351,-0.183428,0.0155571,-0.125905,0.142188,0.0150882,-0.0851738,-0.14742,6.86688e-12
2.628,0.0993653,-0.0202441,0.226851,-0.0283165,0.0308905,-0.0183154,0.278824,0.10593,-1.9144e-12,0.324407,-0.18343,0.0152718,-0.12585,0.142192,0.0153683,-0.0851738,-0.14742,6.86688e-12
2.629,0.0993568,-0.0204578,0.226847,-0.0276422,0.0314928,-0.0178272,0.278824,0.10593,-1.9144e-12,0.324462,-0.183431,0.0149885,-0.125795,0.142195,0.0156503,-0.0851738,-0.14742,6.86688e-12
2.63,0.0993482,-0.0206715,0.226845,-0.0269596,0.0320938,-0.0173451,0.278824,0.10593,-1.9144e-12,0.324517,-0.183433,0.0147072,-0.125739,0.142199,0.0159341,-0.0851738,-0.14742,6.86688e-12
2.631,0.0993396,-0.0208851,0.226844,-0.0262689,0.0326937,-0.0168691,0.278824,0.10593,-1.9144e-12,0.32457,-0.183434,0.0144279,-0.125682,0.142203,0.0162198,-0.0851738,-0.14742,6.86688e-12
2.632,0.099331,-0.0210987,0.226843,-0.0255703,0.0332923,-0.0163991,0.278824,0.10593,-1.9144e-12,0.324623,-0.183436,0.0141506,-0.125625,0.142207,0.0165073,-0.0851738,-0.14742,6.86688e-12
2.633,0.0993224,-0.0213123,0.226844,-0.0248637,0.0338896,-0.0159349,0.278824,0.10593,-1.9144e-12,0.324676,-0.183437,0.0138753,-0.125567,0.142211,0.0167966,-0.0851738,-0.14742,6.86688e-12
2.634,0.0993138,-0.0215258,0.226846,-0.0241494,0.0344854,-0.0154765,0.278824,0.10593,-1.9144e-12,0.324727,-0.183439,0.013602,-0.125508,0.142215,0.0170877,-0.0851738,-0.14742,6.86688e-12
2.635,0.0993052,-0.0217394,0.22685,-0.0234274,0.0350797,-0.0150238,0.278824,0.10593,-1.9144e-12,0.324778,-0.18344,0.0133308,-0.125448,0.142219,0.0173805,-0.0851738,-0.14742,6.86688e-12
2.636,0.0992966,-0.021953,0.226854,-0.0226978,0.0356724,-0.0145765,0.278824,0.10593,-1.9144e-12,0.324828,-0.183441,0.0130618,-0.125388,0.142223,0.0176751,-0.0851738,-0.14742,6.86688e-12
2.637,0.0992879,-0.0221666,0.226859,-0.0219608,0.0362635,-0.0141348,0.278824,0.10593,-1.9144e-12,0.324877,-0.183443,0.0127948,-0.125327,0.142227,0.0179713,-0.0851738,-0.14742,6.86688e-12
2.638,0.0992793,-0.0223802,0.226866,-0.0212164,0.0368529,-0.0136983,0.278824,0.10593,-1.9144e-12,0.324926,-0.183444,0.01253,-0.125265,0.142232,0.0182693,-0.0851738,-0.14742,6.86688e-12
2.639,0.0992707,-0.0225939,0.226874,-0.0204647,0.0374405,-0.0132671,0.278824,0.10593,-1.9144e-12,0.324974,-0.183445,0.0122673,-0.125202,0.142236,0.0185689,-0.0851738,-0.14742,6.86688e-12
2.64,0.0992621,-0.0228075,0.226883,-0.0197059,0.0380262,-0.012841,0.278824,0.10593,-1.9144e-12,0.325021,-0.183447,0.0120068,-0.125138,0.14224,0.0188702,-0.0851738,-0.14742,6.86688e-12
2.641,0.0992535,-0.0230212,0.226893,-0.01894,0.03861,-0.0124199,0.278824,0.10593,-1.9144e-12,0.325067,-0.183448,0.0117485,-0.125074,0.142244,0.0191732,-0.0851738,-0.14742,6.86688e-12
2.642,0.0992449,-0.023235,0.226904,-0.0181672,0.0391917,-0.0120037,0.278824,0.10593,-1.9144e-12,0.325113,-0.183449,0.0114924,-0.125009,0.142249,0.0194777,-0.0851738,-0.14742,6.86688e-12
2.643,0.0992363,-0.0234488,0.226916,-0.0173875,0.0397714,-0.0115922,0.278824,0.10593,-1.9144e-12,0.325158,-0.18345,0.0112385,-0.124943,0.142253,0.0197838,-0.0851738,-0.14742,6.86688e-12
2.644,0.0992278,-0.0236627,0.226929,-0.0166011,0.040349,-0.0111855,0.278824,0.10593,-1.9144e-12,0.325202,-0.183452,0.0109869,-0.124877,0.142258,0.0200915,-0.0851738,-0.14742,6.86688e-12
2.645,0.0992192,-0.0238766,0.226943,-0.015808,0.0409243,-0.0107834,0.278824,0.10593,-1.9144e-12,0.325246,-0.183453,0.0107376,-0.124809,0.142263,0.0204008,-0.0851738,-0.14742,6.86688e-12
2.646,0.0992107,-0.0240906,0.226959,-0.0150085,0.0414973,-0.0103858,0.278824,0.10593,-1.9144e-12,0.325289,-0.183454,0.0104906,-0.124741,0.142267,0.0207116,-0.0851738,-0.14742,6.86688e-12
2.647,0.0992021,-0.0243047,0.226975,-0.0142025,0.042068,-0.00999248,0.278824,0.10593,-1.9144e-12,0.325331,-0.183455,0.0102459,-0.124672,0.142272,0.0210239,-0.0851738,-0.14742,6.86688e-12
2.648,0.0991936,-0.0245188,0.226992,-0.0133902,0.0426362,-0.00960347,0.278824,0.10593,-1.9144e-12,0.325373,-0.183456,0.0100035,-0.124602,0.142277,0.0213377,-0.0851738,-0.14742,6.86688e-12
2.649,0.0991851,-0.0247331,0.227011,-0.0125717,0.043202,-0.00921861,0.278824,0.10593,-1.9144e-12,0.325414,-0.183457,0.00976349,-0.124531,0.142281,0.0216529,-0.0851738,-0.14742,6.86688e-12
2.65,0.0991767,-0.0249474,0.227031,-0.011747,0.0437651,-0.00883781,0.278824,0.10593,-1.9144e-12,0.325454,-0.183459,0.00952586,-0.12446,0.142286,0.0219696,-0.0851738,-0.14742,6.86688e-12
2.651,0.0991682,-0.0251618,0.227051,-0.0109164,0.0443255,-0.00846095,0.278824,0.10593,-1.9144e-12,0.325494,-0.18346,0.00929064,-0.124388,0.142291,0.0222878,-0.0851738,-0.14742,6.86688e-12
2.652,0.0991598,-0.0253764,0.227073,-0.0100799,0.0448833,-0.00808794,0.278824,0.10593,-1.9144e-12,0.325532,-0.183461,0.00905784,-0.124315,0.142296,0.0226073,-0.0851738,-0.14742,6.86688e-12
2.653,0.0991514,-0.0255911,0.227095,-0.00923755,0.0454382,-0.00771866,0.278824,0.10593,-1.9144e-12,0.325571,-0.183462,0.00882748,-0.124241,0.142301,0.0229283,-0.0851738,-0.14742,6.86688e-12
2.654,0.099143,-0.0258059,0.227119,-0.00838953,0.0459903,-0.007353,0.278824,0.10593,-1.9144e-12,0.325608,-0.183463,0.00859959,-0.124166,0.142306,0.0232506,-0.0851738,-0.14742,6.86688e-12
2.655,0.0991347,-0.0260208,0.227144,-0.00753593,0.0465394,-0.00699086,0.278824,0.10593,-1.9144e-12,0.325645,-0.183464,0.00837418,-0.12409,0.142311,0.0235743,-0.0851738,-0.14742,6.86688e-12
2.656,0.0991264,-0.0262358,0.22717,-0.00667685,0.0470855,-0.00663214,0.278824,0.10593,-1.9144e-12,0.325681,-0.183465,0.00815127,-0.124014,0.142317,0.0238993,-0.0851738,-0.14742,6.86688e-12
2.657,0.0991181,-0.026451,0.227196,-0.0058124,0.0476285,-0.00627673,0.278824,0.10593,-1.9144e-12,0.325717,-0.183466,0.0079309,-0.123937,0.142322,0.0242256,-0.0851738,-0.14742,6.86688e-12
2.658,0.0991099,-0.0266664,0.227224,-0.00494267,0.0481684,-0.00592452,0.278824,0.10593,-1.9144e-12,0.325752,-0.183467,0.00771306,-0.123859,0.142327,0.0245531,-0.0851738,-0.14742,6.86688e-12
2.659,0.0991017,-0.0268819,0.227253,-0.00406778,0.048705,-0.0055754,0.278824,0.10593,-1.9144e-12,0.325786,-0.183468,0.0074978,-0.12378,0.142333,0.024882,-0.0851738,-0.14742,6.86688e-12
2.66,0.0990935,-0.0270975,0.227282,-0.00318782,0.0492383,-0.00522927,0.278824,0.10593,-1.9144e-12,0.32582,-0.183469,0.00728512,-0.1237,0.142338,0.0252121,-0.0851738,-0.14742,6.86688e-12
2.661,0.0990854,-0.0273133,0.227313,-0.00230291,0.0497683,-0.00488602,0.278824,0.10593,-1.9144e-12,0.325853,-0.18347,0.00707505,-0.123619,0.142343,0.0255435,-0.0851738,-0.14742,6.86688e-12
2.662,0.0990773,-0.0275293,0.227345,-0.00141315,0.0502947,-0.00454555,0.278824,0.10593,-1.9144e-12,0.325885,-0.18347,0.00686761,-0.123538,0.142349,0.025876,-0.0851738,-0.14742,6.86688e-12
2.663,0.0990692,-0.0277455,0.227377,-0.000518636,0.0508177,-0.00420775,0.278824,0.10593,-1.9144e-12,0.325917,-0.183471,0.00666281,-0.123456,0.142355,0.0262098,-0.0851738,-0.14742,6.86688e-12
2.664,0.0990612,-0.0279619,0.227411,0.000380517,0.0513371,-0.00387251,0.278824,0.10593,-1.9144e-12,0.325948,-0.183472,0.00646069,-0.123372,0.14236,0.0265447,-0.0851738,-0.14742,6.86688e-12
2.665,0.0990533,-0.0281784,0.227445,0.00128421,0.0518528,-0.00353972,0.278824,0.10593,-1.9144e-12,0.325978,-0.183473,0.00626126,-0.123288,0.142366,0.0268807,-0.0851738,-0.14742,6.86688e-12
2.666,0.0990454,-0.0283952,0.227481,0.00219233,0.0523647,-0.00320929,0.278824,0.10593,-1.9144e-12,0.326008,-0.183474,0.00606454,-0.123204,0.142372,0.0272179,-0.0851738,-0.14742,6.86688e-12
2.667,0.0990375,-0.0286122,0.227517,0.00310478,0.0528728,-0.0028811,0.278824,0.10593,-1.9144e-12,0.326038,-0.183475,0.00587055,-0.123118,0.142378,0.0275562,-0.0851738,-0.14742,6.86688e-12
2.668,0.0990297,-0.0288293,0.227554,0.00402146,0.0533771,-0.00255504,0.278824,0.10593,-1.9144e-12,0.326066,-0.183475,0.00567932,-0.123031,0.142383,0.0278956,-0.0851738,-0.14742,6.86688e-12
2.669,0.0990219,-0.0290467,0.227593,0.00494226,0.0538774,-0.00223102,0.278824,0.10593,-1.9144e-12,0.326094,-0.183476,0.00549086,-0.122944,0.142389,0.028236,-0.0851738,-0.14742,6.86688e-12
2.67,0.0990142,-0.0292644,0.227632,0.00586707,0.0543737,-0.00190892,0.278824,0.10593,-1.9144e-12,0.326122,-0.183477,0.00530519,-0.122855,0.142395,0.0285775,-0.0851738,-0.14742,6.86688e-12
2.671,0.0990066,-0.0294822,0.227672,0.00679579,0.0548658,-0.00158864,0.278824,0.10593,-1.9144e-12,0.326149,-0.183478,0.00512234,-0.122766,0.142401,0.02892,-0.0851738,-0.14742,6.86688e-12
2.672,0.098999,-0.0297003,0.227713,0.00772831,0.0553538,-0.00127007,0.278824,0.10593,-1.9144e-12,0.326175,-0.183478,0.00494232,-0.122676,0.142408,0.0292635,-0.0851738,-0.14742,6.86688e-12
2.673,0.0989915,-0.0299187,0.227755,0.00866453,0.0558376,-0.000953111,0.278824,0.10593,-1.9144e-12,0.326201,-0.183479,0.00476516,-0.122584,0.142414,0.029608,-0.0851738,-0.14742,6.86688e-12
2.674,0.098984,-0.0301372,0.227798,0.00960435,0.056317,-0.000637645,0.278824,0.10593,-1.9144e-12,0.326226,-0.18348,0.00459087,-0.122492,0.14242,0.0299535,-0.0851738,-0.14742,6.86688e-12
2.675,0.0989766,-0.0303561,0.227841,0.0105477,0.0567921,-0.000323572,0.278824,0.10593,-1.9144e-12,0.32625,-0.183481,0.00441949,-0.1224,0.142426,0.0302999,-0.0851738,-0.14742,6.86688e-12
2.676,0.0989693,-0.0305752,0.227886,0.0114944,0.0572626,-1.07851e-05,0.278824,0.10593,-1.9144e-12,0.326274,-0.183481,0.00425102,-0.122306,0.142433,0.0306473,-0.0851738,-0.14742,6.86688e-12
2.677,0.098962,-0.0307946,0.227931,0.0124443,0.0577287,0.000300823,0.278824,0.10593,-1.9144e-12,0.326297,-0.183482,0.00408548,-0.122211,0.142439,0.0309955,-0.0851738,-0.14742,6.86688e-12
2.678,0.0989548,-0.0310142,0.227978,0.0133975,0.0581901,0.000611358,0.278824,0.10593,-1.9144e-12,0.32632,-0.183482,0.00392291,-0.122115,0.142446,0.0313447,-0.0851738,-0.14742,6.86688e-12
2.679,0.0989476,-0.0312342,0.228025,0.0143537,0.0586469,0.000920926,0.278824,0.10593,-1.9144e-12,0.326342,-0.183483,0.00376332,-0.122019,0.142452,0.0316947,-0.0851738,-0.14742,6.86688e-12
2.68,0.0989406,-0.0314544,0.228073,0.0153129,0.0590989,0.00122963,0.278824,0.10593,-1.9144e-12,0.326364,-0.183484,0.00360673,-0.121921,0.142459,0.0320455,-0.0851738,-0.14742,6.86688e-12
2.681,0.0989336,-0.0316749,0.228122,0.016275,0.0595461,0.00153759,0.278824,0.10593,-1.9144e-12,0.326385,-0.183484,0.00345316,-0.121823,0.142466,0.0323972,-0.0851738,-0.14742,6.86688e-12
2.682,0.0989266,-0.0318958,0.228171,0.0172398,0.0599884,0.0018449,0.278824,0.10593,-1.9144e-12,0.326406,-0.183485,0.00330263,-0.121724,0.142472,0.0327497,-0.0851738,-0.14742,6.86688e-12
2.683,0.0989198,-0.0321169,0.228222,0.0182072,0.0604257,0.00215166,0.278824,0.10593,-1.9144e-12,0.326425,-0.183485,0.00315516,-0.121624,0.142479,0.0331029,-0.0851738,-0.14742,6.86688e-12
2.684,0.098913,-0.0323384,0.228273,0.0191773,0.060858,0.00245799,0.278824,0.10593,-1.9144e-12,0.326445,-0.183486,0.00301078,-0.121522,0.142486,0.033457,-0.0851738,-0.14742,6.86688e-12
2.685,0.0989063,-0.0325602,0.228326,0.0201497,0.0612851,0.002764,0.278824,0.10593,-1.9144e-12,0.326464,-0.183486,0.0028695,-0.12142,0.142493,0.0338117,-0.0851738,-0.14742,6.86688e-12
2.686,0.0988997,-0.0327823,0.228379,0.0211245,0.0617071,0.00306978,0.278824,0.10593,-1.9144e-12,0.326482,-0.183487,0.00273134,-0.121317,0.1425,0.0341672,-0.0851738,-0.14742,6.86688e-12
2.687,0.0988932,-0.0330047,0.228433,0.0221016,0.0621238,0.00337544,0.278824,0.10593,-1.9144e-12,0.3265,-0.183487,0.00259633,-0.121213,0.142507,0.0345234,-0.0851738,-0.14742,6.86688e-12
2.688,0.0988867,-0.0332275,0.228487,0.0230807,0.0625352,0.0036811,0.278824,0.10593,-1.9144e-12,0.326517,-0.183488,0.00246449,-0.121108,0.142514,0.0348803,-0.0851738,-0.14742,6.86688e-12
2.689,0.0988804,-0.0334507,0.228543,0.0240619,0.0629412,0.00398686,0.278824,0.10593,-1.9144e-12,0.326534,-0.183488,0.00233583,-0.121002,0.142521,0.0352378,-0.0851738,-0.14742,6.86688e-12
2.69,0.0988741,-0.0336741,0.228599,0.025045,0.0633417,0.00429282,0.278824,0.10593,-1.9144e-12,0.32655,-0.183489,0.00221038,-0.120896,0.142529,0.035596,-0.0851738,-0.14742,6.86688e-12
2.691,0.0988679,-0.033898,0.228656,0.0260299,0.0637367,0.00459909,0.278824,0.10593,-1.9144e-12,0.326566,-0.183489,0.00208816,-0.120788,0.142536,0.0359548,-0.0851738,-0.14742,6.86688e-12
2.692,0.0988618,-0.0341222,0.228714,0.0270166,0.0641261,0.00490577,0.278824,0.10593,-1.9144e-12,0.326581,-0.18349,0.00196918,-0.120679,0.142543,0.0363143,-0.0851738,-0.14742,6.86688e-12
2.693,0.0988558,-0.0343468,0.228773,0.0280048,0.0645097,0.00521298,0.278824,0.10593,-1.9144e-12,0.326595,-0.18349,0.00185347,-0.120569,0.142551,0.0366742,-0.0851738,-0.14742,6.86688e-12
2.694,0.0988499,-0.0345718,0.228832,0.0289945,0.0648876,0.00552082,0.278824,0.10593,-1.9144e-12,0.326609,-0.18349,0.00174106,-0.120459,0.142558,0.0370348,-0.0851738,-0.14742,6.86688e-12
2.695,0.0988441,-0.0347972,0.228892,0.0299857,0.0652597,0.0058294,0.278824,0.10593,-1.9144e-12,0.326623,-0.183491,0.00163195,-0.120347,0.142566,0.0373959,-0.0851738,-0.14742,6.86688e-12
2.696,0.0988384,-0.0350229,0.228953,0.0309781,0.0656258,0.00613881,0.278824,0.10593,-1.9144e-12,0.326636,-0.183491,0.00152617,-0.120234,0.142574,0.0377575,-0.0851738,-0.14742,6.86688e-12
2.697,0.0988328,-0.0352491,0.229015,0.0319717,0.065986,0.00644918,0.278824,0.10593,-1.9144e-12,0.326649,-0.183491,0.00142375,-0.120121,0.142581,0.0381196,-0.0851738,-0.14742,6.86688e-12
2.698,0.0988273,-0.0354756,0.229077,0.0329664,0.0663401,0.0067606,0.278824,0.10593,-1.9144e-12,0.326661,-0.183492,0.0013247,-0.120006,0.142589,0.0384822,-0.0851738,-0.14742,6.86688e-12
2.699,0.0988219,-0.0357026,0.22914,0.0339621,0.0666881,0.00707318,0.278824,0.10593,-1.9144e-12,0.326672,-0.183492,0.00122904,-0.11989,0.142597,0.0388453,-0.0851738,-0.14742,6.86688e-12
2.7,0.0988165,-0.03593,0.229204,0.0349586,0.0670299,0.00738703,0.278824,0.10593,-1.9144e-12,0.326683,-0.183492,0.00113679,-0.119774,0.142605,0.0392088,-0.0851738,-0.14742,6.86688e-12
2.701,0.0988113,-0.0361578,0.229269,0.035956,0.0673655,0.00770222,0.278824,0.10593,-1.9144e-12,0.326694,-0.183493,0.00104798,-0.119656,0.142613,0.0395727,-0.0851738,-0.14742,6.86688e-12
2.702,0.0988062,-0.0363861,0.229334,0.0369541,0.0676948,0.00801867,0.278824,0.10593,-1.9144e-12,0.326704,-0.183493,0.000962621,-0.119538,0.142621,0.039937,-0.0851738,-0.14742,6.86688e-12
2.703,0.0988012,-0.0366148,0.2294,0.0379531,0.0680179,0.00833625,0.278824,0.10593,-1.9144e-12,0.326714,-0.183493,0.000880739,-0.119418,0.142629,0.0403017,-0.0851738,-0.14742,6.86688e-12
2.704,0.0987964,-0.0368439,0.229467,0.0389529,0.0683347,0.00865485,0.278824,0.10593,-1.9144e-12,0.326723,-0.183494,0.000802353,-0.119298,0.142637,0.0406668,-0.0851738,-0.14742,6.86688e-12
2.705,0.0987916,-0.0370734,0.229535,0.0399536,0.0686454,0.00897436,0.278824,0.10593,-1.9144e-12,0.326732,-0.183494,0.000727483,-0.119176,0.142646,0.0410322,-0.0851738,-0.14742,6.86688e-12
2.706,0.0987869,-0.0373034,0.229603,0.0409552,0.0689499,0.00929466,0.278824,0.10593,-1.9144e-12,0.32674,-0.183494,0.000656152,-0.119053,0.142654,0.0413979,-0.0851738,-0.14742,6.86688e-12
2.707,0.0987824,-0.0375337,0.229671,0.0419577,0.0692483,0.00961562,0.278824,0.10593,-1.9144e-12,0.326748,-0.183494,0.000588378,-0.11893,0.142662,0.0417639,-0.0851738,-0.14742,6.86688e-12
2.708,0.098778,-0.0377645,0.229741,0.0429613,0.0695405,0.00993713,0.278824,0.10593,-1.9144e-12,0.326755,-0.183494,0.000524182,-0.118805,0.142671,0.0421302,-0.0851738,-0.14742,6.86688e-12
2.709,0.0987737,-0.0379958,0.229811,0.0439658,0.0698266,0.0102591,0.278824,0.10593,-1.9144e-12,0.326762,-0.183495,0.000463586,-0.118679,0.142679,0.0424968,-0.0851738,-0.14742,6.86688e-12
2.71,0.0987695,-0.0382274,0.229881,0.0449714,0.0701066,0.0105813,0.278824,0.10593,-1.9144e-12,0.326768,-0.183495,0.00040661,-0.118553,0.142688,0.0428636,-0.0851738,-0.14742,6.86688e-12
2.711,0.0987654,-0.0384595,0.229953,0.045978,0.0703806,0.0109038,0.278824,0.10593,-1.9144e-12,0.326774,-0.183495,0.000353274,-0.118425,0.142697,0.0432306,-0.0851738,-0.14742,6.86688e-12
2.712,0.0987614,-0.038692,0.230025,0.0469857,0.0706485,0.0112263,0.278824,0.10593,-1.9144e-12,0.326779,-0.183495,0.0003036,-0.118296,0.142705,0.0435978,-0.0851738,-0.14742,6.86688e-12
2.713,0.0987576,-0.038925,0.230097,0.0479945,0.0709104,0.0115488,0.278824,0.10593,-1.9144e-12,0.326785,-0.183495,0.000257607,-0.118166,0.142714,0.0439652,-0.0851738,-0.14742,6.86688e-12
2.714,0.0987539,-0.0391583,0.23017,0.0490045,0.0711662,0.0118711,0.278824,0.10593,-1.9144e-12,0.326789,-0.183495,0.000215317,-0.118036,0.142723,0.0443328,-0.0851738,-0.14742,6.86688e-12
2.715,0.0987503,-0.0393921,0.230243,0.0500156,0.0714161,0.0121932,0.278824,0.10593,-1.9144e-12,0.326793,-0.183495,0.000176751,-0.117904,0.142732,0.0447005,-0.0851738,-0.14742,6.86688e-12
2.716,0.0987469,-0.0396263,0.230317,0.0510279,0.07166,0.0125149,0.278824,0.10593,-1.9144e-12,0.326797,-0.183496,0.000141927,-0.117771,0.142741,0.0450683,-0.0851738,-0.14742,6.86688e-12
2.717,0.0987435,-0.039861,0.230392,0.0520415,0.0718979,0.012836,0.278824,0.10593,-1.9144e-12,0.3268,-0.183496,0.000110869,-0.117637,0.14275,0.0454362,-0.0851738,-0.14742,6.86688e-12
2.718,0.0987403,-0.040096,0.230467,0.0530563,0.0721299,0.0131565,0.278824,0.10593,-1.9144e-12,0.326803,-0.183496,8.35953e-05,-0.117502,0.14276,0.0458041,-0.0851738,-0.14742,6.86688e-12
2.719,0.0987373,-0.0403315,0.230543,0.0540725,0.072356,0.0134763,0.278824,0.10593,-1.9144e-12,0.326806,-0.183496,6.01275e-05,-0.117366,0.142769,0.0461722,-0.0851738,-0.14742,6.86688e-12
2.72,0.0987343,-0.0405674,0.230619,0.0550899,0.0725762,0.0137952,0.278824,0.10593,-1.9144e-12,0.326808,-0.183496,4.04861e-05,-0.117228,0.142778,0.0465403,-0.0851738,-0.14742,6.86688e-12
2.721,0.0987315,-0.0408038,0.230695,0.0561087,0.0727905,0.0141132,0.278824,0.10593,-1.9144e-12,0.326809,-0.183496,2.46918e-05,-0.11709,0.142787,0.0469083,-0.0851738,-0.14742,6.86688e-12
2.722,0.0987289,-0.0410406,0.230772,0.0571289,0.072999,0.01443,0.278824,0.10593,-1.9144e-12,0.326811,-0.183496,1.27651e-05,-0.116951,0.142797,0.0472764,-0.0851738,-0.14742,6.86688e-12
2.723,0.0987263,-0.0412777,0.23085,0.0581505,0.0732016,0.0147456,0.278824,0.10593,-1.9144e-12,0.326811,-0.183496,4.72679e-06,-0.116811,0.142807,0.0476445,-0.0851738,-0.14742,6.86688e-12
2.724,0.0987239,-0.0415154,0.230928,0.0591735,0.0733984,0.0150599,0.278824,0.10593,-1.9144e-12,0.326812,-0.183496,5.97457e-07,-0.116669,0.142816,0.0480125,-0.0851738,-0.14742,6.86688e-12
2.725,0.0987217,-0.0417534,0.231006,0.060198,0.0735894,0.0153728,0.278824,0.10593,-1.9144e-12,0.326812,-0.183496,6.46184e-12,-0.116527,0.142826,0.0483805,-0.0851738,-0.14742,6.86688e-12
2.726,0.0987196,-0.0419919,0.231085,0.0612239,0.0737747,0.015684,0.278824,0.10593,-1.9144e-12,0.326812,-0.183496,6.46184e-12,-0.116383,0.142836,0.0487483,-0.0851738,-0.14742,6.86688e-12
2.727,0.0987176,-0.0422308,0.231164,0.0622514,0.0739542,0.0159936,0.278824,0.10593,-1.9144e-12,0.326812,-0.183496,6.46184e-12,-0.116238,0.142845,0.0491161,-0.0851738,-0.14742,6.86688e-12
2.728,0.0987158,-0.0424701,0.231243,0.0632805,0.0741279,0.0163013,0.278824,0.10593,-1.9144e-12,0.326812,-0.183496,6.46184e-12,-0.116092,0.142855,0.0494837,-0.0851738,-0.14742,6.86688e-12
2.729,0.0987141,-0.0427098,0.231323,0.0643111,0.074296,0.0166072,0.278824,0.10593,-1.9144e-12,0.326812,-0.183496,6.46184e-12,-0.115946,0.142865,0.0498512,-0.0851738,-0.14742,6.86688e-12
2.73,0.0987125,-0.04295,0.231403,0.0653433,0.0744583,0.016911,0.278824,0.10593,-1.9144e-12,0.326812,-0.183496,6.46184e-12,-0.115798,0.142875,0.0502185,-0.0851738,-0.14742,6.86688e-12
2.731,0.0987111,-0.0431906,0.231484,0.0663772,0.0746149,0.0172126,0.278824,0.10593,-1.9144e-12,0.326812,-0.183496,6.46184e-12,-0.115649,0.142886,0.0505857,-0.0851738,-0.14742,6.86688e-12
2.732,0.0987099,-0.0434316,0.231565,0.0674127,0.0747659,0.017512,0.278824,0.10593,-1.9144e-12,0.326812,-0.183496,6.46184e-12,-0.115498,0.142896,0.0509526,-0.0851738,-0.14742,6.86688e-12
2.733,0.0987088,-0.0436731,0.231646,0.06845,0.0749113,0.017809,0.278824,0.10593,-1.9144e-12,0.326812,-0.183496,6.46184e-12,-0.115347,0.142906,0.0513193,-0.0851738,-0.14742,6.86688e-12
2.734,0.0987079,-0.043915,0.231728,0.0694889,0.0750511,0.0181034,0.278824,0.10593,-1.9144e-12,0.326812,-0.183496,6.46184e-12,-0.115195,0.142916,0.0516858,-0.0851738,-0.14742,6.86688e-12
2.735,0.0987071,-0.0441573,0.231809,0.0705297,0.0751852,0.0183952,0.278824,0.10593,-1.9144e-12,0.326812,-0.183496,6.46184e-12,-0.115041,0.142927,0.052052,-0.0851738,-0.14742,6.86688e-12
2.736,0.0987065,-0.0444,0.231892,0.0715722,0.0753138,0.0186843,0.278824,0.10593,-1.9144e-12,0.326812,-0.183496,6.46184e-12,-0.114886,0.142937,0.0524179,-0.0851738,-0.14742,6.86688e-12
2.737,0.098706,-0.0446431,0.231974,0.0726165,0.0754368,0.0189705,0.278824,0.10593,-1.9144e-12,0.326812,-0.183496,6.46184e-12,-0.114731,0.142948,0.0527835,-0.0851738,-0.14742,6.86688e-12
2.738,0.0987057,-0.0448867,0.232057,0.0736626,0.0755542,0.0192537,0.278824,0.10593,-1.9144e-12,0.326812,-0.183496,6.46184e-12,-0.114574,0.142959,0.0531488,-0.0851738,-0.14742,6.86688e-12
2.739,0.0987055,-0.0451307,0.23214,0.0747107,0.0756662,0.0195338,0.278824,0.10593,-1.9144e-12,0.326812,-0.183496,6.46184e-12,-0.114416,0.142969,0.0535137,-0.0851738,-0.14742,6.86688e-12
2.74,0.0987055,-0.0453751,0.232223,0.0757606,0.0757726,0.0198107,0.278824,0.10593,-1.9144e-12,0.326812,-0.183496,6.46184e-12,-0.114256,0.14298,0.0538782,-0.0851738,-0.14742,6.86688e-12
2.741,0.0987057,-0.04562,0.232306,0.0768124,0.0758736,0.0200843,0.278824,0.10593,-1.9144e-12,0.326812,-0.183496,6.46184e-12,-0.114096,0.142991,0.0542424,-0.0851738,-0.14742,6.86688e-12
2.742,0.098706,-0.0458653,0.23239,0.0778663,0.0759691,0.0203544,0.278824,0.10593,-1.9144e-12,0.326812,-0.183496,6.46184e-12,-0.113935,0.143002,0.0546062,-0.0851738,-0.14742,6.86688e-12
2.743,0.0987065,-0.046111,0.232473,0.0789221,0.0760592,0.0206209,0.278824,0.10593,-1.9144e-12,0.326812,-0.183496,6.46184e-12,-0.113772,0.143013,0.0549695,-0.0851738,-0.14742,6.86688e-12
2.744,0.0987071,-0.0463571,0.232557,0.0799799,0.0761438,0.0208838,0.278824,0.10593,-1.9144e-12,0.326812,-0.183496,6.46184e-12,-0.113608,0.143024,0.0553324,-0.0851738,-0.14742,6.86688e-12
2.745,0.098708,-0.0466036,0.232641,0.0810397,0.0762231,0.0211428,0.278824,0.10593,-1.9144e-12,0.326812,-0.183496,6.46184e-12,-0.113443,0.143036,0.0556948,-0.0851738,-0.14742,6.86688e-12
2.746,0.098709,-0.0468506,0.232726,0.0821017,0.0762969,0.0213979,0.278824,0.10593,-1.9144e-12,0.326812,-0.183496,6.46184e-12,-0.113277,0.143047,0.0560567,-0.0851738,-0.14742,6.86688e-12
2.747,0.0987101,-0.047098,0.23281,0.0831657,0.0763654,0.0216489,0.278824,0.10593,-1.9144e-12,0.326812,-0.183496,6.46184e-12,-0.11311,0.143058,0.0564182,-0.0851738,-0.14742,6.86688e-12
2.748,0.0987115,-0.0473458,0.232894,0.0842319,0.0764286,0.0218958,0.278824,0.10593,-1.9144e-12,0.326812,-0.183496,6.46184e-12,-0.112942,0.14307,0.0567791,-0.0851738,-0.14742,6.86688e-12
2.749,0.098713,-0.0475941,0.232979,0.0853002,0.0764864,0.0221385,0.278824,0.10593,-1.9144e-12,0.326812,-0.183496,6.46184e-12,-0.112772,0.143081,0.0571394,-0.0851738,-0.14742,6.86688e-12
2.75,0.0987146,-0.0478427,0.233064,0.0863707,0.076539,0.0223767,0.278824,0.10593,-1.9144e-12,0.326812,-0.183496,6.46184e-12,-0.112602,0.143093,0.0574992,-0.0851738,-0.14742,6.86688e-12
2.751,0.0987165,-0.0480918,0.233149,0.0874435,0.0765862,0.0226104,0.278824,0.10593,-1.9144e-12,0.326812,-0.183496,6.46184e-12,-0.11243,0.143104,0.0578584,-0.0851738,-0.14742,6.86688e-12
2.752,0.0987185,-0.0483414,0.233234,0.0885185,0.0766282,0.0228394,0.278824,0.10593,-1.9144e-12,0.326812,-0.183496,6.46184e-12,-0.112257,0.143116,0.0582169,-0.0851738,-0.14742,6.86688e-12
2.753,0.0987207,-0.0485913,0.233318,0.0895957,0.0766649,0.0230637,0.278824,0.10593,-1.9144e-12,0.326812,-0.183496,6.46184e-12,-0.112082,0.143128,0.0585749,-0.0851738,-0.14742,6.86688e-12
2.754,0.0987231,-0.0488417,0.233404,0.0906753,0.0766965,0.0232832,0.278824,0.10593,-1.9144e-12,0.326812,-0.183496,6.46184e-12,-0.111907,0.14314,0.0589322,-0.0851738,-0.14742,6.86688e-12
2.755,0.0987257,-0.0490925,0.233489,0.0917572,0.0767228,0.0234976,0.278824,0.10593,-1.9144e-12,0.326812,-0.183496,6.46184e-12,-0.11173,0.143152,0.0592888,-0.0851738,-0.14742,6.86688e-12
2.756,0.0987285,-0.0493437,0.233574,0.0928415,0.0767439,0.023707,0.278824,0.10593,-1.9144e-12,0.326812,-0.183496,6.46184e-12,-0.111552,0.143164,0.0596447,-0.0851738,-0.14742,6.86688e-12
2.757,0.0987314,-0.0495954,0.233659,0.0939281,0.0767599,0.0239111,0.278824,0.10593,-1.9144e-12,0.326812,-0.183496,6.46184e-12,-0.111373,0.143176,0.0599999,-0.0851738,-0.14742,6.86688e-12
2.758,0.0987345,-0.0498474,0.233744,0.0950172,0.0767707,0.0241099,0.278824,0.10593,-1.9144e-12,0.326812,-0.183496,6.46184e-12,-0.111193,0.143189,0.0603544,-0.0851738,-0.14742,6.86688e-12
2.759,0.0987378,-0.0500999,0.233829,0.0961087,0.0767764,0.0243032,0.278824,0.10593,-1.9144e-12,0.326812,-0.183496,6.46184e-12,-0.111012,0.143201,0.0607081,-0.0851738,-0.14742,6.86688e-12
2.76,0.0987413,-0.0503528,0.233914,0.0972028,0.076777,0.024491,0.278824,0.10593,-1.9144e-12,0.326812,-0.183496,6.46184e-12,-0.110829,0.143213,0.0610611,-0.0851738,-0.14742,6.86688e-12
2.761,0.098745,-0.0506062,0.233999,0.0982993,0.0767725,0.024673,0.278824,0.10593,-1.9144e-12,0.326812,-0.183496,6.46184e-12,-0.110645,0.143226,0.0614133,-0.0851738,-0.14742,6.86688e-12
2.762,0.0987489,-0.05086,0.234084,0.0993983,0.0767629,0.0248493,0.278824,0.10593,-1.9144e-12,0.326812,-0.183496,6.46184e-12,-0.11046,0.143238,0.0617646,-0.0851738,-0.14742,6.86688e-12
2.763,0.098753,-0.0511142,0.234169,0.1005,0.0767483,0.0250196,0.278824,0.10593,-1.9144e-12,0.326812,-0.183496,6.46184e-12,-0.110274,0.143251,0.0621152,-0.0851738,-0.14742,6.86688e-12
2.764,0.0987573,-0.0513688,0.234254,0.101604,0.0767286,0.0251839,0.278824,0.10593,-1.9144e-12,0.326812,-0.183496,6.46184e-12,-0.110086,0.143264,0.0624648,-0.0851738,-0.14742,6.86688e-12
2.765,0.0987617,-0.0516238,0.234339,0.102711,0.076704,0.025342,0.278824,0.10593,-1.9144e-12,0.326812,-0.183496,6.46184e-12,-0.109898,0.143277,0.0628136,-0.0851738,-0.14742,6.86688e-12
2.766,0.0987664,-0.0518793,0.234423,0.103821,0.0766743,0.0254938,0.278824,0.10593,-1.9144e-12,0.326812,-0.183496,6.46184e-12,-0.109708,0.14329,0.0631615,-0.0851738,-0.14742,6.86688e-12
2.767,0.0987712,-0.0521352,0.234508,0.104933,0.0766397,0.0256392,0.278824,0.10593,-1.9144e-12,0.326812,-0.183496,6.46184e-12,-0.109517,0.143303,0.0635085,-0.0851738,-0.14742,6.86688e-12
2.768,0.0987763,-0.0523915,0.234592,0.106048,0.0766002,0.0257781,0.278824,0.10593,-1.9144e-12,0.326812,-0.183496,6.46184e-12,-0.109324,0.143316,0.0638546,-0.0851738,-0.14742,6.86688e-12
2.769,0.0987816,-0.0526482,0.234677,0.107165,0.0765557,0.0259103,0.278824,0.10593,-1.9144e-12,0.326812,-0.183496,6.46184e-12,-0.109131,0.143329,0.0641997,-0.0851738,-0.14742,6.86688e-12
2.77,0.098787,-0.0529054,0.234761,0.108286,0.0765063,0.0260358,0.278824,0.10593,-1.9144e-12,0.326812,-0.183496,6.46184e-12,-0.108936,0.143342,0.0645438,-0.0851738,-0.14742,6.86688e-12
2.771,0.0987927,-0.053163,0.234845,0.109409,0.076452,0.0261545,0.278824,0.10593,-1.9144e-12,0.326812,-0.183496,6.46184e-12,-0.108739,0.143355,0.064887,-0.0851738,-0.14742,6.86688e-12
2.772,0.0987986,-0.053421,0.234928,0.110535,0.0763929,0.0262661,0.278824,0.10593,-1.9144e-12,0.326812,-0.183496,6.46184e-12,-0.108542,0.143369,0.0652291,-0.0851738,-0.14742,6.86688e-12
2.773,0.0988046,-0.0536794,0.235012,0.111664,0.0763289,0.0263707,0.278824,0.10593,-1.9144e-12,0.326812,-0.183496,6.46184e-12,-0.108343,0.143382,0.0655702,-0.0851738,-0.14742,6.86688e-12
2.774,0.0988109,-0.0539383,0.235095,0.112796,0.0762601,0.026468,0.278824,0.10593,-1.9144e-12,0.326812,-0.183496,6.46184e-12,-0.108144,0.143396,0.0659102,-0.0851738,-0.14742,6.86688e-12
2.775,0.0988174,-0.0541976,0.235179,0.11393,0.0761864,0.0265579,0.278824,0.10593,-1.9144e-12,0.326812,-0.183496,6.46184e-12,-0.107942,0.14341,0.0662492,-0.0851738,-0.14742,6.86688e-12
2.776,0.0988241,-0.0544573,0.235262,0.115068,0.076108,0.0266404,0.278824,0.10593,-1.9144e-12,0.326812,-0.183496,6.46184e-12,-0.10774,0.143423,0.0665871,-0.0851738,-0.14742,6.86688e-12
2.777,0.0988311,-0.0547174,0.235344,0.116209,0.0760248,0.0267154,0.278824,0.10593,-1.9144e-12,0.326812,-0.183496,6.46184e-12,-0.107536,0.143437,0.0669238,-0.0851738,-0.14742,6.86688e-12
2.778,0.0988382,-0.054978,0.235427,0.117352,0.0759368,0.0267826,0.278824,0.10593,-1.9144e-12,0.326812,-0.183496,6.46184e-12,-0.107331,0.143451,0.0672594,-0.0851738,-0.14742,6.86688e-12
2.779,0.0988455,-0.055239,0.235509,0.118499,0.0758442,0.026842,0.278824,0.10593,-1.9144e-12,0.326812,-0.183496,6.46184e-12,-0.107125,0.143465,0.0675939,-0.0851738,-0.14742,6.86688e-12
2.78,0.0988531,-0.0555004,0.235591,0.119649,0.0757468,0.0268935,0.278824,0.10593,-1.9144e-12,0.326812,-0.183496,6.46184e-12,-0.106918,0.143479,0.0679272,-0.0851738,-0.14742,6.86688e-12
2.781,0.0988609,-0.0557622,0.235673,0.120801,0.0756447,0.0269369,0.278824,0.10593,-1.9144e-12,0.326812,-0.183496,6.46184e-12,-0.106709,0.143494,0.0682593,-0.0851738,-0.14742,6.86688e-12
2.782,0.0988689,-0.0560244,0.235754,0.121957,0.0755379,0.0269722,0.278824,0.10593,-1.9144e-12,0.326812,-0.183496,6.46184e-12,-0.106499,0.143508,0.0685901,-0.0851738,-0.14742,6.86688e-12
2.783,0.0988771,-0.0562871,0.235835,0.123116,0.0754265,0.0269991,0.278824,0.10593,-1.9144e-12,0.326812,-0.183496,6.46184e-12,-0.106287,0.143522,0.0689198,-0.0851738,-0.14742,6.86688e-12
2.784,0.0988856,-0.0565502,0.235916,0.124279,0.0753104,0.0270177,0.278824,0.10593,-1.9144e-12,0.326812,-0.183496,6.46184e-12,-0.106075,0.143537,0.0692482,-0.0851738,-0.14742,6.86688e-12
2.785,0.0988942,-0.0568138,0.235996,0.125444,0.0751898,0.0270277,0.278824,0.10593,-1.9144e-12,0.326812,-0.183496,6.46184e-12,-0.105861,0.143551,0.0695753,-0.0851738,-0.14742,6.86688e-12
2.786,0.0989031,-0.0570777,0.236076,0.126613,0.0750645,0.0270292,0.278824,0.10593,-1.9144e-12,0.326812,-0.183496,6.46184e-12,-0.105645,0.143566,0.0699011,-0.0851738,-0.14742,6.86688e-12
2.787,0.0989122,-0.0573421,0.236156,0.127785,0.0749347,0.0270218,0.278824,0.10593,-1.9144e-12,0.326812,-0.183496,6.46184e-12,-0.105429,0.143581,0.0702256,-0.0851738,-0.14742,6.86688e-12
2.788,0.0989216,-0.0576069,0.236235,0.12896,0.0748003,0.0270056,0.278824,0.10593,-1.9144e-12,0.326812,-0.183496,6.46184e-12,-0.105211,0.143595,0.0705487,-0.0851738,-0.14742,6.86688e-12
2.789,0.0989312,-0.0578721,0.236314,0.130138,0.0746614,0.0269804,0.278824,0.10593,-1.9144e-12,0.326812,-0.183496,6.46184e-12,-0.104992,0.14361,0.0708705,-0.0851738,-0.14742,6.86688e-12
2.79,0.098941,-0.0581377,0.236392,0.13132,0.074518,0.026946,0.278824,0.10593,-1.9144e-12,0.326812,-0.183496,6.46184e-12,-0.104771,0.143625,0.0711909,-0.0851738,-0.14742,6.86688e-12
2.791,0.098951,-0.0584038,0.23647,0.132506,0.07437,0.0269025,0.278824,0.10593,-1.9144e-12,0.326812,-0.183496,6.46184e-12,-0.104549,0.14364,0.0715099,-0.0851738,-0.14742,6.86688e-12
2.792,0.0989613,-0.0586703,0.236548,0.133694,0.0742176,0.0268496,0.278824,0.10593,-1.9144e-12,0.326812,-0.183496,6.46184e-12,-0.104326,0.143656,0.0718275,-0.0851738,-0.14742,6.86688e-12
2.793,0.0989718,-0.0589372,0.236625,0.134886,0.0740608,0.0267872,0.278824,0.10593,-1.9144e-12,0.326812,-0.183496,6.46184e-12,-0.104102,0.143671,0.0721437,-0.0851738,-0.14742,6.86688e-12
2.794,0.0989825,-0.0592045,0.236701,0.136082,0.0738995,0.0267152,0.278824,0.10593,-1.9144e-12,0.326812,-0.183496,6.46184e-12,-0.103876,0.143686,0.0724584,-0.0851738,-0.14742,6.86688e-12
2.795,0.0989935,-0.0594723,0.236778,0.137281,0.0737338,0.0266336,0.278824,0.10593,-1.9144e-12,0.326812,-0.183496,6.46184e-12,-0.103649,0.143702,0.0727716,-0.0851738,-0.14742,6.86688e-12
2.796,0.0990047,-0.0597405,0.236853,0.138484,0.0735637,0.0265421,0.278824,0.10593,-1.9144e-12,0.326812,-0.183496,6.46184e-12,-0.10342,0.143717,0.0730833,-0.0851738,-0.14742,6.86688e-12
2.797,0.0990162,-0.0600091,0.236929,0.13969,0.0733892,0.0264407,0.278824,0.10593,-1.9144e-12,0.326812,-0.183496,6.46184e-12,-0.10319,0.143733,0.0733935,-0.0851738,-0.14742,6.86688e-12
2.798,0.0990279,-0.0602781,0.237003,0.1409,0.0732103,0.0263293,0.278824,0.10593,-1.9144e-12,0.326812,-0.183496,6.46184e-12,-0.102959,0.143749,0.0737022,-0.0851738,-0.14742,6.86688e-12
2.799,0.0990399,-0.0605476,0.237078,0.142113,0.0730272,0.0262076,0.278824,0.10593,-1.9144e-12,0.326812,-0.183496,6.46184e-12,-0.102727,0.143764,0.0740093,-0.0851738,-0.14742,6.86688e-12
2.8,0.099052,-0.0608175,0.237151,0.14333,0.0728397,0.0260757,0.278824,0.10593,-1.9144e-12,0.326812,-0.183496,6.46184e-12,-0.102493,0.14378,0.0743148,-0.0851738,-0.14742,6.86688e-12
2.801,0.0990645,-0.0610878,0.237224,0.144551,0.0726479,0.0259334,0.278824,0.10593,-1.9144e-12,0.326812,-0.183496,6.46184e-12,-0.102258,0.143796,0.0746187,-0.0851738,-0.14742,6.86688e-12
2.802,0.0990772,-0.0613585,0.237297,0.145775,0.0724519,0.0257807,0.278824,0.10593,-1.9144e-12,0.326812,-0.183496,6.46184e-12,-0.102021,0.143812,0.074921,-0.0851738,-0.14742,6.86688e-12
2.803,0.0990901,-0.0616296,0.237369,0.147003,0.0722517,0.0256178,0.278824,0.10593,-1.9144e-12,0.326812,-0.183496,6.46184e-12,-0.101783,0.143829,0.0752217,-0.0851738,-0.14742,6.86688e-12
2.804,0.0991033,-0.0619012,0.23744,0.148234,0.0720474,0.0254445,0.278824,0.10593,-1.9144e-12,0.326812,-0.183496,6.46184e-12,-0.101544,0.143845,0.0755207,-0.0851738,-0.14742,6.86688e-12
2.805,0.0991167,-0.0621731,0.237511,0.149469,0.0718392,0.025261,0.278824,0.10593,-1.9144e-12,0.326812,-0.183496,6.46184e-12,-0.101303,0.143861,0.075818,-0.0851738,-0.14742,6.86688e-12
2.806,0.0991304,-0.0624454,0.237582,0.150707,0.071627,0.0250673,0.278824,0.10593,-1.9144e-12,0.326812,-0.183496,6.46184e-12,-0.101061,0.143878,0.0761136,-0.0851738,-0.14742,6.86688e-12
2.807,0.0991443,-0.0627182,0.237651,0.151949,0.0714109,0.0248634,0.278824,0.10593,-1.9144e-12,0.326812,-0.183496,6.46184e-12,-0.100818,0.143894,0.0764075,-0.0851738,-0.14742,6.86688e-12
2.808,0.0991585,-0.0629913,0.237721,0.153194,0.071191,0.0246495,0.278824,0.10593,-1.9144e-12,0.326812,-0.183496,6.46184e-12,-0.100573,0.143911,0.0766997,-0.0851738,-0.14742,6.86688e-12
2.809,0.0991729,-0.0632648,0.237789,0.154443,0.0709674,0.0244255,0.278824,0.10593,-1.9144e-12,0.326812,-0.183496,6.46184e-12,-0.100327,0.143928,0.0769901,-0.0851738,-0.14742,6.86688e-12
2.81,0.0991876,-0.0635386,0.237857,0.155694,0.0707401,0.0241914,0.278824,0.10593,-1.9144e-12,0.326812,-0.183496,6.46184e-12,-0.100079,0.143944,0.0772787,-0.0851738,-0.14742,6.86688e-12
2.811,0.0992025,-0.0638128,0.237925,0.156949,0.0705093,0.0239474,0.278824,0.10593,-1.9144e-12,0.326812,-0.183496,6.46184e-12,-0.0998304,0.143961,0.0775655,-0.0851738,-0.14742,6.86688e-12
2.812,0.0992177,-0.0640874,0.237992,0.158207,0.0702749,0.0236934,0.278824,0.10593,-1.9144e-12,0.326812,-0.183496,6.46184e-12,-0.09958,0.143978,0.0778505,-0.0851738,-0.14742,6.86688e-12
2.813,0.0992331,-0.0643624,0.238058,0.159468,0.0700371,0.0234295,0.278824,0.10593,-1.9144e-12,0.326812,-0.183496,6.46184e-12,-0.0993283,0.143996,0.0781336,-0.0851738,-0.14742,6.86688e-12
2.814,0.0992488,-0.0646377,0.238123,0.160732,0.0697959,0.0231558,0.278824,0.10593,-1.9144e-12,0.326812,-0.183496,6.46184e-12,-0.0990752,0.144013,0.0784149,-0.0851738,-0.14742,6.86688e-12
2.815,0.0992647,-0.0649133,0.238188,0.161999,0.0695514,0.0228723,0.278824,0.10593,-1.9144e-12,0.326812,-0.183496,6.46184e-12,-0.0988206,0.14403,0.0786943,-0.0851738,-0.14742,6.86688e-12
2.816,0.0992809,-0.0651893,0.238253,0.163269,0.0693037,0.0225789,0.278824,0.10593,-1.9144e-12,0.326812,-0.183496,6.46184e-12,-0.0985646,0.144047,0.0789718,-0.0851738,-0.14742,6.86688e-12
2.817,0.0992973,-0.0654656,0.238317,0.164542,0.0690528,0.0222759,0.278824,0.10593,-1.9144e-12,0.326812,-0.183496,6.46184e-12,-0.0983073,0.144065,0.0792474,-0.0851738,-0.14742,6.86688e-12
2.818,0.099314,-0.0657423,0.23838,0.165818,0.0687988,0.0219632,0.278824,0.10593,-1.9144e-12,0.326812,-0.183496,6.46184e-12,-0.0980485,0.144083,0.079521,-0.0851738,-0.14742,6.86688e-12
2.819,0.099331,-0.0660193,0.238442,0.167097,0.0685418,0.0216408,0.278824,0.10593,-1.9144e-12,0.326812,-0.183496,6.46184e-12,-0.0977883,0.1441,0.0797926,-0.0851738,-0.14742,6.86688e-12
2.82,0.0993482,-0.0662966,0.238504,0.168379,0.0682818,0.0213088,0.278824,0.10593,-1.9144e-12,0.326812,-0.183496,6.46184e-12,-0.0975267,0.144118,0.0800623,-0.0851738,-0.14742,6.86688e-12
2.821,0.0993656,-0.0665742,0.238566,0.169663,0.068019,0.0209673,0.278824,0.10593,-1.9144e-12,0.326812,-0.183496,6.46184e-12,-0.0972636,0.144136,0.08033,-0.0851738,-0.14742,6.86688e-12
2.822,0.0993833,-0.0668521,0.238626,0.17095,0.0677534,0.0206163,0.278824,0.10593,-1.9144e-12,0.326812,-0.183496,6.46184e-12,-0.0969991,0.144154,0.0805956,-0.0851738,-0.14742,6.86688e-12
2.823,0.0994013,-0.0671303,0.238687,0.17224,0.067485,0.0202558,0.278824,0.10593,-1.9144e-12,0.326812,-0.183496,6.46184e-12,-0.0967332,0.144172,0.0808592,-0.0851738,-0.14742,6.86688e-12
2.824,0.0994195,-0.0674088,0.238746,0.173532,0.067214,0.0198858,0.278824,0.10593,-1.9144e-12,0.326812,-0.183496,6.46184e-12,-0.0964659,0.14419,0.0811208,-0.0851738,-0.14742,6.86688e-12
2.825,0.099438,-0.0676876,0.238805,0.174827,0.0669404,0.0195065,0.278824,0.10593,-1.9144e-12,0.326812,-0.183496,6.46184e-12,-0.0961971,0.144208,0.0813802,-0.0851738,-0.14742,6.86688e-12
2.826,0.0994568,-0.0679667,0.238863,0.176124,0.0666643,0.0191178,0.278824,0.10593,-1.9144e-12,0.326812,-0.183496,6.46184e-12,-0.0959268,0.144227,0.0816376,-0.0851738,-0.14742,6.86688e-12
2.827,0.0994758,-0.068246,0.23892,0.177424,0.0663857,0.0187198,0.278824,0.10593,-1.9144e-12,0.326812,-0.183496,6.46184e-12,-0.0956551,0.144245,0.0818928,-0.0851738,-0.14742,6.86688e-12
2.828,0.099495,-0.0685257,0.238977,0.178726,0.0661047,0.0183126,0.278824,0.10593,-1.9144e-12,0.326812,-0.183496,6.46184e-12,-0.095382,0.144264,0.0821459,-0.0851738,-0.14742,6.86688e-12
2.829,0.0995145,-0.0688056,0.239033,0.18003,0.0658214,0.0178961,0.278824,0.10593,-1.9144e-12,0.326812,-0.183496,6.46184e-12,-0.0951074,0.144283,0.0823968,-0.0851738,-0.14742,6.86688e-12
2.83,0.0995343,-0.0690857,0.239089,0.181337,0.0655359,0.0174705,0.278824,0.10593,-1.9144e-12,0.326812,-0.183496,6.46184e-12,-0.0948313,0.144301,0.0826455,-0.0851738,-0.14742,6.86688e-12
2.831,0.0995543,-0.0693662,0.239144,0.182646,0.0652483,0.0170357,0.278824,0.10593,-1.9144e-12,0.326812,-0.183496,6.46184e-12,-0.0945538,0.14432,0.082892,-0.0851738,-0.14742,6.86688e-12
2.832,0.0995746,-0.0696468,0.239198,0.183958,0.0649585,0.0165918,0.278824,0.10593,-1.9144e-12,0.326812,-0.183496,6.46184e-12,-0.0942748,0.144339,0.0831363,-0.0851738,-0.14742,6.86688e-12
2.833,0.0995952,-0.0699278,0.239251,0.185271,0.0646667,0.0161389,0.278824,0.10593,-1.9144e-12,0.326812,-0.183496,6.46184e-12,-0.0939944,0.144358,0.0833784,-0.0851738,-0.14742,6.86688e-12
2.834,0.099616,-0.0702089,0.239304,0.186587,0.064373,0.015677,0.278824,0.10593,-1.9144e-12,0.326812,-0.183496,6.46184e-12,-0.0937125,0.144377,0.0836181,-0.0851738,-0.14742,6.86688e-12
2.835,0.0996371,-0.0704903,0.239356,0.187905,0.0640773,0.0152061,0.278824,0.10593,-1.9144e-12,0.326812,-0.183496,6.46184e-12,-0.0934291,0.144397,0.0838556,-0.0851738,-0.14742,6.86688e-12
2.836,0.0996584,-0.0707719,0.239407,0.189224,0.0637799,0.0147263,0.278824,0.10593,-1.9144e-12,0.326812,-0.183496,6.46184e-12,-0.0931442,0.144416,0.0840908,-0.0851738,-0.14742,6.86688e-12
2.837,0.09968,-0.0710538,0.239458,0.190546,0.0634807,0.0142376,0.278824,0.10593,-1.9144e-12,0.326812,-0.183496,6.46184e-12,-0.0928578,0.144436,0.0843237,-0.0851738,-0.14742,6.86688e-12
2.838,0.0997019,-0.0713358,0.239508,0.19187,0.0631799,0.0137401,0.278824,0.10593,-1.9144e-12,0.326812,-0.183496,6.46184e-12,-0.09257,0.144455,0.0845542,-0.0851738,-0.14742,6.86688e-12
2.839,0.099724,-0.0716181,0.239557,0.193196,0.0628775,0.0132338,0.278824,0.10593,-1.9144e-12,0.326812,-0.183496,6.46184e-12,-0.0922806,0.144475,0.0847823,-0.0851738,-0.14742,6.86688e-12
2.84,0.0997464,-0.0719006,0.239606,0.194523,0.0625735,0.0127187,0.278824,0.10593,-1.9144e-12,0.326812,-0.183496,6.46184e-12,-0.0919898,0.144495,0.0850081,-0.0851738,-0.14742,6.86688e-12
2.841,0.0997691,-0.0721833,0.239654,0.195852,0.0622681,0.012195,0.278824,0.10593,-1.9144e-12,0.326812,-0.183496,6.46184e-12,-0.0916975,0.144515,0.0852314,-0.0851738,-0.14742,6.86688e-12
2.842,0.099792,-0.0724662,0.239701,0.197184,0.0619613,0.0116625,0.278824,0.10593,-1.9144e-12,0.326812,-0.183496,6.46184e-12,-0.0914036,0.144534,0.0854523,-0.0851738,-0.14742,6.86688e-12
2.843,0.0998152,-0.0727493,0.239747,0.198516,0.0616532,0.0111215,0.278824,0.10593,-1.9144e-12,0.326812,-0.183496,6.46184e-12,-0.0911083,0.144555,0.0856708,-0.0851738,-0.14742,6.86688e-12
2.844,0.0998387,-0.0730325,0.239793,0.199851,0.0613438,0.0105718,0.278824,0.10593,-1.9144e-12,0.326812,-0.183496,6.46184e-12,-0.0908114,0.144575,0.0858868,-0.0851738,-0.14742,6.86688e-12
2.845,0.0998624,-0.0733159,0.239838,0.201187,0.0610333,0.0100136,0.278824,0.10593,-1.9144e-12,0.326812,-0.183496,6.46184e-12,-0.090513,0.144595,0.0861003,-0.0851738,-0.14742,6.86688e-12
2.846,0.0998864,-0.0735996,0.239882,0.202525,0.0607217,0.00944694,0.278824,0.10593,-1.9144e-12,0.326812,-0.183496,6.46184e-12,-0.0902132,0.144615,0.0863113,-0.0851738,-0.14742,6.86688e-12
2.847,0.0999106,-0.0738833,0.239926,0.203864,0.060409,0.0088718,0.278824,0.10593,-1.9144e-12,0.326812,-0.183496,6.46184e-12,-0.0899118,0.144636,0.0865197,-0.0851738,-0.14742,6.86688e-12
2.848,0.0999351,-0.0741673,0.239968,0.205204,0.0600954,0.00828825,0.278824,0.10593,-1.9144e-12,0.326812,-0.183496,6.46184e-12,-0.0896088,0.144657,0.0867257,-0.0851738,-0.14742,6.86688e-12
2.849,0.0999599,-0.0744514,0.24001,0.206547,0.0597809,0.00769633,0.278824,0.10593,-1.9144e-12,0.326812,-0.183496,6.46184e-12,-0.0893044,0.144677,0.086929,-0.0851738,-0.14742,6.86688e-12
2.85,0.099985,-0.0747356,0.240052,0.20789,0.0594656,0.00709608,0.278824,0.10593,-1.9144e-12,0.326812,-0.183496,6.46184e-12,-0.0889984,0.144698,0.0871298,-0.0851738,-0.14742,6.86688e-12
2.851,0.10001,-0.07502,0.240092,0.209235,0.0591495,0.00648755,0.278824,0.10593,-1.9144e-12,0.326812,-0.183496,6.46184e-12,-0.0886909,0.144719,0.0873279,-0.0851738,-0.14742,6.86688e-12
2.852,0.100036,-0.0753046,0.240132,0.210581,0.0588328,0.00587077,0.278824,0.10593,-1.9144e-12,0.326812,-0.183496,6.46184e-12,-0.0883818,0.14474,0.0875234,-0.0851738,-0.14742,6.86688e-12
2.853,0.100062,-0.0755892,0.240171,0.211929,0.0585155,0.00524579,0.278824,0.10593,-1.9144e-12,0.326812,-0.183496,6.46184e-12,-0.0880712,0.144761,0.0877163,-0.0851738,-0.14742,6.86688e-12
2.854,0.100088,-0.075874,0.240209,0.213277,0.0581976,0.00461266,0.278824,0.10593,-1.9144e-12,0.326812,-0.183496,6.46184e-12,-0.0877591,0.144782,0.0879065,-0.0851738,-0.14742,6.86688e-12
2.855,0.100114,-0.076159,0.240247,0.214627,0.0578793,0.00397141,0.278824,0.10593,-1.9144e-12,0.326812,-0.183496,6.46184e-12,-0.0874454,0.144804,0.088094,-0.0851738,-0.14742,6.86688e-12
2.856,0.100141,-0.076444,0.240283,0.215978,0.0575606,0.00332209,0.278824,0.10593,-1.9144e-12,0.326812,-0.183496,6.46184e-12,-0.0871301,0.144825,0.0882787,-0.0851738,-0.14742,6.86688e-12
2.857,0.100168,-0.0767292,0.240319,0.21733,0.0572416,0.00266474,0.278824,0.10593,-1.9144e-12,0.326812,-0.183496,6.46184e-12,-0.0868133,0.144847,0.0884608,-0.0851738,-0.14742,6.86688e-12
2.858,0.100195,-0.0770144,0.240354,0.218683,0.0569223,0.0019994,0.278824,0.10593,-1.9144e-12,0.326812,-0.183496,6.46184e-12,-0.086495,0.144868,0.0886401,-0.0851738,-0.14742,6.86688e-12
2.859,0.100223,-0.0772998,0.240389,0.220037,0.0566029,0.00132611,0.278824,0.10593,-1.9144e-12,0.326812,-0.183496,6.46184e-12,-0.0861751,0.14489,0.0888166,-0.0851738,-0.14742,6.86688e-12
2.86,0.10025,-0.0775852,0.240422,0.221391,0.0562833,0.000644923,0.278824,0.10593,-1.9144e-12,0.326812,-0.183496,6.46184e-12,-0.0858536,0.144912,0.0889904,-0.0851738,-0.14742,6.86688e-12
2.861,0.100279,-0.0778708,0.240455,0.222747,0.0559638,-4.41252e-05,0.278824,0.10593,-1.9144e-12,0.326812,-0.183496,6.46184e-12,-0.0855305,0.144934,0.0891613,-0.0851738,-0.14742,6.86688e-12
2.862,0.100307,-0.0781564,0.240487,0.224104,0.0556442,-0.000740992,0.278824,0.10593,-1.9144e-12,0.326812,-0.183496,6.46184e-12,-0.0852059,0.144956,0.0893294,-0.0851738,-0.14742,6.86688e-12
2.863,0.100335,-0.0784421,0.240518,0.225461,0.0553248,-0.00144563,0.278824,0.10593,-1.9144e-12,0.326812,-0.183496,6.46184e-12,-0.0848797,0.144978,0.0894946,-0.0851738,-0.14742,6.86688e-12
2.864,0.100364,-0.0787279,0.240548,0.226819,0.0550055,-0.00215801,0.278824,0.10593,-1.9144e-12,0.326812,-0.183496,6.46184e-12,-0.0845519,0.145,0.089657,-0.0851738,-0.14742,6.86688e-12
2.865,0.100393,-0.0790138,0.240578,0.228178,0.0546865,-0.00287808,0.278824,0.10593,-1.9144e-12,0.326812,-0.183496,6.46184e-12,-0.0842225,0.145023,0.0898165,-0.0851738,-0.14742,6.86688e-12
2.866,0.100423,-0.0792997,0.240607,0.229538,0.0543679,-0.00360579,0.278824,0.10593,-1.9144e-12,0.326812,-0.183496,6.46184e-12,-0.0838915,0.145045,0.089973,-0.0851738,-0.14742,6.86688e-12
2.867,0.100453,-0.0795857,0.240634,0.230898,0.0540496,-0.00434111,0.278824,0.10593,-1.9144e-12,0.326812,-0.183496,6.46184e-12,-0.083559,0.145068,0.0901267,-0.0851738,-0.14742,6.86688e-12
2.868,0.100483,-0.0798717,0.240661,0.232258,0.0537318,-0.00508399,0.278824,0.10593,-1.9144e-12,0.326812,-0.183496,6.46184e-12,-0.0832248,0.145091,0.0902773,-0.0851738,-0.14742,6.86688e-12
2.869,0.100513,-0.0801578,0.240688,0.233619,0.0534145,-0.0058344,0.278824,0.10593,-1.9144e-12,0.326812,-0.183496,6.46184e-12,-0.0828891,0.145114,0.090425,-0.0851738,-0.14742,6.86688e-12
2.87,0.100543,-0.0804439,0.240713,0.234981,0.0530978,-0.00659228,0.278824,0.10593,-1.9144e-12,0.326812,-0.183496,6.46184e-12,-0.0825517,0.145137,0.0905697,-0.0851738,-0.14742,6.86688e-12
2.871,0.100574,-0.0807301,0.240738,0.236343,0.0527818,-0.0073576,0.278824,0.10593,-1.9144e-12,0.326812,-0.183496,6.46184e-12,-0.0822127,0.14516,0.0907114,-0.0851738,-0.14742,6.86688e-12
2.872,0.100605,-0.0810162,0.240761,0.237705,0.0524666,-0.00813032,0.278824,0.10593,-1.9144e-12,0.326812,-0.183496,6.46184e-12,-0.0818722,0.145183,0.0908501,-0.0851738,-0.14742,6.86688e-12
2.873,0.100637,-0.0813024,0.240784,0.239068,0.0521521,-0.00891038,0.278824,0.10593,-1.9144e-12,0.326812,-0.183496,6.46184e-12,-0.08153,0.145206,0.0909857,-0.0851738,-0.14742,6.86688e-12
2.874,0.100668,-0.0815887,0.240806,0.240431,0.0518386,-0.00969775,0.278824,0.10593,-1.9144e-12,0.326812,-0.183496,6.46184e-12,-0.0811862,0.145229,0.0911182,-0.0851738,-0.14742,6.86688e-12
2.875,0.1007,-0.0818749,0.240827,0.241794,0.051526,-0.0104924,0.278824,0.10593,-1.9144e-12,0.326812,-0.183496,6.46184e-12,-0.0808408,0.145253,0.0912476,-0.0851738,-0.14742,6.86688e-12
2.876,0.100732,-0.0821611,0.240848,0.243157,0.0512145,-0.0112943,0.278824,0.10593,-1.9144e-12,0.326812,-0.183496,6.46184e-12,-0.0804937,0.145276,0.0913739,-0.0851738,-0.14742,6.86688e-12
2.877,0.100765,-0.0824474,0.240867,0.244521,0.0509041,-0.0121033,0.278824,0.10593,-1.9144e-12,0.326812,-0.183496,6.46184e-12,-0.080145,0.1453,0.0914971,-0.0851738,-0.14742,6.86688e-12
2.878,0.100798,-0.0827336,0.240886,0.245884,0.0505948,-0.0129195,0.278824,0.10593,-1.9144e-12,0.326812,-0.183496,6.46184e-12,-0.0797947,0.145324,0.0916171,-0.0851738,-0.14742,6.86688e-12
2.879,0.100831,-0.0830198,0.240903,0.247248,0.0502868,-0.0137428,0.278824,0.10593,-1.9144e-12,0.326812,-0.183496,6.46184e-12,-0.0794428,0.145348,0.0917339,-0.0851738,-0.14742,6.86688e-12
2.88,0.100864,-0.0833061,0.24092,0.248612,0.0499801,-0.0145731,0.278824,0.10593,-1.9144e-12,0.326812,-0.183496,6.46184e-12,-0.0790892,0.145372,0.0918476,-0.0851738,-0.14742,6.86688e-12
2.881,0.100898,-0.0835923,0.240936,0.249975,0.0496748,-0.0154104,0.278824,0.10593,-1.9144e-12,0.326812,-0.183496,6.46184e-12,-0.078734,0.145396,0.091958,-0.0851738,-0.14742,6.86688e-12
2.882,0.100931,-0.0838784,0.240951,0.251339,0.0493709,-0.0162548,0.278824,0.10593,-1.9144e-12,0.326812,-0.183496,6.46184e-12,-0.0783771,0.14542,0.0920652,-0.0851738,-0.14742,6.86688e-12
2.883,0.100966,-0.0841646,0.240965,0.252702,0.0490686,-0.017106,0.278824,0.10593,-1.9144e-12,0.326812,-0.183496,6.46184e-12,-0.0780186,0.145445,0.0921691,-0.0851738,-0.14742,6.86688e-12
2.884,0.101,-0.0844507,0.240979,0.254065,0.0487679,-0.0179641,0.278824,0.10593,-1.9144e-12,0.326812,-0.183496,6.46184e-12,-0.0776584,0.145469,0.0922698,-0.0851738,-0.14742,6.86688e-12
2.885,0.101035,-0.0847367,0.240991,0.255428,0.0484689,-0.0188291,0.278824,0.10593,-1.9144e-12,0.326812,-0.183496,6.46184e-12,-0.0772966,0.145494,0.0923671,-0.0851738,-0.14742,6.86688e-12
2.886,0.10107,-0.0850227,0.241003,0.256791,0.0481716,-0.0197009,0.278824,0.10593,-1.9144e-12,0.326812,-0.183496,6.46184e-12,-0.0769331,0.145519,0.0924612,-0.0851738,-0.14742,6.86688e-12
2.887,0.101105,-0.0853087,0.241013,0.258153,0.0478761,-0.0205794,0.278824,0.10593,-1.9144e-12,0.326812,-0.183496,6.46184e-12,-0.076568,0.145543,0.0925519,-0.0851738,-0.14742,6.86688e-12
2.888,0.101141,-0.0855946,0.241023,0.259515,0.0475825,-0.0214646,0.278824,0.10593,-1.9144e-12,0.326812,-0.183496,6.46184e-12,-0.0762011,0.145568,0.0926392,-0.0851738,-0.14742,6.86688e-12
2.889,0.101177,-0.0858804,0.241032,0.260876,0.0472909,-0.0223565,0.278824,0.10593,-1.9144e-12,0.326812,-0.183496,6.46184e-12,-0.0758326,0.145593,0.0927232,-0.0851738,-0.14742,6.86688e-12
2.89,0.101213,-0.0861662,0.241039,0.262237,0.0470013,-0.0232551,0.278824,0.10593,-1.9144e-12,0.326812,-0.183496,6.46184e-12,-0.0754625,0.145619,0.0928038,-0.0851738,-0.14742,6.86688e-12
2.891,0.101249,-0.0864519,0.241046,0.263598,0.0467138,-0.0241602,0.278824,0.10593,-1.9144e-12,0.326812,-0.183496,6.46184e-12,-0.0750906,0.145644,0.0928809,-0.0851738,-0.14742,6.86688e-12
2.892,0.101286,-0.0867375,0.241052,0.264958,0.0464285,-0.0250719,0.278824,0.10593,-1.9144e-12,0.326812,-0.183496,6.46184e-12,-0.0747171,0.145669,0.0929546,-0.0851738,-0.14742,6.86688e-12
2.893,0.101323,-0.087023,0.241057,0.266317,0.0461454,-0.0259901,0.278824,0.10593,-1.9144e-12,0.326812,-0.183496,6.46184e-12,-0.0743419,0.145695,0.0930249,-0.0851738,-0.14742,6.86688e-12
2.894,0.101361,-0.0873084,0.241062,0.267676,0.0458646,-0.0269147,0.278824,0.10593,-1.9144e-12,0.326812,-0.183496,6.46184e-12,-0.073965,0.145721,0.0930916,-0.0851738,-0.14742,6.86688e-12
2.895,0.101398,-0.0875937,0.241065,0.269034,0.0455862,-0.0278458,0.278824,0.10593,-1.9144e-12,0.326812,-0.183496,6.46184e-12,-0.0735864,0.145746,0.0931549,-0.0851738,-0.14742,6.86688e-12
2.896,0.101436,-0.0878789,0.241067,0.270391,0.0453103,-0.0287832,0.278824,0.10593,-1.9144e-12,0.326812,-0.183496,6.46184e-12,-0.0732061,0.145772,0.0932146,-0.0851738,-0.14742,6.86688e-12
2.897,0.101474,-0.0881641,0.241068,0.271748,0.0450369,-0.0297269,0.278824,0.10593,-1.9144e-12,0.326812,-0.183496,6.46184e-12,-0.0728241,0.145798,0.0932709,-0.0851738,-0.14742,6.86688e-12
2.898,0.101513,-0.0884491,0.241069,0.273103,0.044766,-0.030677,0.278824,0.10593,-1.9144e-12,0.326812,-0.183496,6.46184e-12,-0.0724404,0.145824,0.0933235,-0.0851738,-0.14742,6.86688e-12
2.899,0.101552,-0.0887339,0.241068,0.274458,0.0444979,-0.0316333,0.278824,0.10593,-1.9144e-12,0.326812,-0.183496,6.46184e-12,-0.072055,0.14585,0.0933726,-0.0851738,-0.14742,6.86688e-12
2.9,0.101591,-0.0890187,0.241067,0.275812,0.0442325,-0.0325958,0.278824,0.10593,-1.9144e-12,0.326812,-0.183496,6.46184e-12,-0.0716679,0.145877,0.093418,-0.0851738,-0.14742,6.86688e-12
2.901,0.10163,-0.0893033,0.241064,0.277164,0.0439699,-0.0335644,0.278824,0.10593,-1.9144e-12,0.326812,-0.183496,6.46184e-12,-0.0712791,0.145903,0.0934599,-0.0851738,-0.14742,6.86688e-12
2.902,0.10167,-0.0895878,0.241061,0.278516,0.04371,-0.0345391,0.278824,0.10593,-1.9144e-12,0.326812,-0.183496,6.46184e-12,-0.0708885,0.14593,0.0934981,-0.0851738,-0.14742,6.86688e-12
2.903,0.10171,-0.0898721,0.241056,0.279867,0.0434529,-0.0355195,0.278824,0.10593,-1.9144e-12,0.326812,-0.183496,6.46184e-12,-0.0704963,0.145956,0.0935326,-0.0851738,-0.14742,6.86688e-12
2.904,0.10175,-0.0901563,0.241051,0.281216,0.0431985,-0.0365055,0.278824,0.10593,-1.9144e-12,0.326812,-0.183496,6.46184e-12,-0.0701023,0.145983,0.0935635,-0.0851738,-0.14742,6.86688e-12
2.905,0.10179,-0.0904403,0.241045,0.282563,0.0429467,-0.037497,0.278824,0.10593,-1.9144e-12,0.326812,-0.183496,6.46184e-12,-0.0697066,0.14601,0.0935906,-0.0851738,-0.14742,6.86688e-12
2.906,0.101831,-0.0907242,0.241037,0.283909,0.0426975,-0.0384937,0.278824,0.10593,-1.9144e-12,0.326812,-0.183496,6.46184e-12,-0.0693091,0.146037,0.0936141,-0.0851738,-0.14742,6.86688e-12
2.907,0.101872,-0.0910079,0.241029,0.285253,0.0424509,-0.0394955,0.278824,0.10593,-1.9144e-12,0.326812,-0.183496,6.46184e-12,-0.0689099,0.146064,0.0936338,-0.0851738,-0.14742,6.86688e-12
2.908,0.101914,-0.0912914,0.24102,0.286595,0.0422068,-0.0405021,0.278824,0.10593,-1.9144e-12,0.326812,-0.183496,6.46184e-12,-0.068509,0.146092,0.0936497,-0.0851738,-0.14742,6.86688e-12
2.909,0.101955,-0.0915747,0.24101,0.287936,0.0419652,-0.0415135,0.278824,0.10593,-1.9144e-12,0.326812,-0.183496,6.46184e-12,-0.0681063,0.146119,0.0936619,-0.0851738,-0.14742,6.86688e-12
2.91,0.101997,-0.0918578,0.240999,0.289274,0.0417261,-0.0425293,0.278824,0.10593,-1.9144e-12,0.326812,-0.183496,6.46184e-12,-0.0677019,0.146146,0.0936702,-0.0851738,-0.14742,6.86688e-12
2.911,0.10204,-0.0921407,0.240987,0.290609,0.0414893,-0.0435495,0.278824,0.10593,-1.9144e-12,0.326812,-0.183496,6.46184e-12,-0.0672957,0.146174,0.0936747,-0.0851738,-0.14742,6.86688e-12
2.912,0.102082,-0.0924235,0.240974,0.291943,0.0412549,-0.0445739,0.278824,0.10593,-1.9144e-12,0.326812,-0.183496,6.46184e-12,-0.066888,0.146202,0.0936754,-0.0851738,-0.14742,6.86688e-12
2.913,0.102125,-0.092706,0.240961,0.293273,0.0410228,-0.0456022,0.278824,0.10593,-1.9144e-12,0.326812,-0.183496,6.46184e-12,-0.0664812,0.14623,0.0936722,-0.0851738,-0.14742,6.86688e-12
2.914,0.102168,-0.0929882,0.240946,0.294601,0.040793,-0.0466343,0.278824,0.10593,-1.9144e-12,0.326812,-0.183496,6.46184e-12,-0.0660762,0.146257,0.0936652,-0.0851738,-0.14742,6.86688e-12
2.915,0.102212,-0.0932703,0.24093,0.295927,0.0405654,-0.0476699,0.278824,0.10593,-1.9144e-12,0.326812,-0.183496,6.46184e-12,-0.0656729,0.146284,0.0936544,-0.0851738,-0.14742,6.86688e-12
2.916,0.102255,-0.0935521,0.240914,0.297249,0.04034,-0.048709,0.278824,0.10593,-1.9144e-12,0.326812,-0.183496,6.46184e-12,-0.0652714,0.146312,0.0936398,-0.0851738,-0.14742,6.86688e-12
2.917,0.102299,-0.0938337,0.240897,0.298568,0.0401168,-0.0497514,0.278824,0.10593,-1.9144e-12,0.326812,-0.183496,6.46184e-12,-0.0648716,0.146339,0.0936215,-0.0851738,-0.14742,6.86688e-12
2.918,0.102344,-0.094115,0.240878,0.299884,0.0398957,-0.0507968,0.278824,0.10593,-1.9144e-12,0.326812,-0.183496,6.46184e-12,-0.0644735,0.146366,0.0935994,-0.0851738,-0.14742,6.86688e-12
2.919,0.102388,-0.094396,0.240859,0.301197,0.0396766,-0.051845,0.278824,0.10593,-1.9144e-12,0.326812,-0.183496,6.46184e-12,-0.0640772,0.146393,0.0935735,-0.0851738,-0.14742,6.86688e-12
2.92,0.102433,-0.0946768,0.240839,0.302506,0.0394596,-0.0528959,0.278824,0.10593,-1.9144e-12,0.326812,-0.183496,6.46184e-12,-0.0636826,0.14642,0.093544,-0.0851738,-0.14742,6.86688e-12
2.921,0.102478,-0.0949574,0.240818,0.303811,0.0392446,-0.0539493,0.278824,0.10593,-1.9144e-12,0.326812,-0.183496,6.46184e-12,-0.0632897,0.146447,0.0935107,-0.0851738,-0.14742,6.86688e-12
2.922,0.102524,-0.0952376,0.240797,0.305113,0.0390315,-0.0550051,0.278824,0.10593,-1.9144e-12,0.326812,-0.183496,6.46184e-12,-0.0628985,0.146473,0.0934738,-0.0851738,-0.14742,6.86688e-12
2.923,0.10257,-0.0955176,0.240774,0.306411,0.0388203,-0.056063,0.278824,0.10593,-1.9144e-12,0.326812,-0.183496,6.46184e-12,-0.0625091,0.1465,0.0934332,-0.0851738,-0.14742,6.86688e-12
2.924,0.102616,-0.0957973,0.24075,0.307705,0.038611,-0.0571228,0.278824,0.10593,-1.9144e-12,0.326812,-0.183496,6.46184e-12,-0.0621214,0.146526,0.093389,-0.0851738,-0.14742,6.86688e-12
2.925,0.102662,-0.0960766,0.240726,0.308995,0.0384035,-0.0581844,0.278824,0.10593,-1.9144e-12,0.326812,-0.183496,6.46184e-12,-0.0617354,0.146552,0.0933412,-0.0851738,-0.14742,6.86688e-12
2.926,0.102708,-0.0963557,0.240701,0.31028,0.0381977,-0.0592475,0.278824,0.10593,-1.9144e-12,0.326812,-0.183496,6.46184e-12,-0.0613511,0.146578,0.0932899,-0.0851738,-0.14742,6.86688e-12
2.927,0.102755,-0.0966344,0.240675,0.311561,0.0379938,-0.0603121,0.278824,0.10593,-1.9144e-12,0.326812,-0.183496,6.46184e-12,-0.0609685,0.146604,0.0932349,-0.0851738,-0.14742,6.86688e-12
2.928,0.102803,-0.0969129,0.240648,0.312838,0.0377915,-0.0613779,0.278824,0.10593,-1.9144e-12,0.326812,-0.183496,6.46184e-12,-0.0605876,0.14663,0.0931764,-0.0851738,-0.14742,6.86688e-12
2.929,0.10285,-0.097191,0.24062,0.31411,0.0375909,-0.0624447,0.278824,0.10593,-1.9144e-12,0.326812,-0.183496,6.46184e-12,-0.0602084,0.146656,0.0931144,-0.0851738,-0.14742,6.86688e-12
2.93,0.102898,-0.0974688,0.240591,0.315377,0.0373919,-0.0635123,0.278824,0.10593,-1.9144e-12,0.326812,-0.183496,6.46184e-12,-0.0598309,0.146682,0.0930488,-0.0851738,-0.14742,6.86688e-12
2.931,0.102946,-0.0977462,0.240562,0.316639,0.0371944,-0.0645807,0.278824,0.10593,-1.9144e-12,0.326812,-0.183496,6.46184e-12,-0.0594551,0.146707,0.0929798,-0.0851738,-0.14742,6.86688e-12
2.932,0.102994,-0.0980233,0.240532,0.317896,0.0369986,-0.0656495,0.278824,0.10593,-1.9144e-12,0.326812,-0.183496,6.46184e-12,-0.059081,0.146733,0.0929073,-0.0851738,-0.14742,6.86688e-12
2.933,0.103043,-0.0983,0.2405,0.319148,0.0368042,-0.0667186,0.278824,0.10593,-1.9144e-12,0.326812,-0.183496,6.46184e-12,-0.0587085,0.146758,0.0928314,-0.0851738,-0.14742,6.86688e-12
2.934,0.103092,-0.0985764,0.240468,0.320395,0.0366112,-0.0677878,0.278824,0.10593,-1.9144e-12,0.326812,-0.183496,6.46184e-12,-0.0583378,0.146783,0.092752,-0.0851738,-0.14742,6.86688e-12
2.935,0.103141,-0.0988524,0.240436,0.321636,0.0364197,-0.068857,0.278824,0.10593,-1.9144e-12,0.326812,-0.183496,6.46184e-12,-0.0579687,0.146808,0.0926693,-0.0851738,-0.14742,6.86688e-12
2.936,0.10319,-0.099128,0.240402,0.322871,0.0362295,-0.0699259,0.278824,0.10593,-1.9144e-12,0.326812,-0.183496,6.46184e-12,-0.0576013,0.146833,0.0925831,-0.0851738,-0.14742,6.86688e-12
2.937,0.10324,-0.0994033,0.240368,0.324101,0.0360407,-0.0709944,0.278824,0.10593,-1.9144e-12,0.326812,-0.183496,6.46184e-12,-0.0572355,0.146858,0.0924936,-0.0851738,-0.14742,6.86688e-12
2.938,0.10329,-0.0996781,0.240332,0.325325,0.0358532,-0.0720622,0.278824,0.10593,-1.9144e-12,0.326812,-0.183496,6.46184e-12,-0.0568715,0.146883,0.0924007,-0.0851738,-0.14742,6.86688e-12
2.939,0.10334,-0.0999526,0.240296,0.326543,0.0356669,-0.0731293,0.278824,0.10593,-1.9144e-12,0.326812,-0.183496,6.46184e-12,-0.0565091,0.146908,0.0923046,-0.0851738,-0.14742,6.86688e-12
2.94,0.103391,-0.100227,0.240259,0.327755,0.0354818,-0.0741954,0.278824,0.10593,-1.9144e-12,0.326812,-0.183496,6.46184e-12,-0.0561483,0.146932,0.0922051,-0.0851738,-0.14742,6.86688e-12
2.941,0.103442,-0.1005,0.240222,0.32896,0.0352978,-0.0752603,0.278824,0.10593,-1.9144e-12,0.326812,-0.183496,6.46184e-12,-0.0557892,0.146957,0.0921023,-0.0851738,-0.14742,6.86688e-12
2.942,0.103493,-0.100774,0.240183,0.33016,0.035115,-0.0763238,0.278824,0.10593,-1.9144e-12,0.326812,-0.183496,6.46184e-12,-0.0554317,0.146981,0.0919962,-0.0851738,-0.14742,6.86688e-12
2.943,0.103544,-0.101046,0.240144,0.331352,0.0349333,-0.0773859,0.278824,0.10593,-1.9144e-12,0.326812,-0.183496,6.46184e-12,-0.0550759,0.147005,0.091887,-0.0851738,-0.14742,6.86688e-12
2.944,0.103596,-0.101319,0.240104,0.332538,0.0347526,-0.0784462,0.278824,0.10593,-1.9144e-12,0.326812,-0.183496,6.46184e-12,-0.0547218,0.147029,0.0917745,-0.0851738,-0.14742,6.86688e-12
2.945,0.103648,-0.101591,0.240063,0.333718,0.034573,-0.0795046,0.278824,0.10593,-1.9144e-12,0.326812,-0.183496,6.46184e-12,-0.0543693,0.147053,0.0916587,-0.0851738,-0.14742,6.86688e-12
2.946,0.103701,-0.101862,0.240022,0.33489,0.0343942,-0.0805609,0.278824,0.10593,-1.9144e-12,0.326812,-0.183496,6.46184e-12,-0.0540184,0.147077,0.0915398,-0.0851738,-0.14742,6.86688e-12
2.947,0.103753,-0.102133,0.239979,0.336055,0.0342164,-0.081615,0.278824,0.10593,-1.9144e-12,0.326812,-0.183496,6.46184e-12,-0.0536691,0.147101,0.0914178,-0.0851738,-0.14742,6.86688e-12
2.948,0.103806,-0.102404,0.239936,0.337214,0.0340395,-0.0826666,0.278824,0.10593,-1.9144e-12,0.326812,-0.183496,6.46184e-12,-0.0533215,0.147125,0.0912926,-0.0851738,-0.14742,6.86688e-12
2.949,0.103859,-0.102674,0.239892,0.338364,0.0338634,-0.0837156,0.278824,0.10593,-1.9144e-12,0.326812,-0.183496,6.46184e-12,-0.0529755,0.147148,0.0911643,-0.0851738,-0.14742,6.86688e-12
2.95,0.103913,-0.102943,0.239848,0.339508,0.0336881,-0.0847617,0.278824,0.10593,-1.9144e-12,0.326812,-0.183496,6.46184e-12,-0.0526311,0.147171,0.0910328,-0.0851738,-0.14742,6.86688e-12
2.951,0.103966,-0.103213,0.239802,0.340644,0.0335136,-0.0858049,0.278824,0.10593,-1.9144e-12,0.326812,-0.183496,6.46184e-12,-0.0522884,0.147195,0.0908983,-0.0851738,-0.14742,6.86688e-12
2.952,0.10402,-0.103481,0.239756,0.341772,0.0333397,-0.0868449,0.278824,0.10593,-1.9144e-12,0.326812,-0.183496,6.46184e-12,-0.0519472,0.147218,0.0907607,-0.0851738,-0.14742,6.86688e-12
2.953,0.104075,-0.103749,0.239709,0.342892,0.0331666,-0.0878815,0.278824,0.10593,-1.9144e-12,0.326812,-0.183496,6.46184e-12,-0.0516077,0.147241,0.0906201,-0.0851738,-0.14742,6.86688e-12
2.954,0.104129,-0.104017,0.239661,0.344005,0.032994,-0.0889146,0.278824,0.10593,-1.9144e-12,0.326812,-0.183496,6.46184e-12,-0.0512698,0.147264,0.0904765,-0.0851738,-0.14742,6.86688e-12
2.955,0.104184,-0.104284,0.239613,0.345109,0.0328221,-0.0899439,0.278824,0.10593,-1.9144e-12,0.326812,-0.183496,6.46184e-12,-0.0509335,0.147287,0.0903298,-0.0851738,-0.14742,6.86688e-12
2.956,0.104239,-0.104551,0.239564,0.346205,0.0326507,-0.0909693,0.278824,0.10593,-1.9144e-12,0.326812,-0.183496,6.46184e-12,-0.0505987,0.14731,0.0901802,-0.0851738,-0.14742,6.86688e-12
2.957,0.104294,-0.104817,0.239514,0.347293,0.0324798,-0.0919907,0.278824,0.10593,-1.9144e-12,0.326812,-0.183496,6.46184e-12,-0.0502656,0.147332,0.0900276,-0.0851738,-0.14742,6.86688e-12
2.958,0.10435,-0.105083,0.239463,0.348372,0.0323094,-0.0930077,0.278824,0.10593,-1.9144e-12,0.326812,-0.183496,6.46184e-12,-0.0499341,0.147355,0.0898721,-0.0851738,-0.14742,6.86688e-12
2.959,0.104406,-0.105348,0.239412,0.349443,0.0321394,-0.0940203,0.278824,0.10593,-1.9144e-12,0.326812,-0.183496,6.46184e-12,-0.0496041,0.147377,0.0897137,-0.0851738,-0.14742,6.86688e-12
2.96,0.104462,-0.105612,0.23936,0.350505,0.0319698,-0.0950282,0.278824,0.10593,-1.9144e-12,0.326812,-0.183496,6.46184e-12,-0.0492758,0.1474,0.0895523,-0.0851738,-0.14742,6.86688e-12
2.961,0.104519,-0.105876,0.239307,0.351558,0.0318005,-0.0960313,0.278824,0.10593,-1.9144e-12,0.326812,-0.183496,6.46184e-12,-0.048949,0.147422,0.0893881,-0.0851738,-0.14742,6.86688e-12
2.962,0.104576,-0.10614,0.239254,0.352602,0.0316315,-0.0970294,0.278824,0.10593,-1.9144e-12,0.326812,-0.183496,6.46184e-12,-0.0486238,0.147444,0.089221,-0.0851738,-0.14742,6.86688e-12
2.963,0.104633,-0.106403,0.2392,0.353637,0.0314628,-0.0980223,0.278824,0.10593,-1.9144e-12,0.326812,-0.183496,6.46184e-12,-0.0483002,0.147466,0.0890511,-0.0851738,-0.14742,6.86688e-12
2.964,0.10469,-0.106665,0.239145,0.354662,0.0312943,-0.0990098,0.278824,0.10593,-1.9144e-12,0.326812,-0.183496,6.46184e-12,-0.0479782,0.147488,0.0888783,-0.0851738,-0.14742,6.86688e-12
2.965,0.104748,-0.106927,0.239089,0.355678,0.0311259,-0.0999918,0.278824,0.10593,-1.9144e-12,0.326812,-0.183496,6.46184e-12,-0.0476577,0.14751,0.0887028,-0.0851738,-0.14742,6.86688e-12
2.966,0.104806,-0.107188,0.239033,0.356685,0.0309578,-0.100968,0.278824,0.10593,-1.9144e-12,0.326812,-0.183496,6.46184e-12,-0.0473388,0.147531,0.0885245,-0.0851738,-0.14742,6.86688e-12
2.967,0.104864,-0.107448,0.238976,0.357682,0.0307897,-0.101938,0.278824,0.10593,-1.9144e-12,0.326812,-0.183496,6.46184e-12,-0.0470214,0.147553,0.0883434,-0.0851738,-0.14742,6.86688e-12
2.968,0.104922,-0.107708,0.238918,0.358669,0.0306216,-0.102902,0.278824,0.10593,-1.9144e-12,0.326812,-0.183496,6.46184e-12,-0.0467056,0.147574,0.0881596,-0.0851738,-0.14742,6.86688e-12
2.969,0.104981,-0.107967,0.23886,0.359646,0.0304536,-0.10386,0.278824,0.10593,-1.9144e-12,0.326812,-0.183496,6.46184e-12,-0.0463914,0.147596,0.087973,-0.0851738,-0.14742,6.86688e-12
2.97,0.10504,-0.108226,0.238801,0.360614,0.0302855,-0.104812,0.278824,0.10593,-1.9144e-12,0.326812,-0.183496,6.46184e-12,-0.0460787,0.147617,0.0877838,-0.0851738,-0.14742,6.86688e-12
2.971,0.105099,-0.108484,0.238741,0.361571,0.0301174,-0.105756,0.278824,0.10593,-1.9144e-12,0.326812,-0.183496,6.46184e-12,-0.0457676,0.147638,0.0875918,-0.0851738,-0.14742,6.86688e-12
2.972,0.105159,-0.108742,0.23868,0.362517,0.0299492,-0.106694,0.278824,0.10593,-1.9144e-12,0.326812,-0.183496,6.46184e-12,-0.045458,0.147659,0.0873973,-0.0851738,-0.14742,6.86688e-12
2.973,0.105219,-0.108999,0.238619,0.363453,0.0297808,-0.107625,0.278824,0.10593,-1.9144e-12,0.326812,-0.183496,6.46184e-12,-0.0451499,0.14768,0.0872001,-0.0851738,-0.14742,6.86688e-12
2.974,0.105279,-0.109255,0.238558,0.364379,0.0296122,-0.108549,0.278824,0.10593,-1.9144e-12,0.326812,-0.183496,6.46184e-12,-0.0448434,0.147701,0.0870002,-0.0851738,-0.14742,6.86688e-12
2.975,0.105339,-0.10951,0.238495,0.365294,0.0294433,-0.109465,0.278824,0.10593,-1.9144e-12,0.326812,-0.183496,6.46184e-12,-0.0445384,0.147722,0.0867978,-0.0851738,-0.14742,6.86688e-12
2.976,0.1054,-0.109765,0.238432,0.366198,0.0292743,-0.110374,0.278824,0.10593,-1.9144e-12,0.326812,-0.183496,6.46184e-12,-0.0442349,0.147743,0.0865928,-0.0851738,-0.14742,6.86688e-12
2.977,0.105461,-0.110019,0.238368,0.367091,0.0291048,-0.111274,0.278824,0.10593,-1.9144e-12,0.326812,-0.183496,6.46184e-12,-0.043933,0.147763,0.0863852,-0.0851738,-0.14742,6.86688e-12
2.978,0.105522,-0.110273,0.238304,0.367973,0.0289351,-0.112167,0.278824,0.10593,-1.9144e-12,0.326812,-0.183496,6.46184e-12,-0.0436326,0.147783,0.0861751,-0.0851738,-0.14742,6.86688e-12
2.979,0.105584,-0.110526,0.238239,0.368843,0.0287649,-0.113052,0.278824,0.10593,-1.9144e-12,0.326812,-0.183496,6.46184e-12,-0.0433337,0.147804,0.0859625,-0.0851738,-0.14742,6.86688e-12
2.98,0.105646,-0.110778,0.238173,0.369703,0.0285943,-0.113929,0.278824,0.10593,-1.9144e-12,0.326812,-0.183496,6.46184e-12,-0.0430363,0.147824,0.0857474,-0.0851738,-0.14742,6.86688e-12
2.981,0.105708,-0.11103,0.238107,0.370551,0.0284232,-0.114797,0.278824,0.10593,-1.9144e-12,0.326812,-0.183496,6.46184e-12,-0.0427404,0.147844,0.0855298,-0.0851738,-0.14742,6.86688e-12
2.982,0.10577,-0.11128,0.23804,0.371387,0.0282516,-0.115656,0.278824,0.10593,-1.9144e-12,0.326812,-0.183496,6.46184e-12,-0.042446,0.147864,0.0853097,-0.0851738,-0.14742,6.86688e-12
2.983,0.105833,-0.11153,0.237973,0.372211,0.0280794,-0.116507,0.278824,0.10593,-1.9144e-12,0.326812,-0.183496,6.46184e-12,-0.0421531,0.147884,0.0850872,-0.0851738,-0.14742,6.86688e-12
2.984,0.105896,-0.11178,0.237904,0.373023,0.0279066,-0.117348,0.278824,0.10593,-1.9144e-12,0.326812,-0.183496,6.46184e-12,-0.0418618,0.147904,0.0848623,-0.0851738,-0.14742,6.86688e-12
2.985,0.105959,-0.112029,0.237836,0.373824,0.0277331,-0.11818,0.278824,0.10593,-1.9144e-12,0.326812,-0.183496,6.46184e-12,-0.0415719,0.147924,0.0846351,-0.0851738,-0.14742,6.86688e-12
2.986,0.106022,-0.112277,0.237766,0.374612,0.027559,-0.119003,0.278824,0.10593,-1.9144e-12,0.326812,-0.183496,6.46184e-12,-0.0412835,0.147943,0.0844054,-0.0851738,-0.14742,6.86688e-12
2.987,0.106086,-0.112524,0.237696,0.375388,0.0273842,-0.119816,0.278824,0.10593,-1.9144e-12,0.326812,-0.183496,6.46184e-12,-0.0409966,0.147963,0.0841734,-0.0851738,-0.14742,6.86688e-12
2.988,0.10615,-0.11277,0.237626,0.376151,0.0272085,-0.12062,0.278824,0.10593,-1.9144e-12,0.326812,-0.183496,6.46184e-12,-0.0407112,0.147982,0.083939,-0.0851738,-0.14742,6.86688e-12
2.989,0.106214,-0.113016,0.237554,0.376902,0.0270321,-0.121413,0.278824,0.10593,-1.9144e-12,0.326812,-0.183496,6.46184e-12,-0.0404273,0.148001,0.0837023,-0.0851738,-0.14742,6.86688e-12
2.99,0.106279,-0.113261,0.237483,0.377641,0.0268548,-0.122196,0.278824,0.10593,-1.9144e-12,0.326812,-0.183496,6.46184e-12,-0.0401449,0.148021,0.0834633,-0.0851738,-0.14742,6.86688e-12
2.991,0.106344,-0.113505,0.23741,0.378366,0.0266767,-0.122969,0.278824,0.10593,-1.9144e-12,0.326812,-0.183496,6.46184e-12,-0.0398639,0.14804,0.0832221,-0.0851738,-0.14742,6.86688e-12
2.992,0.106409,-0.113749,0.237337,0.379078,0.0264975,-0.123732,0.278824,0.10593,-1.9144e-12,0.326812,-0.183496,6.46184e-12,-0.0395844,0.148059,0.0829786,-0.0851738,-0.14742,6.86688e-12
2.993,0.106474,-0.113991,0.237264,0.379778,0.0263174,-0.124483,0.278824,0.10593,-1.9144e-12,0.326812,-0.183496,6.46184e-12,-0.0393064,0.148078,0.0827329,-0.0851738,-0.14742,6.86688e-12
2.994,0.10654,-0.114233,0.237189,0.380464,0.0261363,-0.125224,0.278824,0.10593,-1.9144e-12,0.326812,-0.183496,6.46184e-12,-0.0390298,0.148097,0.0824849,-0.0851738,-0.14742,6.86688e-12
2.995,0.106606,-0.114474,0.237115,0.381137,0.0259542,-0.125954,0.278824,0.10593,-1.9144e-12,0.326812,-0.183496,6.46184e-12,-0.0387547,0.148115,0.0822348,-0.0851738,-0.14742,6.86688e-12
2.996,0.106672,-0.114715,0.237039,0.381796,0.0257709,-0.126673,0.278824,0.10593,-1.9144e-12,0.326812,-0.183496,6.46184e-12,-0.038481,0.148134,0.0819825,-0.0851738,-0.14742,6.86688e-12
2.997,0.106738,-0.114954,0.236963,0.382441,0.0255865,-0.12738,0.278824,0.10593,-1.9144e-12,0.326812,-0.183496,6.46184e-12,-0.0382088,0.148152,0.081728,-0.0851738,-0.14742,6.86688e-12
2.998,0.106805,-0.115193,0.236887,0.383073,0.0254009,-0.128075,0.278824,0.10593,-1.9144e-12,0.326812,-0.183496,6.46184e-12,-0.0379381,0.148171,0.0814714,-0.0851738,-0.14742,6.86688e-12
2.999,0.106872,-0.115431,0.23681,0.383691,0.0252141,-0.128759,0.278824,0.10593,-1.9144e-12,0.326812,-0.183496,6.46184e-12,-0.0376688,0.148189,0.0812127,-0.0851738,-0.14742,6.86688e-12
3,0.106939,-0.115668,0.236732,0.384295,0.025026,-0.129431,0.278824,0.10593,-1.9144e-12,0.326812,-0.183496,6.46184e-12,-0.0374009,0.148207,0.0809519,-0.0851738,-0.14742,6.86688e-12
3.001,0.107007,-0.115904,0.236654,0.384885,0.0248367,-0.130091,0.278824,0.10593,-1.9144e-12,0.326812,-0.183496,6.46184e-12,-0.0371345,0.148225,0.080689,-0.0851738,-0.14742,6.86688e-12
3.002,0.107075,-0.11614,0.236575,0.385461,0.024646,-0.130738,0.278824,0.10593,-1.9144e-12,0.326812,-0.183496,6.46184e-12,-0.0368695,0.148243,0.0804241,-0.0851738,-0.14742,6.86688e-12
3.003,0.107143,-0.116374,0.236496,0.386023,0.024454,-0.131374,0.278824,0.10593,-1.9144e-12,0.326812,-0.183496,6.46184e-12,-0.0366059,0.148261,0.0801571,-0.0851738,-0.14742,6.86688e-12
3.004,0.107211,-0.116608,0.236416,0.386571,0.0242607,-0.131997,0.278824,0.10593,-1.9144e-12,0.326812,-0.183496,6.46184e-12,-0.0363438,0.148279,0.0798882,-0.0851738,-0.14742,6.86688e-12
3.005,0.10728,-0.116841,0.236336,0.387105,0.0240661,-0.132609,0.278824,0.10593,-1.9144e-12,0.326812,-0.183496,6.46184e-12,-0.0360831,0.148297,0.0796172,-0.0851738,-0.14742,6.86688e-12
3.006,0.107349,-0.117073,0.236255,0.387626,0.0238702,-0.133208,0.278824,0.10593,-1.9144e-12,0.326812,-0.183496,6.46184e-12,-0.0358238,0.148315,0.0793443,-0.0851738,-0.14742,6.86688e-12
3.007,0.107418,-0.117304,0.236174,0.388134,0.023673,-0.133796,0.278824,0.10593,-1.9144e-12,0.326812,-0.183496,6.46184e-12,-0.0355659,0.148332,0.0790694,-0.0851738,-0.14742,6.86688e-12
3.008,0.107487,-0.117535,0.236092,0.388627,0.0234745,-0.134372,0.278824,0.10593,-1.9144e-12,0.326812,-0.183496,6.46184e-12,-0.0353095,0.14835,0.0787926,-0.0851738,-0.14742,6.86688e-12
3.009,0.107557,-0.117764,0.23601,0.389108,0.0232747,-0.134936,0.278824,0.10593,-1.9144e-12,0.326812,-0.183496,6.46184e-12,-0.0350544,0.148367,0.0785138,-0.0851738,-0.14742,6.86688e-12
3.01,0.107627,-0.117993,0.235927,0.389575,0.0230735,-0.135488,0.278824,0.10593,-1.9144e-12,0.326812,-0.183496,6.46184e-12,-0.0348008,0.148384,0.0782332,-0.0851738,-0.14742,6.86688e-12
3.011,0.107697,-0.118221,0.235844,0.39003,0.0228711,-0.136028,0.278824,0.10593,-1.9144e-12,0.326812,-0.183496,6.46184e-12,-0.0345486,0.148401,0.0779507,-0.0851738,-0.14742,6.86688e-12
3.012,0.107768,-0.118447,0.235761,0.390471,0.0226674,-0.136557,0.278824,0.10593,-1.9144e-12,0.326812,-0.183496,6.46184e-12,-0.0342977,0.148418,0.0776664,-0.0851738,-0.14742,6.86688e-12
3.013,0.107839,-0.118673,0.235677,0.3909,0.0224623,-0.137074,0.278824,0.10593,-1.9144e-12,0.326812,-0.183496,6.46184e-12,-0.0340483,0.148435,0.0773802,-0.0851738,-0.14742,6.86688e-12
3.014,0.10791,-0.118898,0.235593,0.391316,0.0222559,-0.13758,0.278824,0.10593,-1.9144e-12,0.326812,-0.183496,6.46184e-12,-0.0338002,0.148452,0.0770922,-0.0851738,-0.14742,6.86688e-12
3.015,0.107981,-0.119123,0.235508,0.391719,0.0220482,-0.138074,0.278824,0.10593,-1.9144e-12,0.326812,-0.183496,6.46184e-12,-0.0335536,0.148469,0.0768025,-0.0851738,-0.14742,6.86688e-12
3.016,0.108053,-0.119346,0.235423,0.39211,0.0218393,-0.138557,0.278824,0.10593,-1.9144e-12,0.326812,-0.183496,6.46184e-12,-0.0333083,0.148486,0.0765109,-0.0851738,-0.14742,6.86688e-12
3.017,0.108124,-0.119568,0.235337,0.392488,0.0216289,-0.139028,0.278824,0.10593,-1.9144e-12,0.326812,-0.183496,6.46184e-12,-0.0330644,0.148502,0.0762177,-0.0851738,-0.14742,6.86688e-12
3.018,0.108197,-0.11979,0.235251,0.392854,0.0214173,-0.139488,0.278824,0.10593,-1.9144e-12,0.326812,-0.183496,6.46184e-12,-0.0328219,0.148519,0.0759226,-0.0851738,-0.14742,6.86688e-12
3.019,0.108269,-0.120011,0.235165,0.393208,0.0212044,-0.139937,0.278824,0.10593,-1.9144e-12,0.326812,-0.183496,6.46184e-12,-0.0325807,0.148535,0.0756259,-0.0851738,-0.14742,6.86688e-12
3.02,0.108342,-0.12023,0.235079,0.393549,0.0209902,-0.140374,0.278824,0.10593,-1.9144e-12,0.326812,-0.183496,6.46184e-12,-0.0323409,0.148551,0.0753275,-0.0851738,-0.14742,6.86688e-12
3.021,0.108414,-0.120449,0.234992,0.393879,0.0207746,-0.1408,0.278824,0.10593,-1.9144e-12,0.326812,-0.183496,6.46184e-12,-0.0321025,0.148568,0.0750274,-0.0851738,-0.14742,6.86688e-12
3.022,0.108488,-0.120667,0.234905,0.394197,0.0205578,-0.141215,0.278824,0.10593,-1.9144e-12,0.326812,-0.183496,6.46184e-12,-0.0318655,0.148584,0.0747257,-0.0851738,-0.14742,6.86688e-12
3.023,0.108561,-0.120884,0.234817,0.394503,0.0203396,-0.141618,0.278824,0.10593,-1.9144e-12,0.326812,-0.183496,6.46184e-12,-0.0316298,0.1486,0.0744224,-0.0851738,-0.14742,6.86688e-12
3.024,0.108635,-0.1211,0.234729,0.394797,0.0201201,-0.142011,0.278824,0.10593,-1.9144e-12,0.326812,-0.183496,6.46184e-12,-0.0313955,0.148616,0.0741174,-0.0851738,-0.14742,6.86688e-12
3.025,0.108709,-0.121315,0.234641,0.39508,0.0198993,-0.142392,0.278824,0.10593,-1.9144e-12,0.326812,-0.183496,6.46184e-12,-0.0311625,0.148632,0.0738109,-0.0851738,-0.14742,6.86688e-12
3.026,0.108783,-0.121529,0.234553,0.395352,0.0196772,-0.142763,0.278824,0.10593,-1.9144e-12,0.326812,-0.183496,6.46184e-12,-0.0309308,0.148647,0.0735027,-0.0851738,-0.14742,6.86688e-12
3.027,0.108857,-0.121742,0.234464,0.395612,0.0194537,-0.143122,0.278824,0.10593,-1.9144e-12,0.326812,-0.183496,6.46184e-12,-0.0307006,0.148663,0.0731931,-0.0851738,-0.14742,6.86688e-12
3.028,0.108932,-0.121955,0.234376,0.39586,0.019229,-0.143471,0.278824,0.10593,-1.9144e-12,0.326812,-0.183496,6.46184e-12,-0.0304716,0.148679,0.0728819,-0.0851738,-0.14742,6.86688e-12
3.029,0.109007,-0.122166,0.234287,0.396098,0.0190029,-0.143808,0.278824,0.10593,-1.9144e-12,0.326812,-0.183496,6.46184e-12,-0.030244,0.148694,0.0725692,-0.0851738,-0.14742,6.86688e-12
3.03,0.109082,-0.122376,0.234197,0.396325,0.0187755,-0.144135,0.278824,0.10593,-1.9144e-12,0.326812,-0.183496,6.46184e-12,-0.0300177,0.148709,0.072255,-0.0851738,-0.14742,6.86688e-12
3.031,0.109157,-0.122586,0.234108,0.396541,0.0185468,-0.144451,0.278824,0.10593,-1.9144e-12,0.326812,-0.183496,6.46184e-12,-0.0297928,0.148725,0.0719394,-0.0851738,-0.14742,6.86688e-12
3.032,0.109233,-0.122794,0.234018,0.396746,0.0183168,-0.144756,0.278824,0.10593,-1.9144e-12,0.326812,-0.183496,6.46184e-12,-0.0295692,0.14874,0.0716223,-0.0851738,-0.14742,6.86688e-12
3.033,0.109309,-0.123002,0.233928,0.39694,0.0180855,-0.14505,0.278824,0.10593,-1.9144e-12,0.326812,-0.183496,6.46184e-12,-0.0293469,0.148755,0.0713038,-0.0851738,-0.14742,6.86688e-12
3.034,0.109385,-0.123208,0.233838,0.397124,0.0178528,-0.145334,0.278824,0.10593,-1.9144e-12,0.326812,-0.183496,6.46184e-12,-0.0291259,0.14877,0.0709839,-0.0851738,-0.14742,6.86688e-12
3.035,0.109462,-0.123414,0.233748,0.397297,0.0176189,-0.145607,0.278824,0.10593,-1.9144e-12,0.326812,-0.183496,6.46184e-12,-0.0289062,0.148785,0.0706625,-0.0851738,-0.14742,6.86688e-12
3.036,0.109539,-0.123619,0.233658,0.39746,0.0173836,-0.14587,0.278824,0.10593,-1.9144e-12,0.326812,-0.183496,6.46184e-12,-0.0286879,0.1488,0.0703399,-0.0851738,-0.14742,6.86688e-12
3.037,0.109616,-0.123822,0.233567,0.397613,0.017147,-0.146122,0.278824,0.10593,-1.9144e-12,0.326812,-0.183496,6.46184e-12,-0.0284709,0.148815,0.0700159,-0.0851738,-0.14742,6.86688e-12
3.038,0.109693,-0.124025,0.233476,0.397756,0.0169091,-0.146364,0.278824,0.10593,-1.9144e-12,0.326812,-0.183496,6.46184e-12,-0.0282551,0.148829,0.0696905,-0.0851738,-0.14742,6.86688e-12
3.039,0.10977,-0.124226,0.233386,0.397888,0.0166698,-0.146595,0.278824,0.10593,-1.9144e-12,0.326812,-0.183496,6.46184e-12,-0.0280407,0.148844,0.0693639,-0.0851738,-0.14742,6.86688e-12
3.04,0.109848,-0.124427,0.233295,0.398011,0.0164293,-0.146816,0.278824,0.10593,-1.9144e-12,0.326812,-0.183496,6.46184e-12,-0.0278276,0.148858,0.0690359,-0.0851738,-0.14742,6.86688e-12
3.041,0.109926,-0.124627,0.233204,0.398124,0.0161874,-0.147026,0.278824,0.10593,-1.9144e-12,0.326812,-0.183496,6.46184e-12,-0.0276157,0.148873,0.0687067,-0.0851738,-0.14742,6.86688e-12
3.042,0.110004,-0.124825,0.233113,0.398227,0.0159442,-0.147226,0.278824,0.10593,-1.9144e-12,0.326812,-0.183496,6.46184e-12,-0.0274052,0.148887,0.0683763,-0.0851738,-0.14742,6.86688e-12
3.043,0.110083,-0.125023,0.233022,0.39832,0.0156997,-0.147416,0.278824,0.10593,-1.9144e-12,0.326812,-0.183496,6.46184e-12,-0.0271959,0.148901,0.0680446,-0.0851738,-0.14742,6.86688e-12
3.044,0.110161,-0.125219,0.23293,0.398404,0.0154538,-0.147596,0.278824,0.10593,-1.9144e-12,0.326812,-0.183496,6.46184e-12,-0.026988,0.148916,0.0677118,-0.0851738,-0.14742,6.86688e-12
3.045,0.11024,-0.125415,0.232839,0.398479,0.0152067,-0.147766,0.278824,0.10593,-1.9144e-12,0.326812,-0.183496,6.46184e-12,-0.0267813,0.14893,0.0673777,-0.0851738,-0.14742,6.86688e-12
3.046,0.11032,-0.12561,0.232748,0.398544,0.0149582,-0.147925,0.278824,0.10593,-1.9144e-12,0.326812,-0.183496,6.46184e-12,-0.0265758,0.148944,0.0670425,-0.0851738,-0.14742,6.86688e-12
3.047,0.110399,-0.125803,0.232656,0.398601,0.0147084,-0.148074,0.278824,0.10593,-1.9144e-12,0.326812,-0.183496,6.46184e-12,-0.0263717,0.148957,0.0667062,-0.0851738,-0.14742,6.86688e-12
3.048,0.110479,-0.125996,0.232565,0.398648,0.0144572,-0.148214,0.278824,0.10593,-1.9144e-12,0.326812,-0.183496,6.46184e-12,-0.0261688,0.148971,0.0663687,-0.0851738,-0.14742,6.86688e-12
3.049,0.110559,-0.126187,0.232474,0.398686,0.0142048,-0.148343,0.278824,0.10593,-1.9144e-12,0.326812,-0.183496,6.46184e-12,-0.0259672,0.148985,0.0660301,-0.0851738,-0.14742,6.86688e-12
3.05,0.110639,-0.126378,0.232382,0.398715,0.013951,-0.148462,0.278824,0.10593,-1.9144e-12,0.326812,-0.183496,6.46184e-12,-0.0257669,0.148999,0.0656905,-0.0851738,-0.14742,6.86688e-12
3.051,0.110719,-0.126567,0.232291,0.398736,0.0136959,-0.148572,0.278824,0.10593,-1.9144e-12,0.326812,-0.183496,6.46184e-12,-0.0255678,0.149012,0.0653497,-0.0851738,-0.14742,6.86688e-12
3.052,0.1108,-0.126755,0.2322,0.398748,0.0134395,-0.148671,0.278824,0.10593,-1.9144e-12,0.326812,-0.183496,6.46184e-12,-0.0253699,0.149026,0.065008,-0.0851738,-0.14742,6.86688e-12
3.053,0.110881,-0.126943,0.232108,0.398752,0.0131817,-0.148761,0.278824,0.10593,-1.9144e-12,0.326812,-0.183496,6.46184e-12,-0.0251734,0.149039,0.0646652,-0.0851738,-0.14742,6.86688e-12
3.054,0.110962,-0.127129,0.232017,0.398747,0.0129226,-0.148841,0.278824,0.10593,-1.9144e-12,0.326812,-0.183496,6.46184e-12,-0.024978,0.149052,0.0643214,-0.0851738,-0.14742,6.86688e-12
3.055,0.111044,-0.127314,0.231926,0.398733,0.0126622,-0.148912,0.278824,0.10593,-1.9144e-12,0.326812,-0.183496,6.46184e-12,-0.0247839,0.149065,0.0639766,-0.0851738,-0.14742,6.86688e-12
3.056,0.111125,-0.127498,0.231835,0.398712,0.0124005,-0.148973,0.278824,0.10593,-1.9144e-12,0.326812,-0.183496,6.46184e-12,-0.0245911,0.149079,0.0636309,-0.0851738,-0.14742,6.86688e-12
3.057,0.111207,-0.127681,0.231744,0.398683,0.0121375,-0.149024,0.278824,0.10593,-1.9144e-12,0.326812,-0.183496,6.46184e-12,-0.0243995,0.149092,0.0632842,-0.0851738,-0.14742,6.86688e-12
3.058,0.111289,-0.127863,0.231653,0.398645,0.0118731,-0.149065,0.278824,0.10593,-1.9144e-12,0.326812,-0.183496,6.46184e-12,-0.0242091,0.149105,0.0629367,-0.0851738,-0.14742,6.86688e-12
3.059,0.111372,-0.128044,0.231562,0.3986,0.0116074,-0.149097,0.278824,0.10593,-1.9144e-12,0.326812,-0.183496,6.46184e-12,-0.0240199,0.149117,0.0625882,-0.0851738,-0.14742,6.86688e-12
3.06,0.111454,-0.128224,0.231472,0.398547,0.0113403,-0.14912,0.278824,0.10593,-1.9144e-12,0.326812,-0.183496,6.46184e-12,-0.023832,0.14913,0.0622388,-0.0851738,-0.14742,6.86688e-12
3.061,0.111537,-0.128403,0.231381,0.398486,0.011072,-0.149133,0.278824,0.10593,-1.9144e-12,0.326812,-0.183496,6.46184e-12,-0.0236453,0.149143,0.0618886,-0.0851738,-0.14742,6.86688e-12
3.062,0.11162,-0.12858,0.231291,0.398418,0.0108023,-0.149136,0.278824,0.10593,-1.9144e-12,0.326812,-0.183496,6.46184e-12,-0.0234598,0.149155,0.0615375,-0.0851738,-0.14742,6.86688e-12
3.063,0.111704,-0.128757,0.231201,0.398342,0.0105313,-0.149131,0.278824,0.10593,-1.9144e-12,0.326812,-0.183496,6.46184e-12,-0.0232755,0.149168,0.0611856,-0.0851738,-0.14742,6.86688e-12
3.064,0.111787,-0.128932,0.231111,0.398259,0.0102589,-0.149116,0.278824,0.10593,-1.9144e-12,0.326812,-0.183496,6.46184e-12,-0.0230925,0.14918,0.0608329,-0.0851738,-0.14742,6.86688e-12
3.065,0.111871,-0.129107,0.231021,0.398169,0.00998524,-0.149092,0.278824,0.10593,-1.9144e-12,0.326812,-0.183496,6.46184e-12,-0.0229106,0.149193,0.0604795,-0.0851738,-0.14742,6.86688e-12
3.066,0.111955,-0.12928,0.230931,0.398071,0.00971023,-0.149058,0.278824,0.10593,-1.9144e-12,0.326812,-0.183496,6.46184e-12,-0.02273,0.149205,0.0601252,-0.0851738,-0.14742,6.86688e-12
3.067,0.112039,-0.129452,0.230841,0.397967,0.0094339,-0.149016,0.278824,0.10593,-1.9144e-12,0.326812,-0.183496,6.46184e-12,-0.0225506,0.149217,0.0597703,-0.0851738,-0.14742,6.86688e-12
3.068,0.112124,-0.129623,0.230752,0.397856,0.00915623,-0.148964,0.278824,0.10593,-1.9144e-12,0.326812,-0.183496,6.46184e-12,-0.0223723,0.149229,0.0594146,-0.0851738,-0.14742,6.86688e-12
3.069,0.112209,-0.129793,0.230663,0.397738,0.00887724,-0.148903,0.278824,0.10593,-1.9144e-12,0.326812,-0.183496,6.46184e-12,-0.0221953,0.149241,0.0590582,-0.0851738,-0.14742,6.86688e-12
3.07,0.112294,-0.129962,0.230574,0.397613,0.00859691,-0.148833,0.278824,0.10593,-1.9144e-12,0.326812,-0.183496,6.46184e-12,-0.0220194,0.149253,0.0587012,-0.0851738,-0.14742,6.86688e-12
3.071,0.112379,-0.13013,0.230486,0.397482,0.00831525,-0.148754,0.278824,0.10593,-1.9144e-12,0.326812,-0.183496,6.46184e-12,-0.0218447,0.149265,0.0583435,-0.0851738,-0.14742,6.86688e-12
3.072,0.112464,-0.130296,0.230397,0.397344,0.00803226,-0.148667,0.278824,0.10593,-1.9144e-12,0.326812,-0.183496,6.46184e-12,-0.0216712,0.149277,0.0579851,-0.0851738,-0.14742,6.86688e-12
3.073,0.11255,-0.130462,0.230309,0.3972,0.00774794,-0.14857,0.278824,0.10593,-1.9144e-12,0.326812,-0.183496,6.46184e-12,-0.0214989,0.149289,0.0576261,-0.0851738,-0.14742,6.86688e-12
3.074,0.112636,-0.130626,0.230221,0.39705,0.00746228,-0.148465,0.278824,0.10593,-1.9144e-12,0.326812,-0.183496,6.46184e-12,-0.0213278,0.1493,0.0572666,-0.0851738,-0.14742,6.86688e-12
3.075,0.112722,-0.130789,0.230134,0.396893,0.00717529,-0.14835,0.278824,0.10593,-1.9144e-12,0.326812,-0.183496,6.46184e-12,-0.0211578,0.149312,0.0569064,-0.0851738,-0.14742,6.86688e-12
3.076,0.112808,-0.130951,0.230047,0.396731,0.00688697,-0.148227,0.278824,0.10593,-1.9144e-12,0.326812,-0.183496,6.46184e-12,-0.020989,0.149324,0.0565457,-0.0851738,-0.14742,6.86688e-12
3.077,0.112895,-0.131112,0.22996,0.396562,0.00659732,-0.148095,0.278824,0.10593,-1.9144e-12,0.326812,-0.183496,6.46184e-12,-0.0208214,0.149335,0.0561845,-0.0851738,-0.14742,6.86688e-12
3.078,0.112982,-0.131271,0.229873,0.396388,0.00630633,-0.147955,0.278824,0.10593,-1.9144e-12,0.326812,-0.183496,6.46184e-12,-0.0206549,0.149346,0.0558227,-0.0851738,-0.14742,6.86688e-12
3.079,0.113069,-0.13143,0.229787,0.396208,0.00601401,-0.147806,0.278824,0.10593,-1.9144e-12,0.326812,-0.183496,6.46184e-12,-0.0204896,0.149357,0.0554605,-0.0851738,-0.14742,6.86688e-12
3.08,0.113156,-0.131587,0.229701,0.396023,0.00572035,-0.147648,0.278824,0.10593,-1.9144e-12,0.326812,-0.183496,6.46184e-12,-0.0203254,0.149369,0.0550978,-0.0851738,-0.14742,6.86688e-12
3.081,0.113244,-0.131743,0.229616,0.395832,0.00542536,-0.147482,0.278824,0.10593,-1.9144e-12,0.326812,-0.183496,6.46184e-12,-0.0201624,0.14938,0.0547346,-0.0851738,-0.14742,6.86688e-12
3.082,0.113332,-0.131898,0.229531,0.395636,0.00512903,-0.147308,0.278824,0.10593,-1.9144e-12,0.326812,-0.183496,6.46184e-12,-0.0200006,0.149391,0.054371,-0.0851738,-0.14742,6.86688e-12
3.083,0.113419,-0.132052,0.229446,0.395434,0.00483136,-0.147125,0.278824,0.10593,-1.9144e-12,0.326812,-0.183496,6.46184e-12,-0.0198399,0.149402,0.0540069,-0.0851738,-0.14742,6.86688e-12
3.084,0.113508,-0.132205,0.229362,0.395227,0.00453236,-0.146933,0.278824,0.10593,-1.9144e-12,0.326812,-0.183496,6.46184e-12,-0.0196803,0.149413,0.0536425,-0.0851738,-0.14742,6.86688e-12
3.085,0.113596,-0.132356,0.229278,0.395016,0.00423203,-0.146733,0.278824,0.10593,-1.9144e-12,0.326812,-0.183496,6.46184e-12,-0.0195218,0.149423,0.0532777,-0.0851738,-0.14742,6.86688e-12
3.086,0.113685,-0.132506,0.229194,0.394799,0.00393035,-0.146525,0.278824,0.10593,-1.9144e-12,0.326812,-0.183496,6.46184e-12,-0.0193645,0.149434,0.0529126,-0.0851738,-0.14742,6.86688e-12
3.087,0.113774,-0.132655,0.229111,0.394577,0.00362734,-0.146309,0.278824,0.10593,-1.9144e-12,0.326812,-0.183496,6.46184e-12,-0.0192083,0.149445,0.0525471,-0.0851738,-0.14742,6.86688e-12
3.088,0.113863,-0.132803,0.229028,0.394351,0.00332299,-0.146084,0.278824,0.10593,-1.9144e-12,0.326812,-0.183496,6.46184e-12,-0.0190533,0.149455,0.0521813,-0.0851738,-0.14742,6.86688e-12
3.089,0.113952,-0.13295,0.228946,0.39412,0.0030173,-0.145851,0.278824,0.10593,-1.9144e-12,0.326812,-0.183496,6.46184e-12,-0.0188994,0.149466,0.0518152,-0.0851738,-0.14742,6.86688e-12
3.09,0.114042,-0.133095,0.228864,0.393885,0.00271028,-0.145611,0.278824,0.10593,-1.9144e-12,0.326812,-0.183496,6.46184e-12,-0.0187465,0.149476,0.0514488,-0.0851738,-0.14742,6.86688e-12
3.091,0.114131,-0.13324,0.228783,0.393645,0.00240191,-0.145362,0.278824,0.10593,-1.9144e-12,0.326812,-0.183496,6.46184e-12,-0.0185948,0.149486,0.0510822,-0.0851738,-0.14742,6.86688e-12
3.092,0.114221,-0.133383,0.228702,0.393401,0.00209221,-0.145105,0.278824,0.10593,-1.9144e-12,0.326812,-0.183496,6.46184e-12,-0.0184442,0.149497,0.0507153,-0.0851738,-0.14742,6.86688e-12
3.093,0.114312,-0.133524,0.228622,0.393152,0.00178116,-0.14484,0.278824,0.10593,-1.9144e-12,0.326812,-0.183496,6.46184e-12,-0.0182948,0.149507,0.0503483,-0.0851738,-0.14742,6.86688e-12
3.094,0.114402,-0.133665,0.228542,0.3929,0.00146878,-0.144567,0.278824,0.10593,-1.9144e-12,0.326812,-0.183496,6.46184e-12,-0.0181464,0.149517,0.049981,-0.0851738,-0.14742,6.86688e-12
3.095,0.114493,-0.133804,0.228463,0.392644,0.00115506,-0.144286,0.278824,0.10593,-1.9144e-12,0.326812,-0.183496,6.46184e-12,-0.0179991,0.149527,0.0496136,-0.0851738,-0.14742,6.86688e-12
3.096,0.114584,-0.133942,0.228384,0.392383,0.000839992,-0.143997,0.278824,0.10593,-1.9144e-12,0.326812,-0.183496,6.46184e-12,-0.0178529,0.149537,0.049246,-0.0851738,-0.14742,6.86688e-12
3.097,0.114675,-0.134079,0.228306,0.392119,0.000523586,-0.143701,0.278824,0.10593,-1.9144e-12,0.326812,-0.183496,6.46184e-12,-0.0177078,0.149547,0.0488783,-0.0851738,-0.14742,6.86688e-12
3.098,0.114766,-0.134215,0.228229,0.391852,0.000205838,-0.143397,0.278824,0.10593,-1.9144e-12,0.326812,-0.183496,6.46184e-12,-0.0175638,0.149556,0.0485104,-0.0851738,-0.14742,6.86688e-12
3.099,0.114857,-0.134349,0.228152,0.391581,-0.000113251,-0.143085,0.278824,0.10593,7.61418e-08,0.326812,-0.183496,6.46184e-12,-0.0174209,0.149566,0.0481425,-0.0851738,-0.14742,6.86688e-12
3.1,0.114949,-0.134482,0.228075,0.391306,-0.000433683,-0.142765,0.278824,0.10593,2.79194e-06,0.326812,-0.183496,6.46184e-12,-0.0172791,0.149576,0.0477745,-0.0851738,-0.14742,6.86688e-12
3.101,0.115041,-0.134614,0.227999,0.391028,-0.000755454,-0.142438,0.278825,0.10593,9.38465e-06,0.326812,-0.183496,6.46184e-12,-0.0171383,0.149585,0.0474065,-0.0851738,-0.14742,6.86688e-12
3.102,0.115133,-0.134745,0.227924,0.390747,-0.00107854,-0.142103,0.278826,0.10593,1.98338e-05,0.326812,-0.183496,6.46184e-12,-0.0169987,0.149595,0.0470384,-0.0851738,-0.14742,6.86688e-12
3.103,0.115226,-0.134874,0.227849,0.390463,-0.00140293,-0.141761,0.278828,0.10593,3.4119e-05,0.326812,-0.183496,6.46184e-12,-0.0168601,0.149604,0.0466703,-0.0851738,-0.14742,6.86688e-12
3.104,0.115318,-0.135002,0.227775,0.390176,-0.00172858,-0.141412,0.27883,0.10593,5.22198e-05,0.326812,-0.183496,6.46184e-12,-0.0167225,0.149614,0.0463022,-0.0851738,-0.14742,6.86688e-12
3.105,0.115411,-0.135129,0.227702,0.389886,-0.00205549,-0.141055,0.278832,0.10593,7.41157e-05,0.326812,-0.183496,6.46184e-12,-0.016586,0.149623,0.0459342,-0.0851738,-0.14742,6.86688e-12
3.106,0.115504,-0.135255,0.227629,0.389593,-0.00238361,-0.140692,0.278835,0.10593,9.97864e-05,0.326812,-0.183496,6.46184e-12,-0.0164506,0.149632,0.0455662,-0.0851738,-0.14742,6.86688e-12
3.107,0.115598,-0.135379,0.227557,0.389298,-0.00271294,-0.140322,0.278839,0.105931,0.000129211,0.326812,-0.183496,6.46184e-12,-0.0163163,0.149641,0.0451982,-0.0851738,-0.14742,6.86688e-12
3.108,0.115691,-0.135502,0.227485,0.389,-0.00304344,-0.139945,0.278843,0.105931,0.00016237,0.326812,-0.183496,6.46184e-12,-0.016183,0.14965,0.0448304,-0.0851738,-0.14742,6.86688e-12
3.109,0.115785,-0.135624,0.227414,0.3887,-0.0033751,-0.139561,0.278847,0.105931,0.000199242,0.326812,-0.183496,6.46184e-12,-0.0160507,0.149659,0.0444627,-0.0851738,-0.14742,6.86688e-12
3.11,0.115879,-0.135745,0.227344,0.388397,-0.00370788,-0.139171,0.278852,0.105931,0.000239807,0.326812,-0.183496,6.46184e-12,-0.0159195,0.149668,0.0440951,-0.0851738,-0.14742,6.86688e-12
3.111,0.115973,-0.135864,0.227275,0.388092,-0.00404177,-0.138774,0.278858,0.105932,0.000284045,0.326812,-0.183496,6.46184e-12,-0.0157893,0.149677,0.0437276,-0.0851738,-0.14742,6.86688e-12
3.112,0.116068,-0.135982,0.227206,0.387785,-0.00437674,-0.138371,0.278863,0.105932,0.000331934,0.326812,-0.183496,6.46184e-12,-0.0156602,0.149686,0.0433603,-0.0851738,-0.14742,6.86688e-12
3.113,0.116162,-0.136099,0.227137,0.387476,-0.00471277,-0.137963,0.27887,0.105932,0.000383456,0.326812,-0.183496,6.46184e-12,-0.0155321,0.149695,0.0429932,-0.0851738,-0.14742,6.86688e-12
3.114,0.116257,-0.136214,0.22707,0.387166,-0.00504983,-0.137548,0.278877,0.105932,0.000438588,0.326812,-0.183496,6.46184e-12,-0.0154051,0.149703,0.0426264,-0.0851738,-0.14742,6.86688e-12
3.115,0.116352,-0.136328,0.227003,0.386853,-0.0053879,-0.137127,0.278884,0.105933,0.000497311,0.326812,-0.183496,6.46184e-12,-0.015279,0.149712,0.0422597,-0.0851738,-0.14742,6.86688e-12
3.116,0.116448,-0.136441,0.226937,0.386539,-0.00572695,-0.1367,0.278892,0.105933,0.000559605,0.326812,-0.183496,6.46184e-12,-0.015154,0.14972,0.0418933,-0.0851738,-0.14742,6.86688e-12
3.117,0.116543,-0.136553,0.226872,0.386224,-0.00606697,-0.136268,0.2789,0.105934,0.000625448,0.326812,-0.183496,6.46184e-12,-0.01503,0.149729,0.0415272,-0.0851738,-0.14742,6.86688e-12
3.118,0.116639,-0.136664,0.226807,0.385907,-0.00640793,-0.135831,0.278909,0.105934,0.000694821,0.326812,-0.183496,6.46184e-12,-0.0149071,0.149737,0.0411614,-0.0851738,-0.14742,6.86688e-12
3.119,0.116735,-0.136773,0.226743,0.385589,-0.0067498,-0.135388,0.278919,0.105935,0.000767702,0.326812,-0.183496,6.46184e-12,-0.0147851,0.149745,0.0407959,-0.0851738,-0.14742,6.86688e-12
3.12,0.116832,-0.136881,0.22668,0.385269,-0.00709256,-0.13494,0.278928,0.105935,0.000844073,0.326812,-0.183496,6.46184e-12,-0.0146642,0.149754,0.0404307,-0.0851738,-0.14742,6.86688e-12
3.121,0.116928,-0.136987,0.226618,0.384949,-0.00743619,-0.134486,0.278939,0.105936,0.000923911,0.326812,-0.183496,6.46184e-12,-0.0145442,0.149762,0.0400658,-0.0851738,-0.14742,6.86688e-12
3.122,0.117025,-0.137093,0.226556,0.384627,-0.00778066,-0.134028,0.27895,0.105936,0.0010072,0.326812,-0.183496,6.46184e-12,-0.0144253,0.14977,0.0397014,-0.0851738,-0.14742,6.86688e-12
3.123,0.117122,-0.137197,0.226495,0.384305,-0.00812596,-0.133565,0.278961,0.105937,0.00109391,0.326812,-0.183496,6.46184e-12,-0.0143074,0.149778,0.0393373,-0.0851738,-0.14742,6.86688e-12
3.124,0.11722,-0.1373,0.226435,0.383982,-0.00847204,-0.133097,0.278973,0.105937,0.00118403,0.326812,-0.183496,6.46184e-12,-0.0141904,0.149786,0.0389737,-0.0851738,-0.14742,6.86688e-12
3.125,0.117317,-0.137401,0.226376,0.383659,-0.0088189,-0.132625,0.278986,0.105938,0.00127754,0.326812,-0.183496,6.46184e-12,-0.0140745,0.149794,0.0386104,-0.0851738,-0.14742,6.86688e-12
3.126,0.117415,-0.137501,0.226317,0.383335,-0.00916651,-0.132148,0.278999,0.105939,0.00137441,0.326812,-0.183496,6.46184e-12,-0.0139595,0.149802,0.0382477,-0.0851738,-0.14742,6.86688e-12
3.127,0.117513,-0.1376,0.22626,0.38301,-0.00951484,-0.131666,0.279013,0.105939,0.00147463,0.326812,-0.183496,6.46184e-12,-0.0138456,0.149809,0.0378854,-0.0851738,-0.14742,6.86688e-12
3.128,0.117612,-0.137698,0.226203,0.382686,-0.00986387,-0.131181,0.279027,0.10594,0.00157817,0.326812,-0.183496,6.46184e-12,-0.0137326,0.149817,0.0375236,-0.0851738,-0.14742,6.86688e-12
3.129,0.11771,-0.137795,0.226147,0.382361,-0.0102136,-0.130691,0.279042,0.105941,0.00168502,0.326812,-0.183496,6.46184e-12,-0.0136205,0.149825,0.0371623,-0.0851738,-0.14742,6.86688e-12
3.13,0.117809,-0.13789,0.226091,0.382036,-0.0105639,-0.130197,0.279057,0.105942,0.00179515,0.326812,-0.183496,6.46184e-12,-0.0135095,0.149832,0.0368016,-0.0851738,-0.14742,6.86688e-12
3.131,0.117909,-0.137984,0.226037,0.381711,-0.0109149,-0.1297,0.279073,0.105942,0.00190854,0.326812,-0.183496,6.46184e-12,-0.0133994,0.14984,0.0364414,-0.0851738,-0.14742,6.86688e-12
3.132,0.118008,-0.138076,0.225983,0.381387,-0.0112665,-0.129199,0.279089,0.105943,0.00202518,0.326812,-0.183496,6.46184e-12,-0.0132903,0.149847,0.0360817,-0.0851738,-0.14742,6.86688e-12
3.133,0.118108,-0.138168,0.225931,0.381062,-0.0116187,-0.128694,0.279106,0.105944,0.00214504,0.326812,-0.183496,6.46184e-12,-0.0131822,0.149854,0.0357227,-0.0851738,-0.14742,6.86688e-12
3.134,0.118208,-0.138258,0.225879,0.380739,-0.0119714,-0.128185,0.279124,0.105945,0.00226811,0.326812,-0.183496,6.46184e-12,-0.013075,0.149862,0.0353643,-0.0851738,-0.14742,6.86688e-12
3.135,0.118308,-0.138347,0.225828,0.380415,-0.0123247,-0.127674,0.279142,0.105946,0.00239435,0.326812,-0.183496,6.46184e-12,-0.0129688,0.149869,0.0350065,-0.0851738,-0.14742,6.86688e-12
3.136,0.118409,-0.138434,0.225778,0.380093,-0.0126785,-0.127159,0.279161,0.105947,0.00252376,0.326812,-0.183496,6.46184e-12,-0.0128635,0.149876,0.0346494,-0.0851738,-0.14742,6.86688e-12
3.137,0.118509,-0.13852,0.225728,0.379771,-0.0130328,-0.126641,0.27918,0.105948,0.00265631,0.326812,-0.183496,6.46184e-12,-0.0127592,0.149883,0.034293,-0.0851738,-0.14742,6.86688e-12
3.138,0.11861,-0.138605,0.22568,0.37945,-0.0133875,-0.12612,0.2792,0.105949,0.00279198,0.326812,-0.183496,6.46184e-12,-0.0126558,0.14989,0.0339372,-0.0851738,-0.14742,6.86688e-12
3.139,0.118712,-0.138689,0.225633,0.379129,-0.0137427,-0.125596,0.279221,0.10595,0.00293075,0.326812,-0.183496,6.46184e-12,-0.0125534,0.149897,0.0335822,-0.0851738,-0.14742,6.86688e-12
3.14,0.118813,-0.138772,0.225586,0.37881,-0.0140982,-0.125069,0.279242,0.105951,0.00307259,0.326812,-0.183496,6.46184e-12,-0.0124519,0.149904,0.0332279,-0.0851738,-0.14742,6.86688e-12
3.141,0.118915,-0.138853,0.22554,0.378493,-0.0144542,-0.12454,0.279264,0.105952,0.0032175,0.326812,-0.183496,6.46184e-12,-0.0123513,0.149911,0.0328744,-0.0851738,-0.14742,6.86688e-12
3.142,0.119018,-0.138932,0.225496,0.378176,-0.0148106,-0.124008,0.279286,0.105953,0.00336545,0.326812,-0.183496,6.46184e-12,-0.0122517,0.149918,0.0325216,-0.0851738,-0.14742,6.86688e-12
3.143,0.11912,-0.139011,0.225452,0.377861,-0.0151672,-0.123474,0.279309,0.105954,0.00351641,0.326812,-0.183496,6.46184e-12,-0.012153,0.149924,0.0321697,-0.0851738,-0.14742,6.86688e-12
3.144,0.119223,-0.139088,0.225409,0.377548,-0.0155242,-0.122938,0.279333,0.105955,0.00367038,0.326812,-0.183496,6.46184e-12,-0.0120552,0.149931,0.0318185,-0.0851738,-0.14742,6.86688e-12
3.145,0.119326,-0.139164,0.225367,0.377236,-0.0158815,-0.1224,0.279357,0.105957,0.00382732,0.326812,-0.183496,6.46184e-12,-0.0119584,0.149938,0.0314682,-0.0851738,-0.14742,6.86688e-12
3.146,0.119429,-0.139239,0.225326,0.376926,-0.0162391,-0.121859,0.279382,0.105958,0.00398722,0.326812,-0.183496,6.46184e-12,-0.0118624,0.149944,0.0311188,-0.0851738,-0.14742,6.86688e-12
3.147,0.119533,-0.139313,0.225286,0.376618,-0.0165969,-0.121317,0.279407,0.105959,0.00415005,0.326812,-0.183496,6.46184e-12,-0.0117674,0.149951,0.0307702,-0.0851738,-0.14742,6.86688e-12
3.148,0.119637,-0.139385,0.225247,0.376312,-0.016955,-0.120773,0.279434,0.10596,0.0043158,0.326812,-0.183496,6.46184e-12,-0.0116733,0.149957,0.0304225,-0.0851738,-0.14742,6.86688e-12
3.149,0.119741,-0.139456,0.225209,0.376008,-0.0173132,-0.120228,0.27946,0.105962,0.00448445,0.326812,-0.183496,6.46184e-12,-0.0115801,0.149963,0.0300758,-0.0851738,-0.14742,6.86688e-12
3.15,0.119845,-0.139525,0.225172,0.375706,-0.0176717,-0.119681,0.279488,0.105963,0.00465597,0.326812,-0.183496,6.46184e-12,-0.0114877,0.14997,0.02973,-0.0851738,-0.14742,6.86688e-12
3.151,0.11995,-0.139593,0.225136,0.375406,-0.0180303,-0.119133,0.279516,0.105965,0.00483035,0.326812,-0.183496,6.46184e-12,-0.0113963,0.149976,0.0293851,-0.0851738,-0.14742,6.86688e-12
3.152,0.120055,-0.13966,0.225101,0.375109,-0.018389,-0.118583,0.279545,0.105966,0.00500756,0.326812,-0.183496,6.46184e-12,-0.0113058,0.149982,0.0290413,-0.0851738,-0.14742,6.86688e-12
3.153,0.120161,-0.139726,0.225067,0.374815,-0.0187478,-0.118032,0.279574,0.105967,0.00518758,0.326812,-0.183496,6.46184e-12,-0.0112162,0.149988,0.0286984,-0.0851738,-0.14742,6.86688e-12
3.154,0.120266,-0.13979,0.225034,0.374523,-0.0191067,-0.117481,0.279604,0.105969,0.0053704,0.326812,-0.183496,6.46184e-12,-0.0111274,0.149994,0.0283565,-0.0851738,-0.14742,6.86688e-12
3.155,0.120372,-0.139854,0.225002,0.374234,-0.0194656,-0.116928,0.279635,0.10597,0.00555599,0.326812,-0.183496,6.46184e-12,-0.0110396,0.15,0.0280157,-0.0851738,-0.14742,6.86688e-12
3.156,0.120479,-0.139915,0.224971,0.373948,-0.0198246,-0.116375,0.279666,0.105972,0.00574434,0.326812,-0.183496,6.46184e-12,-0.0109526,0.150006,0.027676,-0.0851738,-0.14742,6.86688e-12
3.157,0.120585,-0.139976,0.224942,0.373665,-0.0201836,-0.115822,0.279698,0.105974,0.00593541,0.326812,-0.183496,6.46184e-12,-0.0108665,0.150012,0.0273373,-0.0851738,-0.14742,6.86688e-12
3.158,0.120692,-0.140035,0.224913,0.373385,-0.0205426,-0.115267,0.279731,0.105975,0.0061292,0.326812,-0.183496,6.46184e-12,-0.0107813,0.150018,0.0269997,-0.0851738,-0.14742,6.86688e-12
3.159,0.120799,-0.140093,0.224885,0.373108,-0.0209016,-0.114713,0.279764,0.105977,0.00632568,0.326812,-0.183496,6.46184e-12,-0.0106969,0.150024,0.0266633,-0.0851738,-0.14742,6.86688e-12
3.16,0.120907,-0.14015,0.224858,0.372835,-0.0212605,-0.114158,0.279798,0.105979,0.00652483,0.326812,-0.183496,6.46184e-12,-0.0106135,0.150029,0.0263279,-0.0851738,-0.14742,6.86688e-12
3.161,0.121015,-0.140205,0.224833,0.372565,-0.0216193,-0.113603,0.279833,0.10598,0.00672664,0.326812,-0.183496,6.46184e-12,-0.0105308,0.150035,0.0259938,-0.0851738,-0.14742,6.86688e-12
3.162,0.121123,-0.140259,0.224808,0.372299,-0.021978,-0.113048,0.279868,0.105982,0.00693107,0.326812,-0.183496,6.46184e-12,-0.0104491,0.15004,0.0256608,-0.0851738,-0.14742,6.86688e-12
3.163,0.121231,-0.140312,0.224785,0.372036,-0.0223365,-0.112494,0.279904,0.105984,0.00713811,0.326812,-0.183496,6.46184e-12,-0.0103681,0.150046,0.025329,-0.0851738,-0.14742,6.86688e-12
3.164,0.12134,-0.140364,0.224762,0.371777,-0.0226949,-0.111939,0.279941,0.105986,0.00734774,0.326812,-0.183496,6.46184e-12,-0.0102881,0.150051,0.0249985,-0.0851738,-0.14742,6.86688e-12
3.165,0.121449,-0.140414,0.224741,0.371523,-0.0230532,-0.111385,0.279979,0.105988,0.00755994,0.326812,-0.183496,6.46184e-12,-0.0102089,0.150057,0.0246692,-0.0851738,-0.14742,6.86688e-12
3.166,0.121559,-0.140463,0.224721,0.371272,-0.0234112,-0.110832,0.280017,0.10599,0.00777469,0.326812,-0.183496,6.46184e-12,-0.0101305,0.150062,0.0243411,-0.0851738,-0.14742,6.86688e-12
3.167,0.121668,-0.14051,0.224702,0.371025,-0.023769,-0.110279,0.280056,0.105992,0.00799196,0.326812,-0.183496,6.46184e-12,-0.010053,0.150067,0.0240144,-0.0851738,-0.14742,6.86688e-12
3.168,0.121778,-0.140556,0.224684,0.370783,-0.0241266,-0.109727,0.280096,0.105994,0.00821174,0.326812,-0.183496,6.46184e-12,-0.0099763,0.150073,0.0236889,-0.0851738,-0.14742,6.86688e-12
3.169,0.121889,-0.140601,0.224668,0.370545,-0.0244838,-0.109176,0.280136,0.105996,0.00843401,0.326812,-0.183496,6.46184e-12,-0.00990045,0.150078,0.0233648,-0.0851738,-0.14742,6.86688e-12
3.17,0.121999,-0.140645,0.224652,0.370311,-0.0248408,-0.108626,0.280177,0.105998,0.00865875,0.326812,-0.183496,6.46184e-12,-0.00982542,0.150083,0.023042,-0.0851738,-0.14742,6.86688e-12
3.171,0.12211,-0.140688,0.224638,0.370082,-0.0251975,-0.108077,0.280219,0.106,0.00888593,0.326812,-0.183496,6.46184e-12,-0.00975123,0.150088,0.0227206,-0.0851738,-0.14742,6.86688e-12
3.172,0.122222,-0.140729,0.224624,0.369858,-0.0255538,-0.107529,0.280262,0.106002,0.00911554,0.326812,-0.183496,6.46184e-12,-0.00967785,0.150093,0.0224005,-0.0851738,-0.14742,6.86688e-12
3.173,0.122333,-0.140768,0.224612,0.369638,-0.0259097,-0.106983,0.280305,0.106004,0.00934755,0.326812,-0.183496,6.46184e-12,-0.0096053,0.150098,0.0220819,-0.0851738,-0.14742,6.86688e-12
3.174,0.122445,-0.140807,0.224602,0.369424,-0.0262653,-0.106439,0.280349,0.106006,0.00958195,0.326812,-0.183496,6.46184e-12,-0.00953356,0.150103,0.0217647,-0.0851738,-0.14742,6.86688e-12
3.175,0.122558,-0.140844,0.224592,0.369215,-0.0266204,-0.105896,0.280394,0.106009,0.00981871,0.326812,-0.183496,6.46184e-12,-0.00946263,0.150107,0.0214489,-0.0851738,-0.14742,6.86688e-12
3.176,0.12267,-0.14088,0.224583,0.36901,-0.0269751,-0.105354,0.280439,0.106011,0.0100578,0.326812,-0.183496,6.46184e-12,-0.00939251,0.150112,0.0211346,-0.0851738,-0.14742,6.86688e-12
3.177,0.122783,-0.140915,0.224576,0.368811,-0.0273293,-0.104815,0.280486,0.106013,0.0102992,0.326812,-0.183496,6.46184e-12,-0.0093232,0.150117,0.0208217,-0.0851738,-0.14742,6.86688e-12
3.178,0.122897,-0.140948,0.22457,0.368618,-0.027683,-0.104278,0.280533,0.106016,0.010543,0.326812,-0.183496,6.46184e-12,-0.00925469,0.150122,0.0205104,-0.0851738,-0.14742,6.86688e-12
3.179,0.12301,-0.14098,0.224565,0.36843,-0.0280363,-0.103743,0.280581,0.106018,0.010789,0.326812,-0.183496,6.46184e-12,-0.00918698,0.150126,0.0202006,-0.0851738,-0.14742,6.86688e-12
3.18,0.123124,-0.14101,0.224562,0.368247,-0.0283889,-0.10321,0.280629,0.10602,0.0110373,0.326812,-0.183496,6.46184e-12,-0.00912006,0.150131,0.0198924,-0.0851738,-0.14742,6.86688e-12
3.181,0.123239,-0.14104,0.22456,0.368071,-0.0287411,-0.10268,0.280679,0.106023,0.0112878,0.326812,-0.183496,6.46184e-12,-0.00905393,0.150135,0.0195857,-0.0851738,-0.14742,6.86688e-12
3.182,0.123354,-0.141068,0.224558,0.3679,-0.0290926,-0.102152,0.280729,0.106025,0.0115405,0.326812,-0.183496,6.46184e-12,-0.00898859,0.15014,0.0192806,-0.0851738,-0.14742,6.86688e-12
3.183,0.123469,-0.141094,0.224559,0.367735,-0.0294435,-0.101627,0.28078,0.106028,0.0117955,0.326812,-0.183496,6.46184e-12,-0.00892403,0.150144,0.0189771,-0.0851738,-0.14742,6.86688e-12
3.184,0.123584,-0.14112,0.22456,0.367576,-0.0297939,-0.101105,0.280831,0.106031,0.0120526,0.326812,-0.183496,6.46184e-12,-0.00886025,0.150148,0.0186752,-0.0851738,-0.14742,6.86688e-12
3.185,0.1237,-0.141144,0.224563,0.367423,-0.0301435,-0.100585,0.280884,0.106033,0.0123119,0.326812,-0.183496,6.46184e-12,-0.00879725,0.150153,0.018375,-0.0851738,-0.14742,6.86688e-12
3.186,0.123816,-0.141167,0.224567,0.367277,-0.0304925,-0.100069,0.280937,0.106036,0.0125733,0.326812,-0.183496,6.46184e-12,-0.00873502,0.150157,0.0180764,-0.0851738,-0.14742,6.86688e-12
3.187,0.123932,-0.141188,0.224572,0.367137,-0.0308407,-0.0995555,0.280991,0.106039,0.0128368,0.326812,-0.183496,6.46184e-12,-0.00867356,0.150161,0.0177795,-0.0851738,-0.14742,6.86688e-12
3.188,0.124049,-0.141208,0.224579,0.367004,-0.0311883,-0.0990456,0.281046,0.106041,0.0131025,0.326812,-0.183496,6.46184e-12,-0.00861287,0.150165,0.0174844,-0.0851738,-0.14742,6.86688e-12
3.189,0.124166,-0.141227,0.224587,0.366877,-0.0315351,-0.0985391,0.281102,0.106044,0.0133702,0.326812,-0.183496,6.46184e-12,-0.00855293,0.150169,0.0171909,-0.0851738,-0.14742,6.86688e-12
3.19,0.124284,-0.141245,0.224596,0.366757,-0.0318811,-0.0980362,0.281158,0.106047,0.01364,0.326812,-0.183496,6.46184e-12,-0.00849376,0.150173,0.0168992,-0.0851738,-0.14742,6.86688e-12
3.191,0.124402,-0.141261,0.224606,0.366644,-0.0322263,-0.097537,0.281216,0.10605,0.0139118,0.326812,-0.183496,6.46184e-12,-0.00843534,0.150177,0.0166093,-0.0851738,-0.14742,6.86688e-12
3.192,0.12452,-0.141276,0.224618,0.366538,-0.0325707,-0.0970415,0.281274,0.106053,0.0141856,0.326812,-0.183496,6.46184e-12,-0.00837767,0.150181,0.0163212,-0.0851738,-0.14742,6.86688e-12
3.193,0.124638,-0.14129,0.224631,0.366438,-0.0329143,-0.09655,0.281333,0.106056,0.0144614,0.326812,-0.183496,6.46184e-12,-0.00832075,0.150185,0.0160349,-0.0851738,-0.14742,6.86688e-12
3.194,0.124757,-0.141302,0.224646,0.366347,-0.0332569,-0.0960625,0.281392,0.106059,0.0147392,0.326812,-0.183496,6.46184e-12,-0.00826457,0.150189,0.0157504,-0.0851738,-0.14742,6.86688e-12
3.195,0.124877,-0.141313,0.224662,0.366262,-0.0335987,-0.0955792,0.281453,0.106062,0.015019,0.326812,-0.183496,6.46184e-12,-0.00820913,0.150193,0.0154677,-0.0851738,-0.14742,6.86688e-12
3.196,0.124996,-0.141322,0.224679,0.366185,-0.0339396,-0.0951002,0.281514,0.106065,0.0153007,0.326812,-0.183496,6.46184e-12,-0.00815443,0.150196,0.0151869,-0.0851738,-0.14742,6.86688e-12
3.197,0.125116,-0.141331,0.224698,0.366115,-0.0342795,-0.0946256,0.281577,0.106068,0.0155843,0.326812,-0.183496,6.46184e-12,-0.00810046,0.1502,0.014908,-0.0851738,-0.14742,6.86688e-12
3.198,0.125237,-0.141338,0.224718,0.366053,-0.0346185,-0.0941556,0.28164,0.106071,0.0158698,0.326812,-0.183496,6.46184e-12,-0.00804723,0.150204,0.014631,-0.0851738,-0.14742,6.86688e-12
3.199,0.125358,-0.141343,0.224739,0.365999,-0.0349565,-0.0936902,0.281704,0.106074,0.0161572,0.326812,-0.183496,6.46184e-12,-0.00799471,0.150207,0.014356,-0.0851738,-0.14742,6.86688e-12
3.2,0.125479,-0.141348,0.224762,0.365953,-0.0352934,-0.0932297,0.281768,0.106078,0.0164464,0.326812,-0.183496,6.46184e-12,-0.00794292,0.150211,0.0140829,-0.0851738,-0.14742,6.86688e-12
3.201,0.1256,-0.141351,0.224786,0.365914,-0.0356294,-0.092774,0.281834,0.106081,0.0167374,0.326812,-0.183496,6.46184e-12,-0.00789185,0.150214,0.0138117,-0.0851738,-0.14742,6.86688e-12
3.202,0.125722,-0.141353,0.224812,0.365884,-0.0359642,-0.0923234,0.281901,0.106084,0.0170303,0.326812,-0.183496,6.46184e-12,-0.00784149,0.150218,0.0135426,-0.0851738,-0.14742,6.86688e-12
3.203,0.125845,-0.141353,0.224839,0.365862,-0.0362979,-0.0918778,0.281968,0.106088,0.017325,0.326812,-0.183496,6.46184e-12,-0.00779185,0.150221,0.0132754,-0.0851738,-0.14742,6.86688e-12
3.204,0.125967,-0.141352,0.224867,0.365847,-0.0366305,-0.0914373,0.282036,0.106091,0.0176214,0.326812,-0.183496,6.46184e-12,-0.00774291,0.150224,0.0130103,-0.0851738,-0.14742,6.86688e-12
3.205,0.12609,-0.14135,0.224897,0.36584,-0.0369617,-0.0910019,0.282105,0.106094,0.0179196,0.326812,-0.183496,6.46184e-12,-0.00769468,0.150228,0.0127473,-0.0851738,-0.14742,6.86688e-12
3.206,0.126213,-0.141346,0.224928,0.365841,-0.0372917,-0.0905717,0.282175,0.106098,0.0182195,0.326812,-0.183496,6.46184e-12,-0.00764715,0.150231,0.0124863,-0.0851738,-0.14742,6.86688e-12
3.207,0.126337,-0.141341,0.224961,0.365849,-0.0376204,-0.0901467,0.282246,0.106101,0.0185212,0.326812,-0.183496,6.46184e-12,-0.00760031,0.150234,0.0122274,-0.0851738,-0.14742,6.86688e-12
3.208,0.126461,-0.141335,0.224994,0.365865,-0.0379477,-0.089727,0.282318,0.106105,0.0188245,0.326812,-0.183496,6.46184e-12,-0.00755417,0.150237,0.0119706,-0.0851738,-0.14742,6.86688e-12
3.209,0.126585,-0.141328,0.225029,0.365888,-0.0382736,-0.0893127,0.28239,0.106109,0.0191295,0.326812,-0.183496,6.46184e-12,-0.00750872,0.15024,0.0117159,-0.0851738,-0.14742,6.86688e-12
3.21,0.12671,-0.141319,0.225066,0.365919,-0.0385979,-0.0889038,0.282464,0.106112,0.0194361,0.326812,-0.183496,6.46184e-12,-0.00746395,0.150243,0.0114634,-0.0851738,-0.14742,6.86688e-12
3.211,0.126835,-0.141309,0.225103,0.365957,-0.0389208,-0.0885003,0.282538,0.106116,0.0197444,0.326812,-0.183496,6.46184e-12,-0.00741987,0.150246,0.0112131,-0.0851738,-0.14742,6.86688e-12
3.212,0.12696,-0.141297,0.225142,0.366003,-0.039242,-0.0881023,0.282613,0.10612,0.0200542,0.326812,-0.183496,6.46184e-12,-0.00737647,0.150249,0.0109649,-0.0851738,-0.14742,6.86688e-12
3.213,0.127086,-0.141284,0.225182,0.366056,-0.0395617,-0.0877099,0.28269,0.106124,0.0203657,0.326812,-0.183496,6.46184e-12,-0.00733374,0.150252,0.010719,-0.0851738,-0.14742,6.86688e-12
3.214,0.127212,-0.14127,0.225224,0.366116,-0.0398796,-0.0873231,0.282767,0.106128,0.0206787,0.326812,-0.183496,6.46184e-12,-0.00729168,0.150255,0.0104753,-0.0851738,-0.14742,6.86688e-12
3.215,0.127338,-0.141255,0.225266,0.366183,-0.0401958,-0.0869419,0.282845,0.106131,0.0209933,0.326812,-0.183496,6.46184e-12,-0.0072503,0.150258,0.0102338,-0.0851738,-0.14742,6.86688e-12
3.216,0.127465,-0.141238,0.22531,0.366257,-0.0405103,-0.0865665,0.282924,0.106135,0.0213094,0.326812,-0.183496,6.46184e-12,-0.00720957,0.150261,0.00999467,-0.0851738,-0.14742,6.86688e-12
3.217,0.127592,-0.14122,0.225355,0.366338,-0.0408229,-0.0861968,0.283003,0.106139,0.021627,0.326812,-0.183496,6.46184e-12,-0.00716951,0.150263,0.00975779,-0.0851738,-0.14742,6.86688e-12
3.218,0.127719,-0.141201,0.225402,0.366426,-0.0411336,-0.0858329,0.283084,0.106143,0.0219461,0.326812,-0.183496,6.46184e-12,-0.0071301,0.150266,0.00952322,-0.0851738,-0.14742,6.86688e-12
3.219,0.127846,-0.14118,0.225449,0.366521,-0.0414424,-0.0854749,0.283166,0.106148,0.0222667,0.326812,-0.183496,6.46184e-12,-0.00709135,0.150269,0.00929098,-0.0851738,-0.14742,6.86688e-12
3.22,0.127974,-0.141158,0.225498,0.366623,-0.0417492,-0.0851228,0.283248,0.106152,0.0225887,0.326812,-0.183496,6.46184e-12,-0.00705325,0.150271,0.00906109,-0.0851738,-0.14742,6.86688e-12
3.221,0.128102,-0.141135,0.225547,0.366732,-0.042054,-0.0847767,0.283332,0.106156,0.0229121,0.326812,-0.183496,6.46184e-12,-0.0070158,0.150274,0.00883358,-0.0851738,-0.14742,6.86688e-12
3.222,0.128231,-0.14111,0.225598,0.366847,-0.0423567,-0.0844366,0.283416,0.10616,0.0232369,0.326812,-0.183496,6.46184e-12,-0.00697899,0.150276,0.00860847,-0.0851738,-0.14742,6.86688e-12
3.223,0.128359,-0.141084,0.225651,0.366969,-0.0426573,-0.0841025,0.283502,0.106164,0.0235631,0.326812,-0.183496,6.46184e-12,-0.00694282,0.150279,0.00838576,-0.0851738,-0.14742,6.86688e-12
3.224,0.128488,-0.141057,0.225704,0.367098,-0.0429557,-0.0837746,0.283588,0.106169,0.0238907,0.326812,-0.183496,6.46184e-12,-0.00690728,0.150281,0.0081655,-0.0851738,-0.14742,6.86688e-12
3.225,0.128617,-0.141028,0.225758,0.367233,-0.0432519,-0.0834529,0.283676,0.106173,0.0242196,0.326812,-0.183496,6.46184e-12,-0.00687238,0.150284,0.00794768,-0.0851738,-0.14742,6.86688e-12
3.226,0.128746,-0.140998,0.225814,0.367374,-0.0435458,-0.0831374,0.283764,0.106178,0.0245499,0.326812,-0.183496,6.46184e-12,-0.0068381,0.150286,0.00773234,-0.0851738,-0.14742,6.86688e-12
3.227,0.128876,-0.140967,0.22587,0.367522,-0.0438374,-0.0828282,0.283853,0.106182,0.0248814,0.326812,-0.183496,6.46184e-12,-0.00680445,0.150288,0.0075195,-0.0851738,-0.14742,6.86688e-12
3.228,0.129006,-0.140934,0.225928,0.367676,-0.0441266,-0.0825253,0.283943,0.106187,0.0252142,0.326812,-0.183496,6.46184e-12,-0.00677143,0.15029,0.00730917,-0.0851738,-0.14742,6.86688e-12
3.229,0.129136,-0.140901,0.225986,0.367837,-0.0444133,-0.0822288,0.284034,0.106191,0.0255483,0.326812,-0.183496,6.46184e-12,-0.00673902,0.150293,0.00710137,-0.0851738,-0.14742,6.86688e-12
3.23,0.129266,-0.140865,0.226046,0.368004,-0.0446976,-0.0819387,0.284126,0.106196,0.0258836,0.326812,-0.183496,6.46184e-12,-0.00670722,0.150295,0.00689613,-0.0851738,-0.14742,6.86688e-12
3.231,0.129397,-0.140829,0.226107,0.368176,-0.0449794,-0.0816552,0.28422,0.1062,0.0262202,0.326812,-0.183496,6.46184e-12,-0.00667604,0.150297,0.00669347,-0.0851738,-0.14742,6.86688e-12
3.232,0.129528,-0.140791,0.226169,0.368355,-0.0452586,-0.0813781,0.284314,0.106205,0.0265579,0.326812,-0.183496,6.46184e-12,-0.00664546,0.150299,0.0064934,-0.0851738,-0.14742,6.86688e-12
3.233,0.129659,-0.140752,0.226232,0.36854,-0.0455352,-0.0811077,0.284409,0.10621,0.0268968,0.326812,-0.183496,6.46184e-12,-0.00661548,0.150301,0.00629595,-0.0851738,-0.14742,6.86688e-12
3.234,0.12979,-0.140711,0.226296,0.368731,-0.0458091,-0.0808439,0.284505,0.106215,0.0272369,0.326812,-0.183496,6.46184e-12,-0.00658611,0.150303,0.00610113,-0.0851738,-0.14742,6.86688e-12
3.235,0.129922,-0.14067,0.226361,0.368928,-0.0460802,-0.0805868,0.284602,0.10622,0.0275781,0.326812,-0.183496,6.46184e-12,-0.00655733,0.150305,0.00590897,-0.0851738,-0.14742,6.86688e-12
3.236,0.130053,-0.140627,0.226426,0.369131,-0.0463486,-0.0803364,0.2847,0.106225,0.0279205,0.326812,-0.183496,6.46184e-12,-0.00652914,0.150307,0.00571949,-0.0851738,-0.14742,6.86688e-12
3.237,0.130185,-0.140582,0.226493,0.369339,-0.0466142,-0.0800929,0.284799,0.106229,0.0282639,0.326812,-0.183496,6.46184e-12,-0.00650155,0.150309,0.0055327,-0.0851738,-0.14742,6.86688e-12
3.238,0.130317,-0.140537,0.226561,0.369553,-0.0468769,-0.0798562,0.284899,0.106235,0.0286084,0.326812,-0.183496,6.46184e-12,-0.00647454,0.150311,0.00534863,-0.0851738,-0.14742,6.86688e-12
3.239,0.13045,-0.14049,0.22663,0.369773,-0.0471367,-0.0796264,0.285,0.10624,0.028954,0.326812,-0.183496,6.46184e-12,-0.00644811,0.150312,0.0051673,-0.0851738,-0.14742,6.86688e-12
3.24,0.130582,-0.140441,0.226699,0.369999,-0.0473935,-0.0794036,0.285102,0.106245,0.0293006,0.326812,-0.183496,6.46184e-12,-0.00642226,0.150314,0.00498873,-0.0851738,-0.14742,6.86688e-12
3.241,0.130715,-0.140392,0.22677,0.37023,-0.0476473,-0.0791878,0.285205,0.10625,0.0296482,0.326812,-0.183496,6.46184e-12,-0.00639698,0.150316,0.00481293,-0.0851738,-0.14742,6.86688e-12
3.242,0.130848,-0.140341,0.226842,0.370466,-0.047898,-0.078979,0.285309,0.106255,0.0299968,0.326812,-0.183496,6.46184e-12,-0.00637228,0.150318,0.00463993,-0.0851738,-0.14742,6.86688e-12
3.243,0.130981,-0.140288,0.226914,0.370708,-0.0481456,-0.0787774,0.285414,0.10626,0.0303464,0.326812,-0.183496,6.46184e-12,-0.00634814,0.150319,0.00446975,-0.0851738,-0.14742,6.86688e-12
3.244,0.131114,-0.140235,0.226987,0.370955,-0.04839,-0.0785829,0.285521,0.106266,0.0306969,0.326812,-0.183496,6.46184e-12,-0.00632456,0.150321,0.00430241,-0.0851738,-0.14742,6.86688e-12
3.245,0.131247,-0.14018,0.227062,0.371207,-0.0486312,-0.0783956,0.285628,0.106271,0.0310484,0.326812,-0.183496,6.46184e-12,-0.00630155,0.150322,0.00413792,-0.0851738,-0.14742,6.86688e-12
3.246,0.131381,-0.140124,0.227137,0.371465,-0.0488692,-0.0782156,0.285736,0.106276,0.0314008,0.326812,-0.183496,6.46184e-12,-0.0062791,0.150324,0.00397632,-0.0851738,-0.14742,6.86688e-12
3.247,0.131515,-0.140066,0.227213,0.371728,-0.0491038,-0.0780429,0.285845,0.106282,0.031754,0.326812,-0.183496,6.46184e-12,-0.00625719,0.150325,0.00381761,-0.0851738,-0.14742,6.86688e-12
3.248,0.131648,-0.140007,0.227289,0.371996,-0.049335,-0.0778777,0.285956,0.106287,0.0321082,0.326812,-0.183496,6.46184e-12,-0.00623584,0.150327,0.00366182,-0.0851738,-0.14742,6.86688e-12
3.249,0.131783,-0.139947,0.227367,0.372269,-0.0495629,-0.0777198,0.286067,0.106293,0.0324632,0.326812,-0.183496,6.46184e-12,-0.00621503,0.150328,0.00350898,-0.0851738,-0.14742,6.86688e-12
3.25,0.131917,-0.139886,0.227445,0.372547,-0.0497872,-0.0775694,0.286179,0.106299,0.032819,0.326812,-0.183496,6.46184e-12,-0.00619476,0.15033,0.00335909,-0.0851738,-0.14742,6.86688e-12
3.251,0.132051,-0.139823,0.227525,0.37283,-0.0500081,-0.0774265,0.286293,0.106304,0.0331757,0.326812,-0.183496,6.46184e-12,-0.00617504,0.150331,0.00321218,-0.0851738,-0.14742,6.86688e-12
3.252,0.132185,-0.139759,0.227605,0.373117,-0.0502253,-0.0772912,0.286407,0.10631,0.0335331,0.326812,-0.183496,6.46184e-12,-0.00615585,0.150332,0.00306827,-0.0851738,-0.14742,6.86688e-12
3.253,0.13232,-0.139694,0.227685,0.37341,-0.050439,-0.0771636,0.286523,0.106316,0.0338913,0.326812,-0.183496,6.46184e-12,-0.00613718,0.150334,0.00292738,-0.0851738,-0.14742,6.86688e-12
3.254,0.132455,-0.139627,0.227767,0.373707,-0.050649,-0.0770436,0.28664,0.106322,0.0342503,0.326812,-0.183496,6.46184e-12,-0.00611905,0.150335,0.00278953,-0.0851738,-0.14742,6.86688e-12
3.255,0.13259,-0.139559,0.227849,0.374009,-0.0508552,-0.0769314,0.286757,0.106328,0.0346099,0.326812,-0.183496,6.46184e-12,-0.00610144,0.150336,0.00265475,-0.0851738,-0.14742,6.86688e-12
3.256,0.132725,-0.139489,0.227933,0.374315,-0.0510577,-0.0768269,0.286876,0.106334,0.0349703,0.326812,-0.183496,6.46184e-12,-0.00608436,0.150337,0.00252304,-0.0851738,-0.14742,6.86688e-12
3.257,0.13286,-0.139419,0.228016,0.374626,-0.0512564,-0.0767304,0.286996,0.10634,0.0353314,0.326812,-0.183496,6.46184e-12,-0.00606779,0.150338,0.00239443,-0.0851738,-0.14742,6.86688e-12
3.258,0.132995,-0.139347,0.228101,0.374942,-0.0514513,-0.0766417,0.287117,0.106346,0.0356932,0.326812,-0.183496,6.46184e-12,-0.00605173,0.150339,0.00226895,-0.0851738,-0.14742,6.86688e-12
3.259,0.13313,-0.139274,0.228186,0.375262,-0.0516422,-0.0765609,0.287239,0.106352,0.0360555,0.326812,-0.183496,6.46184e-12,-0.00603618,0.15034,0.0021466,-0.0851738,-0.14742,6.86688e-12
3.26,0.133266,-0.139199,0.228272,0.375586,-0.0518291,-0.0764881,0.287362,0.106358,0.0364186,0.326812,-0.183496,6.46184e-12,-0.00602114,0.150342,0.00202742,-0.0851738,-0.14742,6.86688e-12
3.261,0.133401,-0.139123,0.228359,0.375915,-0.052012,-0.0764234,0.287487,0.106364,0.0367822,0.326812,-0.183496,6.46184e-12,-0.0060066,0.150343,0.00191142,-0.0851738,-0.14742,6.86688e-12
3.262,0.133537,-0.139046,0.228446,0.376248,-0.0521909,-0.0763668,0.287612,0.106371,0.0371464,0.326812,-0.183496,6.46184e-12,-0.00599257,0.150343,0.00179862,-0.0851738,-0.14742,6.86688e-12
3.263,0.133672,-0.138968,0.228534,0.376585,-0.0523656,-0.0763184,0.287739,0.106377,0.0375112,0.326812,-0.183496,6.46184e-12,-0.00597902,0.150344,0.00168905,-0.0851738,-0.14742,6.86688e-12
3.264,0.133808,-0.138888,0.228623,0.376926,-0.0525362,-0.0762781,0.287866,0.106383,0.0378765,0.326812,-0.183496,6.46184e-12,-0.00596597,0.150345,0.00158271,-0.0851738,-0.14742,6.86688e-12
3.265,0.133944,-0.138807,0.228712,0.377271,-0.0527026,-0.0762461,0.287995,0.10639,0.0382424,0.326812,-0.183496,6.46184e-12,-0.00595341,0.150346,0.00147964,-0.0851738,-0.14742,6.86688e-12
3.266,0.13408,-0.138724,0.228802,0.37762,-0.0528647,-0.0762224,0.288125,0.106396,0.0386087,0.326812,-0.183496,6.46184e-12,-0.00594133,0.150347,0.00137985,-0.0851738,-0.14742,6.86688e-12
3.267,0.134216,-0.13864,0.228892,0.377973,-0.0530225,-0.0762071,0.288256,0.106403,0.0389756,0.326812,-0.183496,6.46184e-12,-0.00592973,0.150348,0.00128337,-0.0851738,-0.14742,6.86688e-12
3.268,0.134352,-0.138555,0.228984,0.37833,-0.0531759,-0.0762002,0.288388,0.106409,0.0393429,0.326812,-0.183496,6.46184e-12,-0.00591861,0.150348,0.00119021,-0.0851738,-0.14742,6.86688e-12
3.269,0.134488,-0.138469,0.229075,0.378691,-0.0533249,-0.0762018,0.288521,0.106416,0.0397106,0.326812,-0.183496,6.46184e-12,-0.00590797,0.150349,0.00110039,-0.0851738,-0.14742,6.86688e-12
3.27,0.134624,-0.138381,0.229168,0.379056,-0.0534695,-0.0762119,0.288655,0.106423,0.0400788,0.326812,-0.183496,6.46184e-12,-0.00589779,0.15035,0.00101393,-0.0851738,-0.14742,6.86688e-12
3.271,0.13476,-0.138292,0.22926,0.379424,-0.0536095,-0.0762305,0.288791,0.10643,0.0404473,0.326812,-0.183496,6.46184e-12,-0.00588808,0.150351,0.000930864,-0.0851738,-0.14742,6.86688e-12
3.272,0.134897,-0.138202,0.229354,0.379796,-0.053745,-0.0762578,0.288927,0.106437,0.0408163,0.326812,-0.183496,6.46184e-12,-0.00587884,0.150351,0.000851197,-0.0851738,-0.14742,6.86688e-12
3.273,0.135033,-0.138111,0.229448,0.380171,-0.0538759,-0.0762937,0.289065,0.106443,0.0411856,0.326812,-0.183496,6.46184e-12,-0.00587005,0.150352,0.000774955,-0.0851738,-0.14742,6.86688e-12
3.274,0.135169,-0.138018,0.229542,0.38055,-0.0540021,-0.0763384,0.289204,0.10645,0.0415552,0.326812,-0.183496,6.46184e-12,-0.00586172,0.150352,0.000702157,-0.0851738,-0.14742,6.86688e-12
3.275,0.135306,-0.137924,0.229637,0.380932,-0.0541236,-0.0763918,0.289344,0.106457,0.0419252,0.326812,-0.183496,6.46184e-12,-0.00585385,0.150353,0.000632824,-0.0851738,-0.14742,6.86688e-12
3.276,0.135442,-0.137828,0.229733,0.381318,-0.0542404,-0.0764541,0.289486,0.106465,0.0422955,0.326812,-0.183496,6.46184e-12,-0.00584642,0.150353,0.000566975,-0.0851738,-0.14742,6.86688e-12
3.277,0.135579,-0.137731,0.229829,0.381707,-0.0543523,-0.0765253,0.289628,0.106472,0.042666,0.326812,-0.183496,6.46184e-12,-0.00583943,0.150354,0.000504632,-0.0851738,-0.14742,6.86688e-12
3.278,0.135715,-0.137633,0.229925,0.382099,-0.0544594,-0.0766054,0.289772,0.106479,0.0430369,0.326812,-0.183496,6.46184e-12,-0.00583289,0.150354,0.000445814,-0.0851738,-0.14742,6.86688e-12
3.279,0.135852,-0.137534,0.230022,0.382495,-0.0545615,-0.0766944,0.289916,0.106486,0.0434079,0.326812,-0.183496,6.46184e-12,-0.00582679,0.150355,0.000390542,-0.0851738,-0.14742,6.86688e-12
3.28,0.135988,-0.137433,0.23012,0.382893,-0.0546588,-0.0767925,0.290062,0.106493,0.0437792,0.326812,-0.183496,6.46184e-12,-0.00582112,0.150355,0.000338836,-0.0851738,-0.14742,6.86688e-12
3.281,0.136125,-0.137331,0.230218,0.383295,-0.054751,-0.0768998,0.290209,0.106501,0.0441506,0.326812,-0.183496,6.46184e-12,-0.00581588,0.150355,0.000290715,-0.0851738,-0.14742,6.86688e-12
3.282,0.136261,-0.137228,0.230316,0.3837,-0.0548381,-0.0770161,0.290358,0.106508,0.0445223,0.326812,-0.183496,6.46184e-12,-0.00581107,0.150356,0.000246201,-0.0851738,-0.14742,6.86688e-12
3.283,0.136398,-0.137123,0.230415,0.384107,-0.0549201,-0.0771416,0.290507,0.106516,0.0448941,0.326812,-0.183496,6.46184e-12,-0.00580668,0.150356,0.000205313,-0.0851738,-0.14742,6.86688e-12
3.284,0.136534,-0.137017,0.230514,0.384518,-0.054997,-0.0772764,0.290658,0.106523,0.045266,0.326812,-0.183496,6.46184e-12,-0.00580271,0.150356,0.000168071,-0.0851738,-0.14742,6.86688e-12
3.285,0.13667,-0.13691,0.230614,0.384931,-0.0550687,-0.0774205,0.29081,0.106531,0.0456381,0.326812,-0.183496,6.46184e-12,-0.00579916,0.150357,0.000134497,-0.0851738,-0.14742,6.86688e-12
3.286,0.136807,-0.136801,0.230714,0.385347,-0.0551351,-0.0775739,0.290963,0.106539,0.0460102,0.326812,-0.183496,6.46184e-12,-0.00579602,0.150357,0.000104609,-0.0851738,-0.14742,6.86688e-12
3.287,0.136943,-0.136691,0.230814,0.385766,-0.0551962,-0.0777368,0.291117,0.106546,0.0463824,0.326812,-0.183496,6.46184e-12,-0.00579329,0.150357,7.84286e-05,-0.0851738,-0.14742,6.86688e-12
3.288,0.13708,-0.13658,0.230915,0.386187,-0.055252,-0.0779091,0.291272,0.106554,0.0467547,0.326812,-0.183496,6.46184e-12,-0.00579096,0.150357,5.59756e-05,-0.0851738,-0.14742,6.86688e-12
3.289,0.137216,-0.136468,0.231016,0.386611,-0.0553023,-0.0780909,0.291429,0.106562,0.047127,0.326812,-0.183496,6.46184e-12,-0.00578904,0.150357,3.72702e-05,-0.0851738,-0.14742,6.86688e-12
3.29,0.137352,-0.136354,0.231117,0.387038,-0.0553472,-0.0782822,0.291587,0.10657,0.0474993,0.326812,-0.183496,6.46184e-12,-0.00578752,0.150357,2.23327e-05,-0.0851738,-0.14742,6.86688e-12
3.291,0.137489,-0.136239,0.231219,0.387467,-0.0553866,-0.0784832,0.291746,0.106578,0.0478717,0.326812,-0.183496,6.46184e-12,-0.00578639,0.150357,1.11831e-05,-0.0851738,-0.14742,6.86688e-12
3.292,0.137625,-0.136122,0.231321,0.387898,-0.0554204,-0.0786938,0.291907,0.106586,0.048244,0.326812,-0.183496,6.46184e-12,-0.00578565,0.150358,3.84182e-06,-0.0851738,-0.14742,6.86688e-12
3.293,0.137761,-0.136005,0.231423,0.388332,-0.0554487,-0.0789142,0.292068,0.106594,0.0486162,0.326812,-0.183496,6.46184e-12,-0.0057853,0.150358,3.28966e-07,-0.0851738,-0.14742,6.86688e-12
3.294,0.137897,-0.135886,0.231526,0.388768,-0.0554713,-0.0791443,0.292231,0.106602,0.0489884,0.326812,-0.183496,6.46184e-12,-0.00578526,0.150358,-1.56845e-11,-0.0851738,-0.14742,6.86688e-12
3.295,0.138033,-0.135765,0.231629,0.389206,-0.0554881,-0.0793842,0.292395,0.10661,0.0493605,0.326812,-0.183496,6.46184e-12,-0.00578526,0.150358,-1.56845e-11,-0.0851738,-0.14742,6.86688e-12
3.296,0.138169,-0.135644,0.231732,0.389646,-0.0554993,-0.079634,0.29256,0.106619,0.0497324,0.326812,-0.183496,6.46184e-12,-0.00578526,0.150358,-1.56845e-11,-0.0851738,-0.14742,6.86688e-12
3.297,0.138305,-0.135521,0.231836,0.390088,-0.0555046,-0.0798937,0.292727,0.106627,0.0501043,0.326812,-0.183496,6.46184e-12,-0.00578526,0.150358,-1.56845e-11,-0.0851738,-0.14742,6.86688e-12
3.298,0.138441,-0.135397,0.231939,0.390533,-0.0555041,-0.0801634,0.292895,0.106636,0.050476,0.326812,-0.183496,6.46184e-12,-0.00578526,0.150358,-1.56845e-11,-0.0851738,-0.14742,6.86688e-12
3.299,0.138577,-0.135271,0.232043,0.390979,-0.0554976,-0.0804431,0.293064,0.106644,0.0508475,0.326812,-0.183496,6.46184e-12,-0.00578526,0.150358,-1.56845e-11,-0.0851738,-0.14742,6.86688e-12
3.3,0.138713,-0.135144,0.232147,0.391427,-0.0554852,-0.0807329,0.293234,0.106653,0.0512188,0.326812,-0.183496,6.46184e-12,-0.00578526,0.150358,-1.56845e-11,-0.0851738,-0.14742,6.86688e-12
3.301,0.138848,-0.135016,0.232252,0.391877,-0.0554669,-0.0810328,0.293406,0.106661,0.05159,0.326812,-0.183496,6.46184e-12,-0.00578526,0.150358,-1.56845e-11,-0.0851738,-0.14742,6.86688e-12
3.302,0.138984,-0.134887,0.232356,0.392329,-0.0554426,-0.0813426,0.293579,0.10667,0.0519609,0.326812,-0.183496,6.46184e-12,-0.00578526,0.150358,-1.56845e-11,-0.0851738,-0.14742,6.86688e-12
3.303,0.139119,-0.134756,0.232461,0.392782,-0.0554125,-0.0816623,0.293753,0.106679,0.0523315,0.326812,-0.183496,6.46184e-12,-0.00578526,0.150358,-1.56845e-11,-0.0851738,-0.14742,6.86688e-12
3.304,0.139255,-0.134624,0.232566,0.393236,-0.0553766,-0.0819915,0.293928,0.106687,0.0527019,0.326812,-0.183496,6.46184e-12,-0.00578526,0.150358,-1.56845e-11,-0.0851738,-0.14742,6.86688e-12
3.305,0.13939,-0.134491,0.232671,0.393691,-0.055335,-0.0823301,0.294105,0.106696,0.053072,0.326812,-0.183496,6.46184e-12,-0.00578526,0.150358,-1.56845e-11,-0.0851738,-0.14742,6.86688e-12
3.306,0.139525,-0.134356,0.232776,0.394147,-0.0552878,-0.082678,0.294283,0.106705,0.0534417,0.326812,-0.183496,6.46184e-12,-0.00578526,0.150358,-1.56845e-11,-0.0851738,-0.14742,6.86688e-12
3.307,0.13966,-0.13422,0.232882,0.394604,-0.0552351,-0.0830349,0.294462,0.106714,0.0538111,0.326812,-0.183496,6.46184e-12,-0.00578526,0.150358,-1.56845e-11,-0.0851738,-0.14742,6.86688e-12
3.308,0.139795,-0.134083,0.232987,0.395061,-0.055177,-0.0834007,0.294643,0.106723,0.0541802,0.326812,-0.183496,6.46184e-12,-0.00578526,0.150358,-1.56845e-11,-0.0851738,-0.14742,6.86688e-12
3.309,0.13993,-0.133945,0.233093,0.395518,-0.0551134,-0.0837753,0.294825,0.106732,0.0545489,0.326812,-0.183496,6.46184e-12,-0.00578526,0.150358,-1.56845e-11,-0.0851738,-0.14742,6.86688e-12
3.31,0.140064,-0.133805,0.233199,0.395974,-0.0550446,-0.0841583,0.295008,0.106741,0.0549172,0.326812,-0.183496,6.46184e-12,-0.00578526,0.150358,-1.56845e-11,-0.0851738,-0.14742,6.86688e-12
3.311,0.140199,-0.133664,0.233305,0.396431,-0.0549706,-0.0845497,0.295192,0.106751,0.0552851,0.326812,-0.183496,6.46184e-12,-0.00578526,0.150358,-1.56845e-11,-0.0851738,-0.14742,6.86688e-12
3.312,0.140333,-0.133522,0.233411,0.396887,-0.0548915,-0.0849493,0.295378,0.10676,0.0556526,0.326812,-0.183496,6.46184e-12,-0.00578526,0.150358,-1.56845e-11,-0.0851738,-0.14742,6.86688e-12
3.313,0.140468,-0.133379,0.233517,0.397342,-0.0548073,-0.0853569,0.295565,0.106769,0.0560196,0.326812,-0.183496,6.46184e-12,-0.00578526,0.150358,-1.56845e-11,-0.0851738,-0.14742,6.86688e-12
3.314,0.140602,-0.133234,0.233623,0.397797,-0.0547181,-0.0857723,0.295753,0.106779,0.0563861,0.326812,-0.183496,6.46184e-12,-0.00578526,0.150358,-1.56845e-11,-0.0851738,-0.14742,6.86688e-12
3.315,0.140736,-0.133088,0.233729,0.39825,-0.054624,-0.0861953,0.295943,0.106788,0.0567521,0.326812,-0.183496,6.46184e-12,-0.00578526,0.150358,-1.56845e-11,-0.0851738,-0.14742,6.86688e-12
3.316,0.140869,-0.132941,0.233835,0.398702,-0.0545251,-0.0866258,0.296134,0.106798,0.0571176,0.326812,-0.183496,6.46184e-12,-0.00578526,0.150358,-1.56845e-11,-0.0851738,-0.14742,6.86688e-12
3.317,0.141003,-0.132792,0.233942,0.399152,-0.0544215,-0.0870636,0.296326,0.106808,0.0574826,0.326812,-0.183496,6.46184e-12,-0.00578526,0.150358,-1.56845e-11,-0.0851738,-0.14742,6.86688e-12
3.318,0.141137,-0.132643,0.234048,0.3996,-0.0543133,-0.0875085,0.29652,0.106817,0.057847,0.326812,-0.183496,6.46184e-12,-0.00578526,0.150358,-1.56845e-11,-0.0851738,-0.14742,6.86688e-12
3.319,0.14127,-0.132492,0.234155,0.400047,-0.0542004,-0.0879603,0.296715,0.106827,0.0582108,0.326812,-0.183496,6.46184e-12,-0.00578526,0.150358,-1.56845e-11,-0.0851738,-0.14742,6.86688e-12
3.32,0.141403,-0.13234,0.234261,0.400491,-0.0540831,-0.0884189,0.296911,0.106837,0.0585741,0.326812,-0.183496,6.46184e-12,-0.00578526,0.150358,-1.56845e-11,-0.0851738,-0.14742,6.86688e-12
3.321,0.141536,-0.132186,0.234367,0.400932,-0.0539613,-0.0888841,0.297109,0.106847,0.0589367,0.326812,-0.183496,6.46184e-12,-0.00578526,0.150358,-1.56845e-11,-0.0851738,-0.14742,6.86688e-12
3.322,0.141669,-0.132032,0.234474,0.401371,-0.0538352,-0.0893556,0.297308,0.106857,0.0592986,0.326812,-0.183496,6.46184e-12,-0.00578526,0.150358,-1.56845e-11,-0.0851738,-0.14742,6.86688e-12
3.323,0.141802,-0.131876,0.23458,0.401807,-0.0537048,-0.0898334,0.297509,0.106867,0.0596599,0.326812,-0.183496,6.46184e-12,-0.00578526,0.150358,-1.56845e-11,-0.0851738,-0.14742,6.86688e-12
3.324,0.141935,-0.131719,0.234686,0.40224,-0.0535703,-0.0903172,0.29771,0.106877,0.0600206,0.326812,-0.183496,6.46184e-12,-0.00578526,0.150358,-1.56845e-11,-0.0851738,-0.14742,6.86688e-12
3.325,0.142067,-0.131561,0.234793,0.40267,-0.0534316,-0.0908069,0.297914,0.106887,0.0603805,0.326812,-0.183496,6.46184e-12,-0.00578526,0.150358,-1.56845e-11,-0.0851738,-0.14742,6.86688e-12
3.326,0.142199,-0.131401,0.234899,0.403096,-0.053289,-0.0913022,0.298118,0.106897,0.0607397,0.326812,-0.183496,6.46184e-12,-0.00578526,0.150358,-1.56845e-11,-0.0851738,-0.14742,6.86688e-12
3.327,0.142331,-0.131241,0.235005,0.403519,-0.0531424,-0.0918031,0.298324,0.106908,0.0610982,0.326812,-0.183496,6.46184e-12,-0.00578526,0.150358,-1.56845e-11,-0.0851738,-0.14742,6.86688e-12
3.328,0.142463,-0.131079,0.235111,0.403937,-0.0529919,-0.0923093,0.298531,0.106918,0.0614559,0.326812,-0.183496,6.46184e-12,-0.00578526,0.150358,-1.56845e-11,-0.0851738,-0.14742,6.86688e-12
3.329,0.142594,-0.130916,0.235218,0.404351,-0.0528376,-0.0928206,0.29874,0.106929,0.0618128,0.326812,-0.183496,6.46184e-12,-0.00578526,0.150358,-1.56845e-11,-0.0851738,-0.14742,6.86688e-12
3.33,0.142726,-0.130752,0.235324,0.404761,-0.0526796,-0.093337,0.29895,0.106939,0.0621689,0.326812,-0.183496,6.46184e-12,-0.00578526,0.150358,-1.56845e-11,-0.0851738,-0.14742,6.86688e-12
3.331,0.142857,-0.130586,0.235429,0.405167,-0.052518,-0.0938581,0.299161,0.10695,0.0625242,0.326812,-0.183496,6.46184e-12,-0.00578526,0.150358,-1.56845e-11,-0.0851738,-0.14742,6.86688e-12
3.332,0.142988,-0.13042,0.235535,0.405567,-0.0523529,-0.0943838,0.299374,0.10696,0.0628786,0.326812,-0.183496,6.46184e-12,-0.00578526,0.150358,-1.56845e-11,-0.0851738,-0.14742,6.86688e-12
3.333,0.143119,-0.130252,0.235641,0.405963,-0.0521843,-0.094914,0.299588,0.106971,0.0632322,0.326812,-0.183496,6.46184e-12,-0.00578526,0.150358,-1.56845e-11,-0.0851738,-0.14742,6.86688e-12
3.334,0.143249,-0.130083,0.235746,0.406353,-0.0520123,-0.0954484,0.299804,0.106982,0.0635849,0.326812,-0.183496,6.46184e-12,-0.00578526,0.150358,-1.56845e-11,-0.0851738,-0.14742,6.86688e-12
3.335,0.143379,-0.129913,0.235852,0.406738,-0.051837,-0.0959869,0.300021,0.106993,0.0639367,0.326812,-0.183496,6.46184e-12,-0.00578526,0.150358,-1.56845e-11,-0.0851738,-0.14742,6.86688e-12
3.336,0.14351,-0.129742,0.235957,0.407117,-0.0516584,-0.0965294,0.300239,0.107004,0.0642875,0.326812,-0.183496,6.46184e-12,-0.00578526,0.150358,-1.56845e-11,-0.0851738,-0.14742,6.86688e-12
3.337,0.143639,-0.12957,0.236062,0.40749,-0.0514767,-0.0970755,0.300459,0.107015,0.0646375,0.326812,-0.183496,6.46184e-12,-0.00578526,0.150358,-1.56845e-11,-0.0851738,-0.14742,6.86688e-12
3.338,0.143769,-0.129396,0.236167,0.407857,-0.051292,-0.0976252,0.30068,0.107026,0.0649864,0.326812,-0.183496,6.46184e-12,-0.00578526,0.150358,-1.56845e-11,-0.0851738,-0.14742,6.86688e-12
3.339,0.143898,-0.129221,0.236272,0.408218,-0.0511042,-0.0981783,0.300903,0.107037,0.0653344,0.326812,-0.183496,6.46184e-12,-0.00578526,0.150358,-1.56845e-11,-0.0851738,-0.14742,6.86688e-12
3.34,0.144028,-0.129045,0.236376,0.408572,-0.0509135,-0.0987346,0.301127,0.107048,0.0656813,0.326812,-0.183496,6.46184e-12,-0.00578526,0.150358,-1.56845e-11,-0.0851738,-0.14742,6.86688e-12
3.341,0.144156,-0.128868,0.236481,0.408919,-0.05072,-0.0992939,0.301352,0.10706,0.0660272,0.326812,-0.183496,6.46184e-12,-0.00578526,0.150358,-1.56845e-11,-0.0851738,-0.14742,6.86688e-12
3.342,0.144285,-0.12869,0.236585,0.40926,-0.0505237,-0.099856,0.301579,0.107071,0.0663721,0.326812,-0.183496,6.46184e-12,-0.00578526,0.150358,-1.56845e-11,-0.0851738,-0.14742,6.86688e-12
3.343,0.144414,-0.128511,0.236689,0.409593,-0.0503248,-0.100421,0.301807,0.107082,0.0667159,0.326812,-0.183496,6.46184e-12,-0.00578526,0.150358,-1.56845e-11,-0.0851738,-0.14742,6.86688e-12
3.344,0.144542,-0.128331,0.236792,0.409919,-0.0501233,-0.100988,0.302037,0.107094,0.0670586,0.326812,-0.183496,6.46184e-12,-0.00578526,0.150358,-1.56845e-11,-0.0851738,-0.14742,6.86688e-12
3.345,0.14467,-0.128149,0.236896,0.410238,-0.0499192,-0.101558,0.302268,0.107106,0.0674002,0.326812,-0.183496,6.46184e-12,-0.00578526,0.150358,-1.56845e-11,-0.0851738,-0.14742,6.86688e-12
3.346,0.144797,-0.127966,0.236999,0.410548,-0.0497127,-0.102129,0.302501,0.107117,0.0677407,0.326812,-0.183496,6.46184e-12,-0.00578526,0.150358,-1.56845e-11,-0.0851738,-0.14742,6.86688e-12
3.347,0.144925,-0.127783,0.237102,0.410851,-0.0495038,-0.102703,0.302735,0.107129,0.06808,0.326812,-0.183496,6.46184e-12,-0.00578526,0.150358,-1.56845e-11,-0.0851738,-0.14742,6.86688e-12
3.348,0.145052,-0.127598,0.237204,0.411145,-0.0492927,-0.103279,0.302971,0.107141,0.0684181,0.326812,-0.183496,6.46184e-12,-0.00578526,0.150358,-1.56845e-11,-0.0851738,-0.14742,6.86688e-12
3.349,0.145178,-0.127412,0.237307,0.411431,-0.0490793,-0.103856,0.303208,0.107153,0.0687551,0.326812,-0.183496,6.46184e-12,-0.00578526,0.150358,-1.56845e-11,-0.0851738,-0.14742,6.86688e-12
3.35,0.145305,-0.127225,0.237409,0.411708,-0.0488638,-0.104434,0.303446,0.107165,0.0690908,0.326812,-0.183496,6.46184e-12,-0.00578526,0.150358,-1.56845e-11,-0.0851738,-0.14742,6.86688e-12
3.351,0.145431,-0.127036,0.237511,0.411976,-0.0486463,-0.105014,0.303686,0.107177,0.0694253,0.326812,-0.183496,6.46184e-12,-0.00578526,0.150358,-1.56845e-11,-0.0851738,-0.14742,6.86688e-12
3.352,0.145557,-0.126847,0.237612,0.412235,-0.0484268,-0.105595,0.303928,0.107189,0.0697586,0.326812,-0.183496,6.46184e-12,-0.00578526,0.150358,-1.56845e-11,-0.0851738,-0.14742,6.86688e-12
3.353,0.145683,-0.126657,0.237713,0.412485,-0.0482055,-0.106176,0.304171,0.107201,0.0700906,0.326812,-0.183496,6.46184e-12,-0.00578526,0.150358,-1.56845e-11,-0.0851738,-0.14742,6.86688e-12
3.354,0.145808,-0.126465,0.237814,0.412725,-0.0479823,-0.106759,0.304415,0.107213,0.0704213,0.326812,-0.183496,6.46184e-12,-0.00578526,0.150358,-1.56845e-11,-0.0851738,-0.14742,6.86688e-12
3.355,0.145933,-0.126273,0.237914,0.412956,-0.0477574,-0.107341,0.304661,0.107226,0.0707506,0.326812,-0.183496,6.46184e-12,-0.00578526,0.150358,-1.56845e-11,-0.0851738,-0.14742,6.86688e-12
3.356,0.146058,-0.126079,0.238014,0.413176,-0.0475308,-0.107925,0.304908,0.107238,0.0710787,0.326812,-0.183496,6.46184e-12,-0.00578526,0.150358,-1.56845e-11,-0.0851738,-0.14742,6.86688e-12
3.357,0.146182,-0.125884,0.238114,0.413387,-0.0473027,-0.108508,0.305157,0.10725,0.0714053,0.326812,-0.183496,6.46184e-12,-0.00578526,0.150358,-1.56845e-11,-0.0851738,-0.14742,6.86688e-12
3.358,0.146306,-0.125688,0.238213,0.413587,-0.0470731,-0.109091,0.305408,0.107263,0.0717306,0.326812,-0.183496,6.46184e-12,-0.00578526,0.150358,-1.56845e-11,-0.0851738,-0.14742,6.86688e-12
3.359,0.14643,-0.125491,0.238312,0.413776,-0.0468421,-0.109675,0.305659,0.107276,0.0720546,0.326812,-0.183496,6.46184e-12,-0.00578526,0.150358,-1.56845e-11,-0.0851738,-0.14742,6.86688e-12
3.36,0.146554,-0.125293,0.238411,0.413955,-0.0466097,-0.110258,0.305913,0.107288,0.072377,0.326812,-0.183496,6.46184e-12,-0.00578526,0.150358,-1.56845e-11,-0.0851738,-0.14742,6.86688e-12
3.361,0.146677,-0.125094,0.238509,0.414122,-0.0463761,-0.11084,0.306168,0.107301,0.0726981,0.326812,-0.183496,6.46184e-12,-0.00578526,0.150358,-1.56845e-11,-0.0851738,-0.14742,6.86688e-12
3.362,0.1468,-0.124894,0.238607,0.414278,-0.0461413,-0.111421,0.306424,0.107314,0.0730177,0.326812,-0.183496,6.46184e-12,-0.00578526,0.150358,-1.56845e-11,-0.0851738,-0.14742,6.86688e-12
3.363,0.146922,-0.124693,0.238704,0.414423,-0.0459055,-0.112002,0.306682,0.107327,0.0733358,0.326812,-0.183496,6.46184e-12,-0.00578526,0.150358,-1.56845e-11,-0.0851738,-0.14742,6.86688e-12
3.364,0.147044,-0.124491,0.238801,0.414556,-0.0456686,-0.112582,0.306941,0.10734,0.0736524,0.326812,-0.183496,6.46184e-12,-0.00578526,0.150358,-1.56845e-11,-0.0851738,-0.14742,6.86688e-12
3.365,0.147166,-0.124287,0.238897,0.414678,-0.0454307,-0.11316,0.307202,0.107353,0.0739675,0.326812,-0.183496,6.46184e-12,-0.00578526,0.150358,-1.56845e-11,-0.0851738,-0.14742,6.86688e-12
3.366,0.147288,-0.124083,0.238993,0.414787,-0.045192,-0.113737,0.307465,0.107366,0.0742811,0.326812,-0.183496,6.46184e-12,-0.00578526,0.150358,-1.56845e-11,-0.0851738,-0.14742,6.86688e-12
3.367,0.147409,-0.123878,0.239089,0.414884,-0.0449526,-0.114313,0.307729,0.107379,0.0745931,0.326812,-0.183496,6.46184e-12,-0.00578526,0.150358,-1.56845e-11,-0.0851738,-0.14742,6.86688e-12
3.368,0.147529,-0.123671,0.239184,0.414968,-0.0447124,-0.114886,0.307994,0.107393,0.0749035,0.326812,-0.183496,6.46184e-12,-0.00578526,0.150358,-1.56845e-11,-0.0851738,-0.14742,6.86688e-12
3.369,0.14765,-0.123464,0.239278,0.415039,-0.0444716,-0.115458,0.308262,0.107406,0.0752123,0.326812,-0.183496,6.46184e-12,-0.00578526,0.150358,-1.56845e-11,-0.0851738,-0.14742,6.86688e-12
3.37,0.14777,-0.123255,0.239372,0.415098,-0.0442303,-0.116027,0.30853,0.10742,0.0755195,0.326812,-0.183496,6.46184e-12,-0.00578526,0.150358,-1.56845e-11,-0.0851738,-0.14742,6.86688e-12
3.371,0.14789,-0.123046,0.239466,0.415143,-0.0439885,-0.116594,0.3088,0.107433,0.0758251,0.326812,-0.183496,6.46184e-12,-0.00578526,0.150358,-1.56845e-11,-0.0851738,-0.14742,6.86688e-12
3.372,0.148009,-0.122835,0.239559,0.415175,-0.0437463,-0.117159,0.309072,0.107447,0.0761289,0.326812,-0.183496,6.46184e-12,-0.00578526,0.150358,-1.56845e-11,-0.0851738,-0.14742,6.86688e-12
3.373,0.148128,-0.122624,0.239651,0.415194,-0.0435039,-0.117721,0.309346,0.107461,0.0764312,0.326812,-0.183496,6.46184e-12,-0.00578526,0.150358,-1.56845e-11,-0.0851738,-0.14742,6.86688e-12
3.374,0.148246,-0.122411,0.239743,0.415198,-0.0432612,-0.11828,0.30962,0.107474,0.0767317,0.326812,-0.183496,6.46184e-12,-0.00578526,0.150358,-1.56845e-11,-0.0851738,-0.14742,6.86688e-12
3.375,0.148365,-0.122197,0.239834,0.415189,-0.0430183,-0.118836,0.309897,0.107488,0.0770304,0.326812,-0.183496,6.46184e-12,-0.00578526,0.150358,-1.56845e-11,-0.0851738,-0.14742,6.86688e-12
3.376,0.148482,-0.121983,0.239925,0.415165,-0.0427754,-0.119389,0.310175,0.107502,0.0773275,0.326812,-0.183496,6.46184e-12,-0.00578526,0.150358,-1.56845e-11,-0.0851738,-0.14742,6.86688e-12
3.377,0.1486,-0.121767,0.240015,0.415127,-0.0425325,-0.119939,0.310454,0.107516,0.0776227,0.326812,-0.183496,6.46184e-12,-0.00578526,0.150358,-1.56845e-11,-0.0851738,-0.14742,6.86688e-12
3.378,0.148717,-0.121551,0.240105,0.415074,-0.0422897,-0.120485,0.310736,0.10753,0.0779162,0.326812,-0.183496,6.46184e-12,-0.00578526,0.150358,-1.56845e-11,-0.0851738,-0.14742,6.86688e-12
3.379,0.148834,-0.121333,0.240194,0.415006,-0.0420471,-0.121027,0.311018,0.107544,0.0782079,0.326812,-0.183496,6.46184e-12,-0.00578526,0.150358,-1.56845e-11,-0.0851738,-0.14742,6.86688e-12
3.38,0.14895,-0.121115,0.240283,0.414923,-0.0418047,-0.121565,0.311303,0.107559,0.0784978,0.326812,-0.183496,6.46184e-12,-0.00578526,0.150358,-1.56845e-11,-0.0851738,-0.14742,6.86688e-12
3.381,0.149066,-0.120895,0.24037,0.414825,-0.0415626,-0.122099,0.311589,0.107573,0.0787858,0.326812,-0.183496,6.46184e-12,-0.00578526,0.150358,-1.56845e-11,-0.0851738,-0.14742,6.86688e-12
3.382,0.149181,-0.120674,0.240458,0.414711,-0.041321,-0.122629,0.311876,0.107587,0.0790719,0.326812,-0.183496,6.46184e-12,-0.00578526,0.150358,-1.56845e-11,-0.0851738,-0.14742,6.86688e-12
3.383,0.149296,-0.120453,0.240544,0.414581,-0.0410798,-0.123155,0.312165,0.107602,0.0793562,0.326812,-0.183496,6.46184e-12,-0.00578526,0.150358,-1.56845e-11,-0.0851738,-0.14742,6.86688e-12
3.384,0.149411,-0.12023,0.24063,0.414436,-0.0408392,-0.123676,0.312456,0.107617,0.0796385,0.326812,-0.183496,6.46184e-12,-0.00578526,0.150358,-1.56845e-11,-0.0851738,-0.14742,6.86688e-12
3.385,0.149525,-0.120007,0.240715,0.414274,-0.0405993,-0.124192,0.312748,0.107631,0.0799189,0.326812,-0.183496,6.46184e-12,-0.00578526,0.150358,-1.56845e-11,-0.0851738,-0.14742,6.86688e-12
3.386,0.149638,-0.119782,0.2408,0.414096,-0.0403601,-0.124703,0.313042,0.107646,0.0801974,0.326812,-0.183496,6.46184e-12,-0.00578526,0.150358,-1.56845e-11,-0.0851738,-0.14742,6.86688e-12
3.387,0.149752,-0.119557,0.240884,0.413901,-0.0401217,-0.125209,0.313338,0.107661,0.0804739,0.326812,-0.183496,6.46184e-12,-0.00578526,0.150358,-1.56845e-11,-0.0851738,-0.14742,6.86688e-12
3.388,0.149865,-0.119331,0.240967,0.41369,-0.0398841,-0.12571,0.313635,0.107676,0.0807484,0.326812,-0.183496,6.46184e-12,-0.00578526,0.150358,-1.56845e-11,-0.0851738,-0.14742,6.86688e-12
3.389,0.149977,-0.119103,0.24105,0.413461,-0.0396476,-0.126205,0.313934,0.107691,0.0810209,0.326812,-0.183496,6.46184e-12,-0.00578526,0.150358,-1.56845e-11,-0.0851738,-0.14742,6.86688e-12
3.39,0.150089,-0.118875,0.241132,0.413215,-0.039412,-0.126694,0.314234,0.107706,0.0812914,0.326812,-0.183496,6.46184e-12,-0.00578526,0.150358,-1.56845e-11,-0.0851738,-0.14742,6.86688e-12
3.391,0.150201,-0.118646,0.241213,0.412952,-0.0391776,-0.127177,0.314536,0.107721,0.0815598,0.326812,-0.183496,6.46184e-12,-0.00578526,0.150358,-1.56845e-11,-0.0851738,-0.14742,6.86688e-12
3.392,0.150312,-0.118416,0.241293,0.412671,-0.0389444,-0.127655,0.31484,0.107736,0.0818262,0.326812,-0.183496,6.46184e-12,-0.00578526,0.150358,-1.56845e-11,-0.0851738,-0.14742,6.86688e-12
3.393,0.150422,-0.118185,0.241373,0.412372,-0.0387125,-0.128126,0.315145,0.107751,0.0820904,0.326812,-0.183496,6.46184e-12,-0.00578526,0.150358,-1.56845e-11,-0.0851738,-0.14742,6.86688e-12
3.394,0.150533,-0.117953,0.241452,0.412055,-0.0384819,-0.128591,0.315452,0.107767,0.0823526,0.326812,-0.183496,6.46184e-12,-0.00578526,0.150358,-1.56845e-11,-0.0851738,-0.14742,6.86688e-12
3.395,0.150642,-0.11772,0.24153,0.411719,-0.0382528,-0.129049,0.315761,0.107782,0.0826126,0.326812,-0.183496,6.46184e-12,-0.00578526,0.150358,-1.56845e-11,-0.0851738,-0.14742,6.86688e-12
3.396,0.150752,-0.117486,0.241607,0.411366,-0.0380252,-0.129501,0.316071,0.107798,0.0828705,0.326812,-0.183496,6.46184e-12,-0.00578526,0.150358,-1.56845e-11,-0.0851738,-0.14742,6.86688e-12
3.397,0.150861,-0.117251,0.241684,0.410993,-0.0377992,-0.129945,0.316383,0.107813,0.0831261,0.326812,-0.183496,6.46184e-12,-0.00578526,0.150358,-1.56845e-11,-0.0851738,-0.14742,6.86688e-12
3.398,0.150969,-0.117015,0.24176,0.410601,-0.0375748,-0.130383,0.316697,0.107829,0.0833796,0.326812,-0.183496,6.46184e-12,-0.00578526,0.150358,-1.56845e-11,-0.0851738,-0.14742,6.86688e-12
3.399,0.151077,-0.116778,0.241835,0.41019,-0.0373522,-0.130813,0.317012,0.107845,0.0836309,0.326812,-0.183496,6.46184e-12,-0.00578526,0.150358,-1.56845e-11,-0.0851738,-0.14742,6.86688e-12
3.4,0.151184,-0.116541,0.241909,0.40976,-0.0371315,-0.131235,0.317329,0.107861,0.08388,0.326812,-0.183496,6.46184e-12,-0.00578526,0.150358,-1.56845e-11,-0.0851738,-0.14742,6.86688e-12
3.401,0.151291,-0.116302,0.241982,0.40931,-0.0369126,-0.131651,0.317648,0.107877,0.0841267,0.326812,-0.183496,6.46184e-12,-0.00578526,0.150358,-1.56845e-11,-0.0851738,-0.14742,6.86688e-12
3.402,0.151397,-0.116063,0.242055,0.408841,-0.0366957,-0.132058,0.317968,0.107893,0.0843713,0.326812,-0.183496,6.46184e-12,-0.00578526,0.150358,-1.56845e-11,-0.0851738,-0.14742,6.86688e-12
3.403,0.151503,-0.115823,0.242127,0.408352,-0.0364807,-0.132458,0.31829,0.107909,0.0846135,0.326812,-0.183496,6.46184e-12,-0.00578526,0.150358,-1.56845e-11,-0.0851738,-0.14742,6.86688e-12
3.404,0.151609,-0.115582,0.242198,0.407844,-0.0362677,-0.13285,0.318614,0.107925,0.0848534,0.326812,-0.183496,6.46184e-12,-0.00578526,0.150358,-1.56845e-11,-0.0851738,-0.14742,6.86688e-12
3.405,0.151714,-0.115339,0.242268,0.407317,-0.0360566,-0.133234,0.318939,0.107942,0.0850909,0.326812,-0.183496,6.46184e-12,-0.00578526,0.150358,-1.56845e-11,-0.0851738,-0.14742,6.86688e-12
3.406,0.151818,-0.115097,0.242337,0.40677,-0.0358474,-0.133611,0.319266,0.107958,0.0853262,0.326812,-0.183496,6.46184e-12,-0.00578526,0.150358,-1.56845e-11,-0.0851738,-0.14742,6.86688e-12
3.407,0.151922,-0.114853,0.242406,0.406205,-0.0356403,-0.13398,0.319595,0.107975,0.085559,0.326812,-0.183496,6.46184e-12,-0.00578526,0.150358,-1.56845e-11,-0.0851738,-0.14742,6.86688e-12
3.408,0.152026,-0.114608,0.242473,0.40562,-0.0354351,-0.134342,0.319925,0.107991,0.0857894,0.326812,-0.183496,6.46184e-12,-0.00578526,0.150358,-1.56845e-11,-0.0851738,-0.14742,6.86688e-12
3.409,0.152129,-0.114363,0.24254,0.405016,-0.0352319,-0.134696,0.320258,0.108008,0.0860174,0.326812,-0.183496,6.46184e-12,-0.00578526,0.150358,-1.56845e-11,-0.0851738,-0.14742,6.86688e-12
3.41,0.152231,-0.114116,0.242606,0.404394,-0.0350308,-0.135043,0.320591,0.108025,0.086243,0.326812,-0.183496,6.46184e-12,-0.00578526,0.150358,-1.56845e-11,-0.0851738,-0.14742,6.86688e-12
3.411,0.152333,-0.113869,0.242671,0.403753,-0.0348317,-0.135382,0.320927,0.108041,0.0864661,0.326812,-0.183496,6.46184e-12,-0.00578526,0.150358,-1.56845e-11,-0.0851738,-0.14742,6.86688e-12
3.412,0.152435,-0.113621,0.242735,0.403093,-0.0346346,-0.135713,0.321264,0.108058,0.0866867,0.326812,-0.183496,6.46184e-12,-0.00578526,0.150358,-1.56845e-11,-0.0851738,-0.14742,6.86688e-12
3.413,0.152536,-0.113372,0.242799,0.402415,-0.0344395,-0.136037,0.321603,0.108075,0.0869049,0.326812,-0.183496,6.46184e-12,-0.00578526,0.150358,-1.56845e-11,-0.0851738,-0.14742,6.86688e-12
3.414,0.152636,-0.113122,0.242862,0.401718,-0.0342465,-0.136353,0.321944,0.108092,0.0871205,0.326812,-0.183496,6.46184e-12,-0.00578526,0.150358,-1.56845e-11,-0.0851738,-0.14742,6.86688e-12
3.415,0.152736,-0.112872,0.242923,0.401003,-0.0340555,-0.136661,0.322287,0.10811,0.0873336,0.326812,-0.183496,6.46184e-12,-0.00578526,0.150358,-1.56845e-11,-0.0851738,-0.14742,6.86688e-12
3.416,0.152836,-0.112621,0.242984,0.400269,-0.0338667,-0.136962,0.322631,0.108127,0.0875441,0.326812,-0.183496,6.46184e-12,-0.00578526,0.150358,-1.56845e-11,-0.0851738,-0.14742,6.86688e-12
3.417,0.152935,-0.112369,0.243044,0.399517,-0.0336799,-0.137256,0.322977,0.108144,0.087752,0.326812,-0.183496,6.46184e-12,-0.00578526,0.150358,-1.56845e-11,-0.0851738,-0.14742,6.86688e-12
3.418,0.153034,-0.112116,0.243104,0.398748,-0.0334952,-0.137542,0.323324,0.108162,0.0879573,0.326812,-0.183496,6.46184e-12,-0.00578526,0.150358,-1.56845e-11,-0.0851738,-0.14742,6.86688e-12
3.419,0.153132,-0.111862,0.243162,0.39796,-0.0333127,-0.13782,0.323674,0.108179,0.08816,0.326812,-0.183496,6.46184e-12,-0.00578526,0.150358,-1.56845e-11,-0.0851738,-0.14742,6.86688e-12
3.42,0.153229,-0.111608,0.243219,0.397154,-0.0331322,-0.138091,0.324025,0.108197,0.0883601,0.326812,-0.183496,6.46184e-12,-0.00578526,0.150358,-1.56845e-11,-0.0851738,-0.14742,6.86688e-12
3.421,0.153326,-0.111352,0.243276,0.39633,-0.0329539,-0.138354,0.324378,0.108214,0.0885575,0.326812,-0.183496,6.46184e-12,-0.00578526,0.150358,-1.56845e-11,-0.0851738,-0.14742,6.86688e-12
3.422,0.153423,-0.111096,0.243332,0.395489,-0.0327777,-0.13861,0.324733,0.108232,0.0887522,0.326812,-0.183496,6.46184e-12,-0.00578526,0.150358,-1.56845e-11,-0.0851738,-0.14742,6.86688e-12
3.423,0.153519,-0.11084,0.243387,0.39463,-0.0326037,-0.138858,0.325089,0.10825,0.0889442,0.326812,-0.183496,6.46184e-12,-0.00578526,0.150358,-1.56845e-11,-0.0851738,-0.14742,6.86688e-12
3.424,0.153614,-0.110582,0.243441,0.393753,-0.0324318,-0.139099,0.325448,0.108268,0.0891335,0.326812,-0.183496,6.46184e-12,-0.00578526,0.150358,-1.56845e-11,-0.0851738,-0.14742,6.86688e-12
3.425,0.153709,-0.110324,0.243494,0.392859,-0.0322621,-0.139332,0.325808,0.108286,0.08932,0.326812,-0.183496,6.46184e-12,-0.00578526,0.150358,-1.56845e-11,-0.0851738,-0.14742,6.86688e-12
3.426,0.153804,-0.110065,0.243547,0.391947,-0.0320946,-0.139558,0.326169,0.108304,0.0895038,0.326812,-0.183496,6.46184e-12,-0.00578526,0.150358,-1.56845e-11,-0.0851738,-0.14742,6.86688e-12
3.427,0.153898,-0.109805,0.243598,0.391018,-0.0319293,-0.139777,0.326533,0.108322,0.0896848,0.326812,-0.183496,6.46184e-12,-0.00578526,0.150358,-1.56845e-11,-0.0851738,-0.14742,6.86688e-12
3.428,0.153991,-0.109545,0.243649,0.390072,-0.0317662,-0.139987,0.326898,0.108341,0.0898629,0.326812,-0.183496,6.46184e-12,-0.00578526,0.150358,-1.56845e-11,-0.0851738,-0.14742,6.86688e-12
3.429,0.154084,-0.109284,0.243699,0.389109,-0.0316053,-0.140191,0.327265,0.108359,0.0900383,0.326812,-0.183496,6.46184e-12,-0.00578526,0.150358,-1.56845e-11,-0.0851738,-0.14742,6.86688e-12
3.43,0.154177,-0.109022,0.243748,0.388128,-0.0314466,-0.140387,0.327634,0.108378,0.0902108,0.326812,-0.183496,6.46184e-12,-0.00578526,0.150358,-1.56845e-11,-0.0851738,-0.14742,6.86688e-12
3.431,0.154269,-0.108759,0.243796,0.387131,-0.0312902,-0.140575,0.328005,0.108396,0.0903804,0.326812,-0.183496,6.46184e-12,-0.00578526,0.150358,-1.56845e-11,-0.0851738,-0.14742,6.86688e-12
3.432,0.15436,-0.108496,0.243843,0.386116,-0.0311361,-0.140756,0.328378,0.108415,0.0905471,0.326812,-0.183496,6.46184e-12,-0.00578526,0.150358,-1.56845e-11,-0.0851738,-0.14742,6.86688e-12
3.433,0.154451,-0.108232,0.243889,0.385085,-0.0309841,-0.140929,0.328752,0.108434,0.090711,0.326812,-0.183496,6.46184e-12,-0.00578526,0.150358,-1.56845e-11,-0.0851738,-0.14742,6.86688e-12
3.434,0.154542,-0.107967,0.243934,0.384038,-0.0308345,-0.141095,0.329128,0.108453,0.0908719,0.326812,-0.183496,6.46184e-12,-0.00578526,0.150358,-1.56845e-11,-0.0851738,-0.14742,6.86688e-12
3.435,0.154632,-0.107702,0.243979,0.382973,-0.0306871,-0.141254,0.329506,0.108472,0.0910298,0.326812,-0.183496,6.46184e-12,-0.00578526,0.150358,-1.56845e-11,-0.0851738,-0.14742,6.86688e-12
3.436,0.154721,-0.107436,0.244023,0.381892,-0.0305421,-0.141405,0.329886,0.108491,0.0911848,0.326812,-0.183496,6.46184e-12,-0.00578526,0.150358,-1.56845e-11,-0.0851738,-0.14742,6.86688e-12
3.437,0.15481,-0.107169,0.244066,0.380795,-0.0303993,-0.141549,0.330268,0.10851,0.0913368,0.326812,-0.183496,6.46184e-12,-0.00578526,0.150358,-1.56845e-11,-0.0851738,-0.14742,6.86688e-12
3.438,0.154899,-0.106902,0.244107,0.379681,-0.0302589,-0.141685,0.330651,0.108529,0.0914858,0.326812,-0.183496,6.46184e-12,-0.00578526,0.150358,-1.56845e-11,-0.0851738,-0.14742,6.86688e-12
3.439,0.154986,-0.106634,0.244148,0.378551,-0.0301208,-0.141814,0.331036,0.108548,0.0916317,0.326812,-0.183496,6.46184e-12,-0.00578526,0.150358,-1.56845e-11,-0.0851738,-0.14742,6.86688e-12
3.44,0.155074,-0.106366,0.244189,0.377405,-0.029985,-0.141936,0.331423,0.108568,0.0917746,0.326812,-0.183496,6.46184e-12,-0.00578526,0.150358,-1.56845e-11,-0.0851738,-0.14742,6.86688e-12
3.441,0.155161,-0.106096,0.244228,0.376242,-0.0298516,-0.14205,0.331812,0.108587,0.0919144,0.326812,-0.183496,6.46184e-12,-0.00578526,0.150358,-1.56845e-11,-0.0851738,-0.14742,6.86688e-12
3.442,0.155247,-0.105827,0.244266,0.375064,-0.0297205,-0.142156,0.332203,0.108607,0.0920512,0.326812,-0.183496,6.46184e-12,-0.00578526,0.150358,-1.56845e-11,-0.0851738,-0.14742,6.86688e-12
3.443,0.155333,-0.105556,0.244304,0.37387,-0.0295918,-0.142256,0.332596,0.108627,0.0921848,0.326812,-0.183496,6.46184e-12,-0.00578526,0.150358,-1.56845e-11,-0.0851738,-0.14742,6.86688e-12
3.444,0.155418,-0.105285,0.24434,0.37266,-0.0294655,-0.142348,0.33299,0.108646,0.0923153,0.326812,-0.183496,6.46184e-12,-0.00578526,0.150358,-1.56845e-11,-0.0851738,-0.14742,6.86688e-12
3.445,0.155503,-0.105013,0.244376,0.371434,-0.0293416,-0.142432,0.333386,0.108666,0.0924426,0.326812,-0.183496,6.46184e-12,-0.00578526,0.150358,-1.56845e-11,-0.0851738,-0.14742,6.86688e-12
3.446,0.155587,-0.104741,0.244411,0.370192,-0.02922,-0.142509,0.333785,0.108686,0.0925668,0.326812,-0.183496,6.46184e-12,-0.00578526,0.150358,-1.56845e-11,-0.0851738,-0.14742,6.86688e-12
3.447,0.155671,-0.104468,0.244445,0.368935,-0.0291009,-0.142579,0.334185,0.108706,0.0926877,0.326812,-0.183496,6.46184e-12,-0.00578526,0.150358,-1.56845e-11,-0.0851738,-0.14742,6.86688e-12
3.448,0.155754,-0.104195,0.244478,0.367662,-0.0289842,-0.142641,0.334587,0.108726,0.0928055,0.326812,-0.183496,6.46184e-12,-0.00578526,0.150358,-1.56845e-11,-0.0851738,-0.14742,6.86688e-12
3.449,0.155837,-0.103921,0.24451,0.366375,-0.02887,-0.142696,0.33499,0.108747,0.09292,0.326812,-0.183496,6.46184e-12,-0.00578526,0.150358,-1.56845e-11,-0.0851738,-0.14742,6.86688e-12
3.45,0.155919,-0.103646,0.244541,0.365071,-0.0287582,-0.142744,0.335396,0.108767,0.0930312,0.326812,-0.183496,6.46184e-12,-0.00578526,0.150358,-1.56845e-11,-0.0851738,-0.14742,6.86688e-12
3.451,0.156001,-0.103371,0.244571,0.363753,-0.0286488,-0.142785,0.335804,0.108787,0.0931392,0.326812,-0.183496,6.46184e-12,-0.00578526,0.150358,-1.56845e-11,-0.0851738,-0.14742,6.86688e-12
3.452,0.156082,-0.103095,0.244601,0.362419,-0.028542,-0.142818,0.336213,0.108808,0.0932438,0.326812,-0.183496,6.46184e-12,-0.00578526,0.150358,-1.56845e-11,-0.0851738,-0.14742,6.86688e-12
3.453,0.156162,-0.102819,0.244629,0.36107,-0.0284376,-0.142843,0.336624,0.108829,0.0933452,0.326812,-0.183496,6.46184e-12,-0.00578526,0.150358,-1.56845e-11,-0.0851738,-0.14742,6.86688e-12
3.454,0.156242,-0.102542,0.244657,0.359707,-0.0283356,-0.142862,0.337038,0.108849,0.0934432,0.326812,-0.183496,6.46184e-12,-0.00578526,0.150358,-1.56845e-11,-0.0851738,-0.14742,6.86688e-12
3.455,0.156322,-0.102265,0.244684,0.358328,-0.0282362,-0.142873,0.337453,0.10887,0.0935379,0.326812,-0.183496,6.46184e-12,-0.00578526,0.150358,-1.56845e-11,-0.0851738,-0.14742,6.86688e-12
3.456,0.156401,-0.101987,0.244709,0.356935,-0.0281393,-0.142876,0.33787,0.108891,0.0936292,0.326812,-0.183496,6.46184e-12,-0.00578526,0.150358,-1.56845e-11,-0.0851738,-0.14742,6.86688e-12
3.457,0.156479,-0.101709,0.244734,0.355527,-0.028045,-0.142873,0.338289,0.108912,0.093717,0.326812,-0.183496,6.46184e-12,-0.00578526,0.150358,-1.56845e-11,-0.0851738,-0.14742,6.86688e-12
3.458,0.156557,-0.10143,0.244758,0.354105,-0.0279531,-0.142862,0.338709,0.108933,0.0938015,0.326812,-0.183496,6.46184e-12,-0.00578526,0.150358,-1.56845e-11,-0.0851738,-0.14742,6.86688e-12
3.459,0.156635,-0.10115,0.244781,0.352668,-0.0278638,-0.142844,0.339132,0.108954,0.0938825,0.326812,-0.183496,6.46184e-12,-0.00578526,0.150358,-1.56845e-11,-0.0851738,-0.14742,6.86688e-12
3.46,0.156711,-0.10087,0.244803,0.351216,-0.0277771,-0.142818,0.339557,0.108976,0.0939601,0.326812,-0.183496,6.46184e-12,-0.00578526,0.150358,-1.56845e-11,-0.0851738,-0.14742,6.86688e-12
3.461,0.156788,-0.10059,0.244824,0.34975,-0.0276929,-0.142786,0.339983,0.108997,0.0940341,0.326812,-0.183496,6.46184e-12,-0.00578526,0.150358,-1.56845e-11,-0.0851738,-0.14742,6.86688e-12
3.462,0.156864,-0.100309,0.244845,0.34827,-0.0276113,-0.142746,0.340412,0.109019,0.0941047,0.326812,-0.183496,6.46184e-12,-0.00578526,0.150358,-1.56845e-11,-0.0851738,-0.14742,6.86688e-12
3.463,0.156939,-0.100027,0.244864,0.346776,-0.0275323,-0.142698,0.340842,0.10904,0.0941718,0.326812,-0.183496,6.46184e-12,-0.00578526,0.150358,-1.56845e-11,-0.0851738,-0.14742,6.86688e-12
3.464,0.157014,-0.0997455,0.244882,0.345268,-0.0274559,-0.142644,0.341275,0.109062,0.0942353,0.326812,-0.183496,6.46184e-12,-0.00578526,0.150358,-1.56845e-11,-0.0851738,-0.14742,6.86688e-12
3.465,0.157088,-0.0994631,0.2449,0.343745,-0.0273821,-0.142582,0.341709,0.109084,0.0942952,0.326812,-0.183496,6.46184e-12,-0.00578526,0.150358,-1.56845e-11,-0.0851738,-0.14742,6.86688e-12
3.466,0.157161,-0.0991803,0.244916,0.342209,-0.0273109,-0.142513,0.342145,0.109105,0.0943516,0.326812,-0.183496,6.46184e-12,-0.00578526,0.150358,-1.56845e-11,-0.0851738,-0.14742,6.86688e-12
3.467,0.157235,-0.098897,0.244932,0.340659,-0.0272424,-0.142437,0.342583,0.109127,0.0944043,0.326812,-0.183496,6.46184e-12,-0.00578526,0.150358,-1.56845e-11,-0.0851738,-0.14742,6.86688e-12
3.468,0.157307,-0.0986132,0.244947,0.339095,-0.0271765,-0.142353,0.343023,0.10915,0.0944535,0.326812,-0.183496,6.46184e-12,-0.00578526,0.150358,-1.56845e-11,-0.0851738,-0.14742,6.86688e-12
3.469,0.157379,-0.0983291,0.24496,0.337518,-0.0271132,-0.142263,0.343465,0.109172,0.0944989,0.326812,-0.183496,6.46184e-12,-0.00578526,0.150358,-1.56845e-11,-0.0851738,-0.14742,6.86688e-12
3.47,0.157451,-0.0980444,0.244973,0.335927,-0.0270526,-0.142165,0.343909,0.109194,0.0945408,0.326812,-0.183496,6.46184e-12,-0.00578526,0.150358,-1.56845e-11,-0.0851738,-0.14742,6.86688e-12
3.471,0.157521,-0.0977594,0.244985,0.334323,-0.0269947,-0.142059,0.344355,0.109216,0.0945789,0.326812,-0.183496,6.46184e-12,-0.00578526,0.150358,-1.56845e-11,-0.0851738,-0.14742,6.86688e-12
3.472,0.157592,-0.0974739,0.244996,0.332705,-0.0269395,-0.141947,0.344803,0.109239,0.0946133,0.326812,-0.183496,6.46184e-12,-0.00578526,0.150358,-1.56845e-11,-0.0851738,-0.14742,6.86688e-12
3.473,0.157662,-0.0971881,0.245006,0.331074,-0.0268869,-0.141827,0.345253,0.109261,0.094644,0.326812,-0.183496,6.46184e-12,-0.00578526,0.150358,-1.56845e-11,-0.0851738,-0.14742,6.86688e-12
3.474,0.157731,-0.0969018,0.245015,0.32943,-0.0268371,-0.1417,0.345705,0.109284,0.094671,0.326812,-0.183496,6.46184e-12,-0.00578526,0.150358,-1.56845e-11,-0.0851738,-0.14742,6.86688e-12
3.475,0.1578,-0.0966151,0.245023,0.327772,-0.02679,-0.141566,0.346159,0.109307,0.0946942,0.326812,-0.183496,6.46184e-12,-0.00578526,0.150358,-1.56845e-11,-0.0851738,-0.14742,6.86688e-12
3.476,0.157868,-0.096328,0.24503,0.326102,-0.0267456,-0.141425,0.346615,0.10933,0.0947136,0.326812,-0.183496,6.46184e-12,-0.00578526,0.150358,-1.56845e-11,-0.0851738,-0.14742,6.86688e-12
3.477,0.157936,-0.0960405,0.245037,0.324419,-0.026704,-0.141277,0.347073,0.109353,0.0947292,0.326812,-0.183496,6.46184e-12,-0.00578526,0.150358,-1.56845e-11,-0.0851738,-0.14742,6.86688e-12
3.478,0.158003,-0.0957527,0.245042,0.322722,-0.0266651,-0.141121,0.347533,0.109376,0.0947409,0.326812,-0.183496,6.46184e-12,-0.00578526,0.150358,-1.56845e-11,-0.0851738,-0.14742,6.86688e-12
3.479,0.158069,-0.0954645,0.245046,0.321014,-0.026629,-0.140959,0.347994,0.109399,0.0947488,0.326812,-0.183496,6.46184e-12,-0.00578526,0.150358,-1.56845e-11,-0.0851738,-0.14742,6.86688e-12
3.48,0.158135,-0.0951759,0.24505,0.319292,-0.0265957,-0.140789,0.348458,0.109422,0.0947529,0.326812,-0.183496,6.46184e-12,-0.00578526,0.150358,-1.56845e-11,-0.0851738,-0.14742,6.86688e-12
3.481,0.158201,-0.0948869,0.245052,0.317558,-0.0265651,-0.140612,0.348924,0.109445,0.094753,0.326812,-0.183496,6.46184e-12,-0.00578526,0.150358,-1.56845e-11,-0.0851738,-0.14742,6.86688e-12
3.482,0.158266,-0.0945976,0.245053,0.315811,-0.0265373,-0.140427,0.349388,0.109469,0.0947493,0.326812,-0.183496,6.46184e-12,-0.00578526,0.150358,-1.56845e-11,-0.0851738,-0.14742,6.86688e-12
3.483,0.15833,-0.094308,0.245054,0.314052,-0.0265124,-0.140236,0.34985,0.109492,0.0947417,0.326812,-0.183496,6.46184e-12,-0.00578526,0.150358,-1.56845e-11,-0.0851738,-0.14742,6.86688e-12
3.484,0.158394,-0.094018,0.245053,0.312281,-0.0264902,-0.140037,0.35031,0.109515,0.0947302,0.326812,-0.183496,6.46184e-12,-0.00578526,0.150358,-1.56845e-11,-0.0851738,-0.14742,6.86688e-12
3.485,0.158457,-0.0937277,0.245052,0.310497,-0.0264709,-0.139832,0.350768,0.109538,0.0947149,0.326812,-0.183496,6.46184e-12,-0.00578526,0.150358,-1.56845e-11,-0.0851738,-0.14742,6.86688e-12
3.486,0.15852,-0.093437,0.24505,0.308702,-0.0264544,-0.139619,0.351224,0.109561,0.0946958,0.326812,-0.183496,6.46184e-12,-0.00578526,0.150358,-1.56845e-11,-0.0851738,-0.14742,6.86688e-12
3.487,0.158582,-0.0931461,0.245046,0.306894,-0.0264408,-0.139399,0.351678,0.109584,0.0946729,0.326812,-0.183496,6.46184e-12,-0.00578526,0.150358,-1.56845e-11,-0.0851738,-0.14742,6.86688e-12
3.488,0.158643,-0.0928548,0.245042,0.305074,-0.02643,-0.139172,0.35213,0.109606,0.0946463,0.326812,-0.183496,6.46184e-12,-0.00578526,0.150358,-1.56845e-11,-0.0851738,-0.14742,6.86688e-12
3.489,0.158704,-0.0925632,0.245037,0.303242,-0.0264221,-0.138938,0.35258,0.109629,0.0946159,0.326812,-0.183496,6.46184e-12,-0.00578526,0.150358,-1.56845e-11,-0.0851738,-0.14742,6.86688e-12
3.49,0.158765,-0.0922713,0.24503,0.301399,-0.0264171,-0.138697,0.353028,0.109651,0.0945817,0.326812,-0.183496,6.46184e-12,-0.00578526,0.150358,-1.56845e-11,-0.0851738,-0.14742,6.86688e-12
3.491,0.158825,-0.0919792,0.245023,0.299544,-0.026415,-0.138449,0.353474,0.109674,0.0945439,0.326812,-0.183496,6.46184e-12,-0.00578526,0.150358,-1.56845e-11,-0.0851738,-0.14742,6.86688e-12
3.492,0.158884,-0.0916867,0.245015,0.297677,-0.0264158,-0.138193,0.353918,0.109696,0.0945023,0.326812,-0.183496,6.46184e-12,-0.00578526,0.150358,-1.56845e-11,-0.0851738,-0.14742,6.86688e-12
3.493,0.158943,-0.091394,0.245006,0.295799,-0.0264195,-0.137931,0.35436,0.109718,0.0944571,0.326812,-0.183496,6.46184e-12,-0.00578526,0.150358,-1.56845e-11,-0.0851738,-0.14742,6.86688e-12
3.494,0.159001,-0.091101,0.244996,0.293909,-0.0264261,-0.137661,0.354801,0.10974,0.0944083,0.326812,-0.183496,6.46184e-12,-0.00578526,0.150358,-1.56845e-11,-0.0851738,-0.14742,6.86688e-12
3.495,0.159059,-0.0908077,0.244985,0.292008,-0.0264357,-0.137384,0.355239,0.109762,0.0943558,0.326812,-0.183496,6.46184e-12,-0.00578526,0.150358,-1.56845e-11,-0.0851738,-0.14742,6.86688e-12
3.496,0.159116,-0.0905142,0.244972,0.290096,-0.0264482,-0.137101,0.355675,0.109784,0.0942997,0.326812,-0.183496,6.46184e-12,-0.00578526,0.150358,-1.56845e-11,-0.0851738,-0.14742,6.86688e-12
3.497,0.159172,-0.0902204,0.244959,0.288173,-0.0264637,-0.13681,0.35611,0.109806,0.0942401,0.326812,-0.183496,6.46184e-12,-0.00578526,0.150358,-1.56845e-11,-0.0851738,-0.14742,6.86688e-12
3.498,0.159228,-0.0899264,0.244945,0.286238,-0.0264821,-0.136512,0.356542,0.109827,0.0941768,0.326812,-0.183496,6.46184e-12,-0.00578526,0.150358,-1.56845e-11,-0.0851738,-0.14742,6.86688e-12
3.499,0.159284,-0.0896322,0.24493,0.284293,-0.0265035,-0.136207,0.356973,0.109849,0.0941101,0.326812,-0.183496,6.46184e-12,-0.00578526,0.150358,-1.56845e-11,-0.0851738,-0.14742,6.86688e-12
3.5,0.159339,-0.0893377,0.244914,0.282336,-0.0265279,-0.135895,0.357401,0.109871,0.0940398,0.326812,-0.183496,6.46184e-12,-0.00578526,0.150358,-1.56845e-11,-0.0851738,-0.14742,6.86688e-12
3.501,0.159393,-0.089043,0.244897,0.280369,-0.0265553,-0.135576,0.357828,0.109892,0.093966,0.326812,-0.183496,6.46184e-12,-0.00578526,0.150358,-1.56845e-11,-0.0851738,-0.14742,6.86688e-12
3.502,0.159446,-0.0887481,0.244879,0.278391,-0.0265857,-0.135251,0.358253,0.109913,0.0938887,0.326812,-0.183496,6.46184e-12,-0.00578526,0.150358,-1.56845e-11,-0.0851738,-0.14742,6.86688e-12
3.503,0.1595,-0.0884529,0.24486,0.276403,-0.026619,-0.134918,0.358676,0.109934,0.0938079,0.326812,-0.183496,6.46184e-12,-0.00578526,0.150358,-1.56845e-11,-0.0851738,-0.14742,6.86688e-12
3.504,0.159552,-0.0881576,0.24484,0.274405,-0.0266551,-0.134579,0.359097,0.109956,0.0937237,0.326812,-0.183496,6.46184e-12,-0.00578526,0.150358,-1.56845e-11,-0.0851738,-0.14742,6.86688e-12
3.505,0.159604,-0.0878621,0.244819,0.272398,-0.0266941,-0.134233,0.359516,0.109977,0.0936361,0.326812,-0.183496,6.46184e-12,-0.00578526,0.150358,-1.56845e-11,-0.0851738,-0.14742,6.86688e-12
3.506,0.159656,-0.0875663,0.244797,0.270381,-0.0267359,-0.133882,0.359933,0.109998,0.0935451,0.326812,-0.183496,6.46184e-12,-0.00578526,0.150358,-1.56845e-11,-0.0851738,-0.14742,6.86688e-12
3.507,0.159706,-0.0872704,0.244775,0.268355,-0.0267804,-0.133524,0.360348,0.110018,0.0934507,0.326812,-0.183496,6.46184e-12,-0.00578526,0.150358,-1.56845e-11,-0.0851738,-0.14742,6.86688e-12
3.508,0.159757,-0.0869743,0.244751,0.26632,-0.0268277,-0.13316,0.360762,0.110039,0.093353,0.326812,-0.183496,6.46184e-12,-0.00578526,0.150358,-1.56845e-11,-0.0851738,-0.14742,6.86688e-12
3.509,0.159807,-0.0866781,0.244726,0.264277,-0.0268776,-0.132791,0.361173,0.11006,0.0932519,0.326812,-0.183496,6.46184e-12,-0.00578526,0.150358,-1.56845e-11,-0.0851738,-0.14742,6.86688e-12
3.51,0.159856,-0.0863816,0.2447,0.262225,-0.0269301,-0.132416,0.361583,0.11008,0.0931474,0.326812,-0.183496,6.46184e-12,-0.00578526,0.150358,-1.56845e-11,-0.0851738,-0.14742,6.86688e-12
3.511,0.159904,-0.086085,0.244674,0.260166,-0.0269852,-0.132036,0.36199,0.110101,0.0930397,0.326812,-0.183496,6.46184e-12,-0.00578526,0.150358,-1.56845e-11,-0.0851738,-0.14742,6.86688e-12
3.512,0.159953,-0.0857882,0.244646,0.258099,-0.0270429,-0.13165,0.362396,0.110121,0.0929287,0.326812,-0.183496,6.46184e-12,-0.00578526,0.150358,-1.56845e-11,-0.0851738,-0.14742,6.86688e-12
3.513,0.16,-0.0854913,0.244618,0.256025,-0.0271031,-0.131259,0.3628,0.110141,0.0928145,0.326812,-0.183496,6.46184e-12,-0.00578526,0.150358,-1.56845e-11,-0.0851738,-0.14742,6.86688e-12
3.514,0.160047,-0.0851942,0.244589,0.253943,-0.0271657,-0.130863,0.363202,0.110161,0.092697,0.326812,-0.183496,6.46184e-12,-0.00578526,0.150358,-1.56845e-11,-0.0851738,-0.14742,6.86688e-12
3.515,0.160094,-0.084897,0.244558,0.251855,-0.0272307,-0.130463,0.363602,0.110182,0.0925763,0.326812,-0.183496,6.46184e-12,-0.00578526,0.150358,-1.56845e-11,-0.0851738,-0.14742,6.86688e-12
3.516,0.16014,-0.0845996,0.244527,0.24976,-0.0272981,-0.130058,0.364001,0.110202,0.0924524,0.326812,-0.183496,6.46184e-12,-0.00578526,0.150358,-1.56845e-11,-0.0851738,-0.14742,6.86688e-12
3.517,0.160185,-0.0843022,0.244495,0.24766,-0.0273679,-0.129648,0.364397,0.110221,0.0923253,0.326812,-0.183496,6.46184e-12,-0.00578526,0.150358,-1.56845e-11,-0.0851738,-0.14742,6.86688e-12
3.518,0.16023,-0.0840045,0.244462,0.245553,-0.0274399,-0.129235,0.364792,0.110241,0.0921951,0.326812,-0.183496,6.46184e-12,-0.00578526,0.150358,-1.56845e-11,-0.0851738,-0.14742,6.86688e-12
3.519,0.160274,-0.0837068,0.244429,0.243441,-0.0275142,-0.128817,0.365184,0.110261,0.0920617,0.326812,-0.183496,6.46184e-12,-0.00578526,0.150358,-1.56845e-11,-0.0851738,-0.14742,6.86688e-12
3.52,0.160318,-0.083409,0.244394,0.241323,-0.0275906,-0.128395,0.365575,0.110281,0.0919252,0.326812,-0.183496,6.46184e-12,-0.00578526,0.150358,-1.56845e-11,-0.0851738,-0.14742,6.86688e-12
3.521,0.160362,-0.083111,0.244358,0.239201,-0.0276693,-0.127969,0.365964,0.1103,0.0917856,0.326812,-0.183496,6.46184e-12,-0.00578526,0.150358,-1.56845e-11,-0.0851738,-0.14742,6.86688e-12
3.522,0.160404,-0.0828129,0.244322,0.237073,-0.02775,-0.12754,0.366352,0.110319,0.091643,0.326812,-0.183496,6.46184e-12,-0.00578526,0.150358,-1.56845e-11,-0.0851738,-0.14742,6.86688e-12
3.523,0.160447,-0.0825148,0.244285,0.234942,-0.0278329,-0.127107,0.366737,0.110339,0.0914973,0.326812,-0.183496,6.46184e-12,-0.00578526,0.150358,-1.56845e-11,-0.0851738,-0.14742,6.86688e-12
3.524,0.160488,-0.0822165,0.244247,0.232806,-0.0279178,-0.126671,0.367121,0.110358,0.0913485,0.326812,-0.183496,6.46184e-12,-0.00578526,0.150358,-1.56845e-11,-0.0851738,-0.14742,6.86688e-12
3.525,0.16053,-0.0819182,0.244208,0.230666,-0.0280047,-0.126231,0.367502,0.110377,0.0911968,0.326812,-0.183496,6.46184e-12,-0.00578526,0.150358,-1.56845e-11,-0.0851738,-0.14742,6.86688e-12
3.526,0.16057,-0.0816198,0.244168,0.228523,-0.0280935,-0.125789,0.367882,0.110396,0.091042,0.326812,-0.183496,6.46184e-12,-0.00578526,0.150358,-1.56845e-11,-0.0851738,-0.14742,6.86688e-12
3.527,0.160611,-0.0813213,0.244128,0.226377,-0.0281842,-0.125344,0.368261,0.110415,0.0908843,0.326812,-0.183496,6.46184e-12,-0.00578526,0.150358,-1.56845e-11,-0.0851738,-0.14742,6.86688e-12
3.528,0.16065,-0.0810227,0.244086,0.224227,-0.0282769,-0.124896,0.368637,0.110434,0.0907236,0.326812,-0.183496,6.46184e-12,-0.00578526,0.150358,-1.56845e-11,-0.0851738,-0.14742,6.86688e-12
3.529,0.160689,-0.0807241,0.244044,0.222075,-0.0283713,-0.124446,0.369011,0.110453,0.09056,0.326812,-0.183496,6.46184e-12,-0.00578526,0.150358,-1.56845e-11,-0.0851738,-0.14742,6.86688e-12
3.53,0.160728,-0.0804254,0.244001,0.219921,-0.0284675,-0.123993,0.369384,0.110472,0.0903935,0.326812,-0.183496,6.46184e-12,-0.00578526,0.150358,-1.56845e-11,-0.0851738,-0.14742,6.86688e-12
3.531,0.160766,-0.0801267,0.243957,0.217764,-0.0285655,-0.123538,0.369755,0.11049,0.0902241,0.326812,-0.183496,6.46184e-12,-0.00578526,0.150358,-1.56845e-11,-0.0851738,-0.14742,6.86688e-12
3.532,0.160804,-0.0798279,0.243912,0.215606,-0.0286652,-0.123081,0.370124,0.110509,0.0900518,0.326812,-0.183496,6.46184e-12,-0.00578526,0.150358,-1.56845e-11,-0.0851738,-0.14742,6.86688e-12
3.533,0.160841,-0.0795291,0.243867,0.213446,-0.0287665,-0.122623,0.370491,0.110527,0.0898767,0.326812,-0.183496,6.46184e-12,-0.00578526,0.150358,-1.56845e-11,-0.0851738,-0.14742,6.86688e-12
3.534,0.160878,-0.0792302,0.243821,0.211285,-0.0288695,-0.122162,0.370857,0.110545,0.0896987,0.326812,-0.183496,6.46184e-12,-0.00578526,0.150358,-1.56845e-11,-0.0851738,-0.14742,6.86688e-12
3.535,0.160914,-0.0789313,0.243774,0.209123,-0.028974,-0.1217,0.37122,0.110564,0.089518,0.326812,-0.183496,6.46184e-12,-0.00578526,0.150358,-1.56845e-11,-0.0851738,-0.14742,6.86688e-12
3.536,0.16095,-0.0786324,0.243726,0.20696,-0.0290801,-0.121237,0.371582,0.110582,0.0893344,0.326812,-0.183496,6.46184e-12,-0.00578526,0.150358,-1.56845e-11,-0.0851738,-0.14742,6.86688e-12
3.537,0.160985,-0.0783335,0.243677,0.204797,-0.0291877,-0.120772,0.371943,0.1106,0.0891481,0.326812,-0.183496,6.46184e-12,-0.00578526,0.150358,-1.56845e-11,-0.0851738,-0.14742,6.86688e-12
3.538,0.161019,-0.0780346,0.243628,0.202634,-0.0292967,-0.120306,0.372301,0.110618,0.088959,0.326812,-0.183496,6.46184e-12,-0.00578526,0.150358,-1.56845e-11,-0.0851738,-0.14742,6.86688e-12
3.539,0.161054,-0.0777356,0.243578,0.200471,-0.0294071,-0.11984,0.372658,0.110636,0.0887672,0.326812,-0.183496,6.46184e-12,-0.00578526,0.150358,-1.56845e-11,-0.0851738,-0.14742,6.86688e-12
3.54,0.161087,-0.0774367,0.243527,0.198309,-0.0295189,-0.119373,0.373012,0.110653,0.0885727,0.326812,-0.183496,6.46184e-12,-0.00578526,0.150358,-1.56845e-11,-0.0851738,-0.14742,6.86688e-12
3.541,0.16112,-0.0771377,0.243476,0.196148,-0.029632,-0.118905,0.373366,0.110671,0.0883755,0.326812,-0.183496,6.46184e-12,-0.00578526,0.150358,-1.56845e-11,-0.0851738,-0.14742,6.86688e-12
3.542,0.161153,-0.0768388,0.243423,0.193987,-0.0297464,-0.118437,0.373717,0.110689,0.0881757,0.326812,-0.183496,6.46184e-12,-0.00578526,0.150358,-1.56845e-11,-0.0851738,-0.14742,6.86688e-12
3.543,0.161185,-0.0765399,0.24337,0.191828,-0.029862,-0.117968,0.374066,0.110706,0.0879732,0.326812,-0.183496,6.46184e-12,-0.00578526,0.150358,-1.56845e-11,-0.0851738,-0.14742,6.86688e-12
3.544,0.161217,-0.076241,0.243317,0.189671,-0.0299789,-0.117499,0.374414,0.110724,0.0877681,0.326812,-0.183496,6.46184e-12,-0.00578526,0.150358,-1.56845e-11,-0.0851738,-0.14742,6.86688e-12
3.545,0.161249,-0.0759421,0.243262,0.187515,-0.0300969,-0.117031,0.37476,0.110741,0.0875604,0.326812,-0.183496,6.46184e-12,-0.00578526,0.150358,-1.56845e-11,-0.0851738,-0.14742,6.86688e-12
3.546,0.161279,-0.0756433,0.243207,0.185362,-0.030216,-0.116563,0.375105,0.110758,0.08735,0.326812,-0.183496,6.46184e-12,-0.00578526,0.150358,-1.56845e-11,-0.0851738,-0.14742,6.86688e-12
3.547,0.16131,-0.0753445,0.243151,0.183212,-0.0303362,-0.116095,0.375447,0.110776,0.0871372,0.326812,-0.183496,6.46184e-12,-0.00578526,0.150358,-1.56845e-11,-0.0851738,-0.14742,6.86688e-12
3.548,0.16134,-0.0750457,0.243095,0.181064,-0.0304574,-0.115627,0.375788,0.110793,0.0869218,0.326812,-0.183496,6.46184e-12,-0.00578526,0.150358,-1.56845e-11,-0.0851738,-0.14742,6.86688e-12
3.549,0.161369,-0.074747,0.243037,0.17892,-0.0305796,-0.115161,0.376127,0.11081,0.0867038,0.326812,-0.183496,6.46184e-12,-0.00578526,0.150358,-1.56845e-11,-0.0851738,-0.14742,6.86688e-12
3.55,0.161398,-0.0744484,0.242979,0.176779,-0.0307028,-0.114695,0.376465,0.110827,0.0864834,0.326812,-0.183496,6.46184e-12,-0.00578526,0.150358,-1.56845e-11,-0.0851738,-0.14742,6.86688e-12
3.551,0.161426,-0.0741498,0.242921,0.174641,-0.0308268,-0.11423,0.376801,0.110843,0.0862605,0.326812,-0.183496,6.46184e-12,-0.00578526,0.150358,-1.56845e-11,-0.0851738,-0.14742,6.86688e-12
3.552,0.161454,-0.0738513,0.242861,0.172508,-0.0309518,-0.113767,0.377135,0.11086,0.0860351,0.326812,-0.183496,6.46184e-12,-0.00578526,0.150358,-1.56845e-11,-0.0851738,-0.14742,6.86688e-12
3.553,0.161482,-0.0735528,0.242801,0.170379,-0.0310775,-0.113305,0.377467,0.110877,0.0858073,0.326812,-0.183496,6.46184e-12,-0.00578526,0.150358,-1.56845e-11,-0.0851738,-0.14742,6.86688e-12
3.554,0.161509,-0.0732545,0.242741,0.168254,-0.0312041,-0.112844,0.377797,0.110893,0.085577,0.326812,-0.183496,6.46184e-12,-0.00578526,0.150358,-1.56845e-11,-0.0851738,-0.14742,6.86688e-12
3.555,0.161536,-0.0729562,0.242679,0.166135,-0.0313313,-0.112386,0.378126,0.11091,0.0853444,0.326812,-0.183496,6.46184e-12,-0.00578526,0.150358,-1.56845e-11,-0.0851738,-0.14742,6.86688e-12
3.556,0.161562,-0.072658,0.242617,0.16402,-0.0314593,-0.111928,0.378454,0.110926,0.0851093,0.326812,-0.183496,6.46184e-12,-0.00578526,0.150358,-1.56845e-11,-0.0851738,-0.14742,6.86688e-12
3.557,0.161588,-0.0723599,0.242555,0.161911,-0.0315879,-0.111473,0.378779,0.110943,0.084872,0.326812,-0.183496,6.46184e-12,-0.00578526,0.150358,-1.56845e-11,-0.0851738,-0.14742,6.86688e-12
3.558,0.161613,-0.0720619,0.242492,0.159808,-0.0317172,-0.111021,0.379103,0.110959,0.0846322,0.326812,-0.183496,6.46184e-12,-0.00578526,0.150358,-1.56845e-11,-0.0851738,-0.14742,6.86688e-12
3.559,0.161638,-0.071764,0.242428,0.157711,-0.031847,-0.11057,0.379425,0.110975,0.0843902,0.326812,-0.183496,6.46184e-12,-0.00578526,0.150358,-1.56845e-11,-0.0851738,-0.14742,6.86688e-12
3.56,0.161662,-0.0714662,0.242363,0.15562,-0.0319773,-0.110122,0.379745,0.110991,0.0841459,0.326812,-0.183496,6.46184e-12,-0.00578526,0.150358,-1.56845e-11,-0.0851738,-0.14742,6.86688e-12
3.561,0.161686,-0.0711686,0.242298,0.153536,-0.0321081,-0.109677,0.380064,0.111007,0.0838993,0.326812,-0.183496,6.46184e-12,-0.00578526,0.150358,-1.56845e-11,-0.0851738,-0.14742,6.86688e-12
3.562,0.16171,-0.070871,0.242232,0.151459,-0.0322394,-0.109234,0.380381,0.111023,0.0836504,0.326812,-0.183496,6.46184e-12,-0.00578526,0.150358,-1.56845e-11,-0.0851738,-0.14742,6.86688e-12
3.563,0.161733,-0.0705736,0.242166,0.149389,-0.0323711,-0.108795,0.380697,0.111039,0.0833993,0.326812,-0.183496,6.46184e-12,-0.00578526,0.150358,-1.56845e-11,-0.0851738,-0.14742,6.86688e-12
3.564,0.161755,-0.0702763,0.242099,0.147326,-0.0325031,-0.108358,0.38101,0.111055,0.083146,0.326812,-0.183496,6.46184e-12,-0.00578526,0.150358,-1.56845e-11,-0.0851738,-0.14742,6.86688e-12
3.565,0.161778,-0.0699792,0.242031,0.145272,-0.0326354,-0.107925,0.381322,0.11107,0.0828904,0.326812,-0.183496,6.46184e-12,-0.00578526,0.150358,-1.56845e-11,-0.0851738,-0.14742,6.86688e-12
3.566,0.161799,-0.0696822,0.241963,0.143225,-0.0327681,-0.107496,0.381633,0.111086,0.0826327,0.326812,-0.183496,6.46184e-12,-0.00578526,0.150358,-1.56845e-11,-0.0851738,-0.14742,6.86688e-12
3.567,0.161821,-0.0693854,0.241895,0.141187,-0.0329009,-0.10707,0.381942,0.111101,0.0823729,0.326812,-0.183496,6.46184e-12,-0.00578526,0.150358,-1.56845e-11,-0.0851738,-0.14742,6.86688e-12
3.568,0.161842,-0.0690887,0.241825,0.139157,-0.033034,-0.106648,0.382249,0.111117,0.0821109,0.326812,-0.183496,6.46184e-12,-0.00578526,0.150358,-1.56845e-11,-0.0851738,-0.14742,6.86688e-12
3.569,0.161862,-0.0687922,0.241755,0.137136,-0.0331672,-0.106229,0.382554,0.111132,0.0818468,0.326812,-0.183496,6.46184e-12,-0.00578526,0.150358,-1.56845e-11,-0.0851738,-0.14742,6.86688e-12
3.57,0.161882,-0.0684959,0.241685,0.135125,-0.0333005,-0.105815,0.382858,0.111147,0.0815806,0.326812,-0.183496,6.46184e-12,-0.00578526,0.150358,-1.56845e-11,-0.0851738,-0.14742,6.86688e-12
3.571,0.161902,-0.0681997,0.241614,0.133123,-0.0334339,-0.105406,0.38316,0.111162,0.0813124,0.326812,-0.183496,6.46184e-12,-0.00578526,0.150358,-1.56845e-11,-0.0851738,-0.14742,6.86688e-12
3.572,0.161921,-0.0679037,0.241542,0.131131,-0.0335673,-0.105,0.383461,0.111177,0.0810421,0.326812,-0.183496,6.46184e-12,-0.00578526,0.150358,-1.56845e-11,-0.0851738,-0.14742,6.86688e-12
3.573,0.16194,-0.0676079,0.24147,0.129149,-0.0337007,-0.104599,0.38376,0.111192,0.0807697,0.326812,-0.183496,6.46184e-12,-0.00578526,0.150358,-1.56845e-11,-0.0851738,-0.14742,6.86688e-12
3.574,0.161958,-0.0673123,0.241397,0.127178,-0.0338341,-0.104203,0.384057,0.111207,0.0804954,0.326812,-0.183496,6.46184e-12,-0.00578526,0.150358,-1.56845e-11,-0.0851738,-0.14742,6.86688e-12
3.575,0.161976,-0.0670169,0.241324,0.125217,-0.0339673,-0.103812,0.384353,0.111222,0.080219,0.326812,-0.183496,6.46184e-12,-0.00578526,0.150358,-1.56845e-11,-0.0851738,-0.14742,6.86688e-12
3.576,0.161994,-0.0667217,0.241251,0.123267,-0.0341004,-0.103426,0.384647,0.111237,0.0799407,0.326812,-0.183496,6.46184e-12,-0.00578526,0.150358,-1.56845e-11,-0.0851738,-0.14742,6.86688e-12
3.577,0.162011,-0.0664267,0.241176,0.121328,-0.0342333,-0.103046,0.384939,0.111252,0.0796604,0.326812,-0.183496,6.46184e-12,-0.00578526,0.150358,-1.56845e-11,-0.0851738,-0.14742,6.86688e-12
3.578,0.162028,-0.0661319,0.241102,0.119401,-0.034366,-0.10267,0.38523,0.111266,0.0793782,0.326812,-0.183496,6.46184e-12,-0.00578526,0.150358,-1.56845e-11,-0.0851738,-0.14742,6.86688e-12
3.579,0.162044,-0.0658374,0.241026,0.117486,-0.0344984,-0.1023,0.385519,0.111281,0.0790941,0.326812,-0.183496,6.46184e-12,-0.00578526,0.150358,-1.56845e-11,-0.0851738,-0.14742,6.86688e-12
3.58,0.16206,-0.065543,0.24095,0.115583,-0.0346305,-0.101936,0.385807,0.111295,0.0788081,0.326812,-0.183496,6.46184e-12,-0.00578526,0.150358,-1.56845e-11,-0.0851738,-0.14742,6.86688e-12
3.581,0.162075,-0.0652489,0.240874,0.113693,-0.0347623,-0.101578,0.386093,0.111309,0.0785203,0.326812,-0.183496,6.46184e-12,-0.00578526,0.150358,-1.56845e-11,-0.0851738,-0.14742,6.86688e-12
3.582,0.16209,-0.0649551,0.240797,0.111815,-0.0348937,-0.101226,0.386378,0.111324,0.0782305,0.326812,-0.183496,6.46184e-12,-0.00578526,0.150358,-1.56845e-11,-0.0851738,-0.14742,6.86688e-12
3.583,0.162105,-0.0646614,0.24072,0.10995,-0.0350246,-0.10088,0.38666,0.111338,0.077939,0.326812,-0.183496,6.46184e-12,-0.00578526,0.150358,-1.56845e-11,-0.0851738,-0.14742,6.86688e-12
3.584,0.162119,-0.0643681,0.240642,0.108099,-0.035155,-0.100541,0.386942,0.111352,0.0776457,0.326812,-0.183496,6.46184e-12,-0.00578526,0.150358,-1.56845e-11,-0.0851738,-0.14742,6.86688e-12
3.585,0.162133,-0.0640749,0.240564,0.106261,-0.035285,-0.100208,0.387221,0.111366,0.0773505,0.326812,-0.183496,6.46184e-12,-0.00578526,0.150358,-1.56845e-11,-0.0851738,-0.14742,6.86688e-12
3.586,0.162147,-0.0637821,0.240485,0.104437,-0.0354143,-0.0998815,0.3875,0.11138,0.0770536,0.326812,-0.183496,6.46184e-12,-0.00578526,0.150358,-1.56845e-11,-0.0851738,-0.14742,6.86688e-12
3.587,0.16216,-0.0634895,0.240406,0.102628,-0.0355431,-0.0995621,0.387776,0.111394,0.076755,0.326812,-0.183496,6.46184e-12,-0.00578526,0.150358,-1.56845e-11,-0.0851738,-0.14742,6.86688e-12
3.588,0.162173,-0.0631972,0.240327,0.100832,-0.0356712,-0.0992497,0.388051,0.111408,0.0764546,0.326812,-0.183496,6.46184e-12,-0.00578526,0.150358,-1.56845e-11,-0.0851738,-0.14742,6.86688e-12
3.589,0.162185,-0.0629051,0.240247,0.099052,-0.0357987,-0.0989446,0.388325,0.111421,0.0761525,0.326812,-0.183496,6.46184e-12,-0.00578526,0.150358,-1.56845e-11,-0.0851738,-0.14742,6.86688e-12
3.59,0.162197,-0.0626133,0.240166,0.0972866,-0.0359254,-0.0986467,0.388596,0.111435,0.0758488,0.326812,-0.183496,6.46184e-12,-0.00578526,0.150358,-1.56845e-11,-0.0851738,-0.14742,6.86688e-12
3.591,0.162209,-0.0623219,0.240085,0.0955366,-0.0360513,-0.0983564,0.388867,0.111449,0.0755434,0.326812,-0.183496,6.46184e-12,-0.00578526,0.150358,-1.56845e-11,-0.0851738,-0.14742,6.86688e-12
3.592,0.16222,-0.0620307,0.240004,0.0938022,-0.0361765,-0.0980738,0.389136,0.111462,0.0752363,0.326812,-0.183496,6.46184e-12,-0.00578526,0.150358,-1.56845e-11,-0.0851738,-0.14742,6.86688e-12
3.593,0.162231,-0.0617398,0.239922,0.0920838,-0.0363007,-0.0977989,0.389403,0.111475,0.0749276,0.326812,-0.183496,6.46184e-12,-0.00578526,0.150358,-1.56845e-11,-0.0851738,-0.14742,6.86688e-12
3.594,0.162241,-0.0614492,0.23984,0.0903816,-0.0364241,-0.0975321,0.389668,0.111489,0.0746173,0.326812,-0.183496,6.46184e-12,-0.00578526,0.150358,-1.56845e-11,-0.0851738,-0.14742,6.86688e-12
3.595,0.162252,-0.061159,0.239757,0.0886959,-0.0365465,-0.0972735,0.389933,0.111502,0.0743054,0.326812,-0.183496,6.46184e-12,-0.00578526,0.150358,-1.56845e-11,-0.0851738,-0.14742,6.86688e-12
3.596,0.162261,-0.060869,0.239674,0.087027,-0.036668,-0.0970231,0.390195,0.111515,0.073992,0.326812,-0.183496,6.46184e-12,-0.00578526,0.150358,-1.56845e-11,-0.0851738,-0.14742,6.86688e-12
3.597,0.162271,-0.0605794,0.239591,0.0853752,-0.0367884,-0.0967813,0.390456,0.111528,0.073677,0.326812,-0.183496,6.46184e-12,-0.00578526,0.150358,-1.56845e-11,-0.0851738,-0.14742,6.86688e-12
3.598,0.16228,-0.0602901,0.239507,0.0837408,-0.0369078,-0.096548,0.390716,0.111541,0.0733605,0.326812,-0.183496,6.46184e-12,-0.00578526,0.150358,-1.56845e-11,-0.0851738,-0.14742,6.86688e-12
3.599,0.162288,-0.0600011,0.239423,0.0821241,-0.0370261,-0.0963236,0.390974,0.111554,0.0730425,0.326812,-0.183496,6.46184e-12,-0.00578526,0.150358,-1.56845e-11,-0.0851738,-0.14742,6.86688e-12
3.6,0.162297,-0.0597125,0.239338,0.0805253,-0.0371432,-0.0961082,0.39123,0.111567,0.072723,0.326812,-0.183496,6.46184e-12,-0.00578526,0.150358,-1.56845e-11,-0.0851738,-0.14742,6.86688e-12
3.601,0.162304,-0.0594242,0.239253,0.0789448,-0.0372591,-0.0959018,0.391485,0.11158,0.0724021,0.326812,-0.183496,6.46184e-12,-0.00578526,0.150358,-1.56845e-11,-0.0851738,-0.14742,6.86688e-12
3.602,0.162312,-0.0591363,0.239168,0.0773824,-0.0373739,-0.0957045,0.391739,0.111593,0.0720797,0.326812,-0.183496,6.46184e-12,-0.00578526,0.150358,-1.56845e-11,-0.0851738,-0.14742,6.86688e-12
3.603,0.162319,-0.0588487,0.239082,0.0758382,-0.0374874,-0.0955162,0.391991,0.111605,0.0717559,0.326812,-0.183496,6.46184e-12,-0.00578526,0.150358,-1.56845e-11,-0.0851738,-0.14742,6.86688e-12
3.604,0.162326,-0.0585615,0.238996,0.0743119,-0.0375998,-0.0953368,0.392241,0.111618,0.0714307,0.326812,-0.183496,6.46184e-12,-0.00578526,0.150358,-1.56845e-11,-0.0851738,-0.14742,6.86688e-12
3.605,0.162333,-0.0582746,0.23891,0.0728036,-0.037711,-0.0951662,0.39249,0.11163,0.0711041,0.326812,-0.183496,6.46184e-12,-0.00578526,0.150358,-1.56845e-11,-0.0851738,-0.14742,6.86688e-12
3.606,0.162339,-0.057988,0.238823,0.0713131,-0.037821,-0.0950045,0.392738,0.111643,0.0707762,0.326812,-0.183496,6.46184e-12,-0.00578526,0.150358,-1.56845e-11,-0.0851738,-0.14742,6.86688e-12
3.607,0.162345,-0.0577018,0.238736,0.0698404,-0.0379299,-0.0948515,0.392984,0.111655,0.0704469,0.326812,-0.183496,6.46184e-12,-0.00578526,0.150358,-1.56845e-11,-0.0851738,-0.14742,6.86688e-12
3.608,0.16235,-0.057416,0.238649,0.0683854,-0.0380375,-0.0947071,0.393228,0.111667,0.0701164,0.326812,-0.183496,6.46184e-12,-0.00578526,0.150358,-1.56845e-11,-0.0851738,-0.14742,6.86688e-12
3.609,0.162355,-0.0571305,0.238561,0.066948,-0.038144,-0.0945713,0.393471,0.11168,0.0697845,0.326812,-0.183496,6.46184e-12,-0.00578526,0.150358,-1.56845e-11,-0.0851738,-0.14742,6.86688e-12
3.61,0.16236,-0.0568453,0.238473,0.0655282,-0.0382493,-0.0944441,0.393713,0.111692,0.0694513,0.326812,-0.183496,6.46184e-12,-0.00578526,0.150358,-1.56845e-11,-0.0851738,-0.14742,6.86688e-12
3.611,0.162365,-0.0565605,0.238385,0.0641257,-0.0383535,-0.0943253,0.393953,0.111704,0.0691169,0.326812,-0.183496,6.46184e-12,-0.00578526,0.150358,-1.56845e-11,-0.0851738,-0.14742,6.86688e-12
3.612,0.162369,-0.056276,0.238297,0.0627407,-0.0384564,-0.0942149,0.394192,0.111716,0.0687813,0.326812,-0.183496,6.46184e-12,-0.00578526,0.150358,-1.56845e-11,-0.0851738,-0.14742,6.86688e-12
3.613,0.162373,-0.0559919,0.238208,0.0613729,-0.0385582,-0.0941128,0.394429,0.111728,0.0684444,0.326812,-0.183496,6.46184e-12,-0.00578526,0.150358,-1.56845e-11,-0.0851738,-0.14742,6.86688e-12
3.614,0.162377,-0.0557082,0.238119,0.0600223,-0.0386589,-0.0940189,0.394665,0.111739,0.0681064,0.326812,-0.183496,6.46184e-12,-0.00578526,0.150358,-1.56845e-11,-0.0851738,-0.14742,6.86688e-12
3.615,0.16238,-0.0554248,0.238031,0.0586888,-0.0387584,-0.0939333,0.394899,0.111751,0.0677671,0.326812,-0.183496,6.46184e-12,-0.00578526,0.150358,-1.56845e-11,-0.0851738,-0.14742,6.86688e-12
3.616,0.162383,-0.0551417,0.237941,0.0573723,-0.0388567,-0.0938557,0.395132,0.111763,0.0674267,0.326812,-0.183496,6.46184e-12,-0.00578526,0.150358,-1.56845e-11,-0.0851738,-0.14742,6.86688e-12
3.617,0.162386,-0.054859,0.237852,0.0560728,-0.0389538,-0.0937862,0.395363,0.111774,0.0670852,0.326812,-0.183496,6.46184e-12,-0.00578526,0.150358,-1.56845e-11,-0.0851738,-0.14742,6.86688e-12
3.618,0.162388,-0.0545767,0.237762,0.0547902,-0.0390498,-0.0937247,0.395593,0.111786,0.0667426,0.326812,-0.183496,6.46184e-12,-0.00578526,0.150358,-1.56845e-11,-0.0851738,-0.14742,6.86688e-12
3.619,0.16239,-0.0542947,0.237673,0.0535243,-0.0391447,-0.0936711,0.395821,0.111797,0.0663989,0.326812,-0.183496,6.46184e-12,-0.00578526,0.150358,-1.56845e-11,-0.0851738,-0.14742,6.86688e-12
3.62,0.162392,-0.054013,0.237583,0.0522752,-0.0392384,-0.0936254,0.396048,0.111809,0.0660541,0.326812,-0.183496,6.46184e-12,-0.00578526,0.150358,-1.56845e-11,-0.0851738,-0.14742,6.86688e-12
3.621,0.162394,-0.0537318,0.237493,0.0510426,-0.0393309,-0.0935874,0.396274,0.11182,0.0657083,0.326812,-0.183496,6.46184e-12,-0.00578526,0.150358,-1.56845e-11,-0.0851738,-0.14742,6.86688e-12
3.622,0.162395,-0.0534508,0.237403,0.0498266,-0.0394223,-0.0935572,0.396498,0.111831,0.0653614,0.326812,-0.183496,6.46184e-12,-0.00578526,0.150358,-1.56845e-11,-0.0851738,-0.14742,6.86688e-12
3.623,0.162396,-0.0531702,0.237313,0.0486271,-0.0395125,-0.0935345,0.396721,0.111842,0.0650135,0.326812,-0.183496,6.46184e-12,-0.00578526,0.150358,-1.56845e-11,-0.0851738,-0.14742,6.86688e-12
3.624,0.162397,-0.05289,0.237223,0.0474439,-0.0396016,-0.0935195,0.396942,0.111854,0.0646646,0.326812,-0.183496,6.46184e-12,-0.00578526,0.150358,-1.56845e-11,-0.0851738,-0.14742,6.86688e-12
3.625,0.162398,-0.0526101,0.237132,0.046277,-0.0396896,-0.093512,0.397162,0.111865,0.0643148,0.326812,-0.183496,6.46184e-12,-0.00578526,0.150358,-1.56845e-11,-0.0851738,-0.14742,6.86688e-12
3.626,0.162398,-0.0523306,0.237042,0.0451264,-0.0397764,-0.0935119,0.39738,0.111876,0.063964,0.326812,-0.183496,6.46184e-12,-0.00578526,0.150358,-1.56845e-11,-0.0851738,-0.14742,6.86688e-12
3.627,0.162398,-0.0520515,0.236951,0.0439918,-0.039862,-0.0935192,0.397597,0.111886,0.0636123,0.326812,-0.183496,6.46184e-12,-0.00578526,0.150358,-1.56845e-11,-0.0851738,-0.14742,6.86688e-12
3.628,0.162398,-0.0517727,0.236861,0.0428733,-0.0399466,-0.0935338,0.397813,0.111897,0.0632597,0.326812,-0.183496,6.46184e-12,-0.00578526,0.150358,-1.56845e-11,-0.0851738,-0.14742,6.86688e-12
3.629,0.162398,-0.0514942,0.23677,0.0417708,-0.0400299,-0.0935557,0.398027,0.111908,0.0629062,0.326812,-0.183496,6.46184e-12,-0.00578526,0.150358,-1.56845e-11,-0.0851738,-0.14742,6.86688e-12
3.63,0.162397,-0.0512161,0.23668,0.0406841,-0.0401122,-0.0935847,0.39824,0.111919,0.0625518,0.326812,-0.183496,6.46184e-12,-0.00578526,0.150358,-1.56845e-11,-0.0851738,-0.14742,6.86688e-12
3.631,0.162396,-0.0509384,0.236589,0.0396133,-0.0401933,-0.0936208,0.398452,0.111929,0.0621966,0.326812,-0.183496,6.46184e-12,-0.00578526,0.150358,-1.56845e-11,-0.0851738,-0.14742,6.86688e-12
3.632,0.162395,-0.050661,0.236499,0.0385582,-0.0402733,-0.093664,0.398662,0.11194,0.0618405,0.326812,-0.183496,6.46184e-12,-0.00578526,0.150358,-1.56845e-11,-0.0851738,-0.14742,6.86688e-12
3.633,0.162394,-0.050384,0.236408,0.0375186,-0.0403522,-0.0937142,0.398871,0.11195,0.0614837,0.326812,-0.183496,6.46184e-12,-0.00578526,0.150358,-1.56845e-11,-0.0851738,-0.14742,6.86688e-12
3.634,0.162393,-0.0501073,0.236318,0.0364947,-0.0404299,-0.0937712,0.399078,0.111961,0.061126,0.326812,-0.183496,6.46184e-12,-0.00578526,0.150358,-1.56845e-11,-0.0851738,-0.14742,6.86688e-12
3.635,0.162391,-0.049831,0.236227,0.0354862,-0.0405065,-0.0938351,0.399284,0.111971,0.0607676,0.326812,-0.183496,6.46184e-12,-0.00578526,0.150358,-1.56845e-11,-0.0851738,-0.14742,6.86688e-12
3.636,0.162389,-0.0495551,0.236137,0.0344931,-0.040582,-0.0939058,0.399489,0.111981,0.0604085,0.326812,-0.183496,6.46184e-12,-0.00578526,0.150358,-1.56845e-11,-0.0851738,-0.14742,6.86688e-12
3.637,0.162387,-0.0492795,0.236046,0.0335153,-0.0406563,-0.0939831,0.399692,0.111991,0.0600486,0.326812,-0.183496,6.46184e-12,-0.00578526,0.150358,-1.56845e-11,-0.0851738,-0.14742,6.86688e-12
3.638,0.162384,-0.0490043,0.235956,0.0325527,-0.0407296,-0.0940671,0.399894,0.112002,0.059688,0.326812,-0.183496,6.46184e-12,-0.00578526,0.150358,-1.56845e-11,-0.0851738,-0.14742,6.86688e-12
3.639,0.162382,-0.0487294,0.235866,0.0316053,-0.0408017,-0.0941577,0.400094,0.112012,0.0593268,0.326812,-0.183496,6.46184e-12,-0.00578526,0.150358,-1.56845e-11,-0.0851738,-0.14742,6.86688e-12
3.64,0.162379,-0.0484549,0.235776,0.030673,-0.0408727,-0.0942548,0.400293,0.112022,0.0589649,0.326812,-0.183496,6.46184e-12,-0.00578526,0.150358,-1.56845e-11,-0.0851738,-0.14742,6.86688e-12
3.641,0.162376,-0.0481808,0.235686,0.0297556,-0.0409426,-0.0943583,0.400491,0.112032,0.0586023,0.326812,-0.183496,6.46184e-12,-0.00578526,0.150358,-1.56845e-11,-0.0851738,-0.14742,6.86688e-12
3.642,0.162373,-0.047907,0.235596,0.0288531,-0.0410114,-0.0944682,0.400688,0.112041,0.0582391,0.326812,-0.183496,6.46184e-12,-0.00578526,0.150358,-1.56845e-11,-0.0851738,-0.14742,6.86688e-12
3.643,0.16237,-0.0476336,0.235506,0.0279654,-0.041079,-0.0945843,0.400883,0.112051,0.0578753,0.326812,-0.183496,6.46184e-12,-0.00578526,0.150358,-1.56845e-11,-0.0851738,-0.14742,6.86688e-12
3.644,0.162367,-0.0473606,0.235417,0.0270924,-0.0411456,-0.0947067,0.401077,0.112061,0.057511,0.326812,-0.183496,6.46184e-12,-0.00578526,0.150358,-1.56845e-11,-0.0851738,-0.14742,6.86688e-12
3.645,0.162363,-0.0470879,0.235327,0.0262341,-0.0412111,-0.0948353,0.401269,0.112071,0.0571461,0.326812,-0.183496,6.46184e-12,-0.00578526,0.150358,-1.56845e-11,-0.0851738,-0.14742,6.86688e-12
3.646,0.162359,-0.0468155,0.235238,0.0253904,-0.0412754,-0.09497,0.40146,0.11208,0.0567806,0.326812,-0.183496,6.46184e-12,-0.00578526,0.150358,-1.56845e-11,-0.0851738,-0.14742,6.86688e-12
3.647,0.162355,-0.0465436,0.235149,0.0245611,-0.0413386,-0.0951107,0.40165,0.11209,0.0564146,0.326812,-0.183496,6.46184e-12,-0.00578526,0.150358,-1.56845e-11,-0.0851738,-0.14742,6.86688e-12
3.648,0.162351,-0.046272,0.23506,0.0237462,-0.0414008,-0.0952573,0.401838,0.112099,0.0560481,0.326812,-0.183496,6.46184e-12,-0.00578526,0.150358,-1.56845e-11,-0.0851738,-0.14742,6.86688e-12
3.649,0.162347,-0.0460008,0.234972,0.0229457,-0.0414618,-0.0954099,0.402026,0.112109,0.0556812,0.326812,-0.183496,6.46184e-12,-0.00578526,0.150358,-1.56845e-11,-0.0851738,-0.14742,6.86688e-12
3.65,0.162343,-0.0457299,0.234883,0.0221594,-0.0415218,-0.0955683,0.402212,0.112118,0.0553137,0.326812,-0.183496,6.46184e-12,-0.00578526,0.150358,-1.56845e-11,-0.0851738,-0.14742,6.86688e-12
3.651,0.162338,-0.0454594,0.234795,0.0213873,-0.0415806,-0.0957324,0.402396,0.112127,0.0549459,0.326812,-0.183496,6.46184e-12,-0.00578526,0.150358,-1.56845e-11,-0.0851738,-0.14742,6.86688e-12
3.652,0.162334,-0.0451893,0.234707,0.0206292,-0.0416384,-0.0959022,0.402579,0.112136,0.0545776,0.326812,-0.183496,6.46184e-12,-0.00578526,0.150358,-1.56845e-11,-0.0851738,-0.14742,6.86688e-12
3.653,0.162329,-0.0449195,0.23462,0.0198851,-0.0416951,-0.0960777,0.402761,0.112145,0.0542089,0.326812,-0.183496,6.46184e-12,-0.00578526,0.150358,-1.56845e-11,-0.0851738,-0.14742,6.86688e-12
3.654,0.162324,-0.0446501,0.234532,0.0191549,-0.0417506,-0.0962587,0.402942,0.112154,0.0538399,0.326812,-0.183496,6.46184e-12,-0.00578526,0.150358,-1.56845e-11,-0.0851738,-0.14742,6.86688e-12
3.655,0.162319,-0.0443811,0.234445,0.0184386,-0.0418051,-0.0964452,0.403121,0.112163,0.0534705,0.326812,-0.183496,6.46184e-12,-0.00578526,0.150358,-1.56845e-11,-0.0851738,-0.14742,6.86688e-12
3.656,0.162314,-0.0441124,0.234358,0.017736,-0.0418585,-0.0966372,0.403299,0.112172,0.0531007,0.326812,-0.183496,6.46184e-12,-0.00578526,0.150358,-1.56845e-11,-0.0851738,-0.14742,6.86688e-12
3.657,0.162309,-0.0438441,0.234272,0.017047,-0.0419108,-0.0968345,0.403476,0.112181,0.0527307,0.326812,-0.183496,6.46184e-12,-0.00578526,0.150358,-1.56845e-11,-0.0851738,-0.14742,6.86688e-12
3.658,0.162303,-0.0435762,0.234186,0.0163717,-0.0419621,-0.0970371,0.403652,0.11219,0.0523603,0.326812,-0.183496,6.46184e-12,-0.00578526,0.150358,-1.56845e-11,-0.0851738,-0.14742,6.86688e-12
3.659,0.162298,-0.0433086,0.2341,0.0157098,-0.0420122,-0.0972449,0.403826,0.112199,0.0519897,0.326812,-0.183496,6.46184e-12,-0.00578526,0.150358,-1.56845e-11,-0.0851738,-0.14742,6.86688e-12
3.66,0.162292,-0.0430414,0.234015,0.0150614,-0.0420613,-0.0974578,0.403999,0.112207,0.0516188,0.326812,-0.183496,6.46184e-12,-0.00578526,0.150358,-1.56845e-11,-0.0851738,-0.14742,6.86688e-12
3.661,0.162287,-0.0427746,0.23393,0.0144262,-0.0421093,-0.0976759,0.40417,0.112216,0.0512477,0.326812,-0.183496,6.46184e-12,-0.00578526,0.150358,-1.56845e-11,-0.0851738,-0.14742,6.86688e-12
3.662,0.162281,-0.0425082,0.233845,0.0138044,-0.0421562,-0.097899,0.404341,0.112225,0.0508764,0.326812,-0.183496,6.46184e-12,-0.00578526,0.150358,-1.56845e-11,-0.0851738,-0.14742,6.86688e-12
3.663,0.162275,-0.0422421,0.233761,0.0131957,-0.0422021,-0.098127,0.40451,0.112233,0.0505049,0.326812,-0.183496,6.46184e-12,-0.00578526,0.150358,-1.56845e-11,-0.0851738,-0.14742,6.86688e-12
3.664,0.162269,-0.0419764,0.233677,0.0126001,-0.0422469,-0.0983599,0.404678,0.112242,0.0501332,0.326812,-0.183496,6.46184e-12,-0.00578526,0.150358,-1.56845e-11,-0.0851738,-0.14742,6.86688e-12
3.665,0.162263,-0.041711,0.233593,0.0120175,-0.0422906,-0.0985976,0.404845,0.11225,0.0497614,0.326812,-0.183496,6.46184e-12,-0.00578526,0.150358,-1.56845e-11,-0.0851738,-0.14742,6.86688e-12
3.666,0.162257,-0.0414461,0.23351,0.0114478,-0.0423332,-0.0988401,0.40501,0.112258,0.0493894,0.326812,-0.183496,6.46184e-12,-0.00578526,0.150358,-1.56845e-11,-0.0851738,-0.14742,6.86688e-12
3.667,0.162251,-0.0411815,0.233427,0.0108909,-0.0423748,-0.0990873,0.405174,0.112266,0.0490173,0.326812,-0.183496,6.46184e-12,-0.00578526,0.150358,-1.56845e-11,-0.0851738,-0.14742,6.86688e-12
3.668,0.162245,-0.0409173,0.233345,0.0103469,-0.0424153,-0.0993391,0.405337,0.112275,0.0486452,0.326812,-0.183496,6.46184e-12,-0.00578526,0.150358,-1.56845e-11,-0.0851738,-0.14742,1.88882e-07
3.669,0.162238,-0.0406534,0.233264,0.00981545,-0.0424548,-0.0995954,0.405499,0.112283,0.0482729,0.326812,-0.183496,6.46184e-12,-0.00578526,0.150358,-1.56845e-11,-0.0851734,-0.14742,2.98985e-06
3.67,0.162232,-0.0403899,0.233182,0.00929663,-0.0424932,-0.0998562,0.405659,0.112291,0.0479006,0.326812,-0.183496,6.46184e-12,-0.00578526,0.150358,-1.56845e-11,-0.0851727,-0.14742,9.12865e-06
3.671,0.162226,-0.0401268,0.233102,0.00879033,-0.0425305,-0.100121,0.405819,0.112299,0.0475283,0.326812,-0.183496,6.46184e-12,-0.00578526,0.150358,-1.56845e-11,-0.0851714,-0.14742,1.85877e-05
3.672,0.162219,-0.0398641,0.233021,0.00829646,-0.0425668,-0.100391,0.405977,0.112307,0.047156,0.326812,-0.183496,6.46184e-12,-0.00578526,0.150358,-1.56845e-11,-0.0851698,-0.14742,3.13494e-05
3.673,0.162213,-0.0396018,0.232942,0.00781493,-0.042602,-0.100665,0.406133,0.112315,0.0467837,0.326812,-0.183496,6.46184e-12,-0.00578526,0.150358,-1.56845e-11,-0.0851676,-0.14742,4.7396e-05
3.674,0.162206,-0.0393398,0.232862,0.00734567,-0.0426362,-0.100943,0.406289,0.112322,0.0464114,0.326812,-0.183496,6.46184e-12,-0.00578526,0.150358,-1.56845e-11,-0.0851651,-0.14742,6.67101e-05
3.675,0.1622,-0.0390782,0.232784,0.00688859,-0.0426693,-0.101225,0.406443,0.11233,0.0460392,0.326812,-0.183496,6.46184e-12,-0.00578526,0.150358,-1.56845e-11,-0.0851621,-0.147419,8.9274e-05
3.676,0.162193,-0.038817,0.232705,0.00644361,-0.0427014,-0.101511,0.406597,0.112338,0.045667,0.326812,-0.183496,6.46184e-12,-0.00578526,0.150358,-1.56845e-11,-0.0851586,-0.147419,0.00011507
3.677,0.162187,-0.0385561,0.232628,0.00601066,-0.0427324,-0.101802,0.406748,0.112345,0.045295,0.326812,-0.183496,6.46184e-12,-0.00578526,0.150358,-1.56845e-11,-0.0851546,-0.147419,0.000144081
3.678,0.16218,-0.0382957,0.232551,0.00558963,-0.0427624,-0.102096,0.406899,0.112353,0.044923,0.326812,-0.183496,6.46184e-12,-0.00578526,0.150358,-1.56845e-11,-0.0851502,-0.147419,0.000176288
3.679,0.162173,-0.0380356,0.232474,0.00518046,-0.0427913,-0.102394,0.407049,0.11236,0.0445512,0.326812,-0.183496,6.46184e-12,-0.00578526,0.150358,-1.56845e-11,-0.0851454,-0.147419,0.000211675
3.68,0.162167,-0.0377758,0.232398,0.00478307,-0.0428192,-0.102696,0.407197,0.112368,0.0441796,0.326812,-0.183496,6.46184e-12,-0.00578526,0.150358,-1.56845e-11,-0.08514,-0.147418,0.000250224
3.681,0.16216,-0.0375165,0.232323,0.00439736,-0.0428461,-0.103002,0.407344,0.112375,0.0438081,0.326812,-0.183496,6.46184e-12,-0.00578526,0.150358,-1.56845e-11,-0.0851342,-0.147418,0.000291916
3.682,0.162153,-0.0372575,0.232249,0.00402326,-0.0428719,-0.103311,0.40749,0.112383,0.0434368,0.326812,-0.183496,6.46184e-12,-0.00578526,0.150358,-1.56845e-11,-0.0851279,-0.147418,0.000336736
3.683,0.162147,-0.036999,0.232175,0.00366069,-0.0428967,-0.103624,0.407635,0.11239,0.0430657,0.326812,-0.183496,6.46184e-12,-0.00578526,0.150358,-1.56845e-11,-0.0851211,-0.147418,0.000384664
3.684,0.16214,-0.0367408,0.232101,0.00330956,-0.0429205,-0.103941,0.407779,0.112397,0.0426949,0.326812,-0.183496,6.46184e-12,-0.00578526,0.150358,-1.56845e-11,-0.0851139,-0.147417,0.000435683
3.685,0.162133,-0.0364829,0.232029,0.00296979,-0.0429432,-0.104261,0.407921,0.112404,0.0423243,0.326812,-0.183496,6.46184e-12,-0.00578526,0.150358,-1.56845e-11,-0.0851061,-0.147417,0.000489777
3.686,0.162127,-0.0362255,0.231957,0.0026413,-0.0429649,-0.104584,0.408063,0.112411,0.041954,0.326812,-0.183496,6.46184e-12,-0.00578526,0.150358,-1.56845e-11,-0.0850978,-0.147416,0.000546926
3.687,0.16212,-0.0359684,0.231885,0.00232401,-0.0429856,-0.104911,0.408203,0.112418,0.041584,0.326812,-0.183496,6.46184e-12,-0.00578526,0.150358,-1.56845e-11,-0.085089,-0.147416,0.000607113
3.688,0.162113,-0.0357118,0.231815,0.00201784,-0.0430052,-0.105241,0.408342,0.112425,0.0412144,0.326812,-0.183496,6.46184e-12,-0.00578526,0.150358,-1.56845e-11,-0.0850798,-0.147416,0.000670322
3.689,0.162107,-0.0354555,0.231745,0.00172269,-0.0430238,-0.105574,0.40848,0.112432,0.040845,0.326812,-0.183496,6.46184e-12,-0.00578526,0.150358,-1.56845e-11,-0.08507,-0.147415,0.000736534
3.69,0.1621,-0.0351995,0.231675,0.0014385,-0.0430414,-0.10591,0.408617,0.112439,0.040476,0.326812,-0.183496,6.46184e-12,-0.00578526,0.150358,-1.56845e-11,-0.0850597,-0.147415,0.000805731
3.691,0.162094,-0.034944,0.231607,0.00116517,-0.043058,-0.10625,0.408752,0.112446,0.0401074,0.326812,-0.183496,6.46184e-12,-0.00578526,0.150358,-1.56845e-11,-0.0850489,-0.147414,0.000877897
3.692,0.162087,-0.0346888,0.231539,0.00090263,-0.0430736,-0.106592,0.408887,0.112453,0.0397392,0.326812,-0.183496,6.46184e-12,-0.00578526,0.150358,-1.56845e-11,-0.0850375,-0.147413,0.000953012
3.693,0.162081,-0.0344341,0.231472,0.000650795,-0.0430881,-0.106937,0.40902,0.112459,0.0393715,0.326812,-0.183496,6.46184e-12,-0.00578526,0.150358,-1.56845e-11,-0.0850257,-0.147413,0.00103106
3.694,0.162074,-0.0341797,0.231406,0.00040958,-0.0431016,-0.107285,0.409152,0.112466,0.0390041,0.326812,-0.183496,6.46184e-12,-0.00578526,0.150358,-1.56845e-11,-0.0850133,-0.147412,0.00111202
3.695,0.162068,-0.0339257,0.231341,0.000178906,-0.0431142,-0.107636,0.409283,0.112473,0.0386373,0.326812,-0.183496,6.46184e-12,-0.00578526,0.150358,-1.56845e-11,-0.0850004,-0.147412,0.00119589
3.696,0.162062,-0.0336721,0.231276,-4.1311e-05,-0.0431257,-0.10799,0.409413,0.112479,0.0382709,0.326812,-0.183496,6.46184e-12,-0.00578526,0.150358,-1.56845e-11,-0.0849869,-0.147411,0.00128263
3.697,0.162056,-0.0334188,0.231212,-0.000251153,-0.0431362,-0.108347,0.409542,0.112485,0.037905,0.326812,-0.183496,6.46184e-12,-0.00578526,0.150358,-1.56845e-11,-0.0849729,-0.14741,0.00137223
3.698,0.162049,-0.033166,0.231149,-0.000450701,-0.0431457,-0.108706,0.40967,0.112492,0.0375396,0.326812,-0.183496,6.46184e-12,-0.00578526,0.150358,-1.56845e-11,-0.0849584,-0.14741,0.00146468
3.699,0.162043,-0.0329135,0.231087,-0.000640039,-0.0431541,-0.109067,0.409796,0.112498,0.0371748,0.326812,-0.183496,6.46184e-12,-0.00578526,0.150358,-1.56845e-11,-0.0849433,-0.147409,0.00155996
3.7,0.162037,-0.0326614,0.231026,-0.000819248,-0.0431616,-0.109431,0.409922,0.112505,0.0368105,0.326812,-0.183496,6.46184e-12,-0.00578526,0.150358,-1.56845e-11,-0.0849276,-0.147408,0.00165804
3.701,0.162031,-0.0324097,0.230965,-0.000988422,-0.0431681,-0.109797,0.410046,0.112511,0.0364469,0.326812,-0.183496,6.46184e-12,-0.00578526,0.150358,-1.56845e-11,-0.0849114,-0.147407,0.00175892
3.702,0.162026,-0.0321584,0.230906,-0.0011477,-0.0431736,-0.110166,0.410169,0.112517,0.0360838,0.326812,-0.183496,6.46184e-12,-0.00578526,0.150358,-1.56845e-11,-0.0848946,-0.147407,0.00186257
3.703,0.16202,-0.0319075,0.230847,-0.00129724,-0.043178,-0.110537,0.410291,0.112523,0.0357213,0.326812,-0.183496,6.46184e-12,-0.00578526,0.150358,-1.56845e-11,-0.0848773,-0.147406,0.00196898
3.704,0.162014,-0.0316569,0.230789,-0.00143719,-0.0431814,-0.11091,0.410412,0.112529,0.0353595,0.326812,-0.183496,6.46184e-12,-0.00578526,0.150358,-1.56845e-11,-0.0848594,-0.147405,0.00207812
3.705,0.162009,-0.0314067,0.230732,-0.0015677,-0.0431838,-0.111285,0.410532,0.112535,0.0349984,0.326812,-0.183496,6.46184e-12,-0.00578526,0.150358,-1.56845e-11,-0.0848409,-0.147404,0.00218999
3.706,0.162003,-0.0311568,0.230676,-0.00168893,-0.0431851,-0.111662,0.410651,0.112541,0.034638,0.326812,-0.183496,6.46184e-12,-0.00578526,0.150358,-1.56845e-11,-0.0848218,-0.147403,0.00230456
3.707,0.161998,-0.0309074,0.23062,-0.00180103,-0.0431853,-0.11204,0.410769,0.112547,0.0342782,0.326812,-0.183496,6.46184e-12,-0.00578526,0.150358,-1.56845e-11,-0.0848022,-0.147402,0.00242182
3.708,0.161992,-0.0306582,0.230566,-0.00190414,-0.0431844,-0.11242,0.410886,0.112553,0.0339192,0.326812,-0.183496,6.46184e-12,-0.00578526,0.150358,-1.56845e-11,-0.084782,-0.147401,0.00254175
3.709,0.161987,-0.0304094,0.230512,-0.00199843,-0.0431825,-0.112802,0.411002,0.112559,0.033561,0.326812,-0.183496,6.46184e-12,-0.00578526,0.150358,-1.56845e-11,-0.0847612,-0.1474,0.00266433
3.71,0.161982,-0.0301609,0.23046,-0.00208405,-0.0431794,-0.113186,0.411116,0.112564,0.0332035,0.326812,-0.183496,6.46184e-12,-0.00578526,0.150358,-1.56845e-11,-0.0847398,-0.147399,0.00278954
3.711,0.161977,-0.0299128,0.230408,-0.00216115,-0.0431752,-0.11357,0.41123,0.11257,0.0328468,0.326812,-0.183496,6.46184e-12,-0.00578526,0.150358,-1.56845e-11,-0.0847177,-0.147398,0.00291737
3.712,0.161972,-0.0296649,0.230357,-0.00222987,-0.0431699,-0.113956,0.411342,0.112576,0.0324909,0.326812,-0.183496,6.46184e-12,-0.00578526,0.150358,-1.56845e-11,-0.0846951,-0.147397,0.00304779
3.713,0.161967,-0.0294174,0.230307,-0.00229038,-0.0431634,-0.114343,0.411454,0.112581,0.0321358,0.326812,-0.183496,6.46184e-12,-0.00578526,0.150358,-1.56845e-11,-0.0846719,-0.147396,0.0031808
3.714,0.161963,-0.0291702,0.230258,-0.00234283,-0.0431558,-0.114731,0.411564,0.112587,0.0317816,0.326812,-0.183496,6.46184e-12,-0.00578526,0.150358,-1.56845e-11,-0.0846481,-0.147395,0.00331637
3.715,0.161958,-0.0289233,0.230209,-0.00238736,-0.043147,-0.115121,0.411674,0.112592,0.0314282,0.326812,-0.183496,6.46184e-12,-0.00578526,0.150358,-1.56845e-11,-0.0846237,-0.147394,0.00345448
3.716,0.161953,-0.0286768,0.230162,-0.00242413,-0.0431371,-0.115511,0.411782,0.112598,0.0310758,0.326812,-0.183496,6.46184e-12,-0.00578526,0.150358,-1.56845e-11,-0.0845986,-0.147392,0.00359512
3.717,0.161949,-0.0284305,0.230116,-0.0024533,-0.0431259,-0.115901,0.411889,0.112603,0.0307242,0.326812,-0.183496,6.46184e-12,-0.00578526,0.150358,-1.56845e-11,-0.0845729,-0.147391,0.00373828
3.718,0.161945,-0.0281845,0.23007,-0.00247502,-0.0431135,-0.116293,0.411995,0.112609,0.0303736,0.326812,-0.183496,6.46184e-12,-0.00578526,0.150358,-1.56845e-11,-0.0845466,-0.14739,0.00388392
3.719,0.161941,-0.0279387,0.230025,-0.00248943,-0.0431,-0.116685,0.412101,0.112614,0.030024,0.326812,-0.183496,6.46184e-12,-0.00578526,0.150358,-1.56845e-11,-0.0845197,-0.147389,0.00403204
3.72,0.161937,-0.0276933,0.229981,-0.00249669,-0.0430852,-0.117077,0.412205,0.112619,0.0296753,0.326812,-0.183496,6.46184e-12,-0.00578526,0.150358,-1.56845e-11,-0.0844921,-0.147387,0.00418262
3.721,0.161933,-0.0274481,0.229939,-0.00249696,-0.0430691,-0.11747,0.412308,0.112624,0.0293276,0.326812,-0.183496,6.46184e-12,-0.00578526,0.150358,-1.56845e-11,-0.0844639,-0.147386,0.00433564
3.722,0.161929,-0.0272032,0.229897,-0.00249038,-0.0430518,-0.117863,0.41241,0.112629,0.0289809,0.326812,-0.183496,6.46184e-12,-0.00578526,0.150358,-1.56845e-11,-0.084435,-0.147385,0.00449107
3.723,0.161925,-0.0269586,0.229855,-0.00247711,-0.0430333,-0.118256,0.412511,0.112634,0.0286353,0.326812,-0.183496,6.46184e-12,-0.00578526,0.150358,-1.56845e-11,-0.0844055,-0.147383,0.00464892
3.724,0.161922,-0.0267142,0.229815,-0.0024573,-0.0430135,-0.118649,0.412611,0.112639,0.0282907,0.326812,-0.183496,6.46184e-12,-0.00578526,0.150358,-1.56845e-11,-0.0843754,-0.147382,0.00480915
3.725,0.161918,-0.02647,0.229776,-0.0024311,-0.0429924,-0.119042,0.41271,0.112644,0.0279471,0.326812,-0.183496,6.46184e-12,-0.00578526,0.150358,-1.56845e-11,-0.0843446,-0.14738,0.00497175
3.726,0.161915,-0.0262261,0.229738,-0.00239867,-0.0429699,-0.119435,0.412809,0.112649,0.0276047,0.326812,-0.183496,6.46184e-12,-0.00578526,0.150358,-1.56845e-11,-0.0843131,-0.147379,0.0051367
3.727,0.161912,-0.0259825,0.2297,-0.00236016,-0.0429462,-0.119827,0.412906,0.112654,0.0272634,0.326812,-0.183496,6.46184e-12,-0.00578526,0.150358,-1.56845e-11,-0.084281,-0.147377,0.00530398
3.728,0.161909,-0.0257391,0.229664,-0.00231572,-0.0429212,-0.120219,0.413002,0.112659,0.0269233,0.326812,-0.183496,6.46184e-12,-0.00578526,0.150358,-1.56845e-11,-0.0842482,-0.147376,0.00547359
3.729,0.161906,-0.0254959,0.229628,-0.0022655,-0.0428948,-0.120611,0.413097,0.112664,0.0265842,0.326812,-0.183496,6.46184e-12,-0.00578526,0.150358,-1.56845e-11,-0.0842148,-0.147374,0.00564549
3.73,0.161903,-0.0252529,0.229593,-0.00220966,-0.0428671,-0.121002,0.413191,0.112668,0.0262464,0.326812,-0.183496,6.46184e-12,-0.00578526,0.150358,-1.56845e-11,-0.0841806,-0.147372,0.00581967
3.731,0.1619,-0.0250101,0.22956,-0.00214835,-0.042838,-0.121393,0.413284,0.112673,0.0259098,0.326812,-0.183496,6.46184e-12,-0.00578526,0.150358,-1.56845e-11,-0.0841458,-0.147371,0.00599611
3.732,0.161898,-0.0247675,0.229527,-0.00208172,-0.0428076,-0.121782,0.413377,0.112678,0.0255744,0.326812,-0.183496,6.46184e-12,-0.00578526,0.150358,-1.56845e-11,-0.0841103,-0.147369,0.0061748
3.733,0.161896,-0.0245252,0.229495,-0.00200992,-0.0427757,-0.122171,0.413468,0.112682,0.0252402,0.326812,-0.183496,6.46184e-12,-0.00578526,0.150358,-1.56845e-11,-0.0840741,-0.147367,0.00635572
3.734,0.161893,-0.024283,0.229464,-0.0019331,-0.0427425,-0.122559,0.413558,0.112687,0.0249073,0.326812,-0.183496,6.46184e-12,-0.00578526,0.150358,-1.56845e-11,-0.0840373,-0.147366,0.00653885
3.735,0.161891,-0.0240411,0.229434,-0.00185143,-0.0427079,-0.122946,0.413647,0.112691,0.0245756,0.326812,-0.183496,6.46184e-12,-0.00578526,0.150358,-1.56845e-11,-0.0839997,-0.147364,0.00672418
3.736,0.161889,-0.0237993,0.229405,-0.00176504,-0.0426719,-0.123331,0.413736,0.112696,0.0242453,0.326812,-0.183496,6.46184e-12,-0.00578526,0.150358,-1.56845e-11,-0.0839614,-0.147362,0.00691167
3.737,0.161888,-0.0235577,0.229377,-0.0016741,-0.0426344,-0.123715,0.413823,0.1127,0.0239163,0.326812,-0.183496,6.46184e-12,-0.00578526,0.150358,-1.56845e-11,-0.0839225,-0.14736,0.00710133
3.738,0.161886,-0.0233163,0.229349,-0.00157876,-0.0425955,-0.124098,0.41391,0.112705,0.0235886,0.326812,-0.183496,6.46184e-12,-0.00578526,0.150358,-1.56845e-11,-0.0838828,-0.147358,0.00729313
3.739,0.161885,-0.023075,0.229323,-0.00147916,-0.0425551,-0.124479,0.413995,0.112709,0.0232623,0.326812,-0.183496,6.46184e-12,-0.00578526,0.150358,-1.56845e-11,-0.0838424,-0.147356,0.00748705
3.74,0.161883,-0.0228339,0.229298,-0.00137547,-0.0425133,-0.124859,0.41408,0.112713,0.0229373,0.326812,-0.183496,6.46184e-12,-0.00578526,0.150358,-1.56845e-11,-0.0838013,-0.147354,0.00768307
3.741,0.161882,-0.022593,0.229273,-0.00126782,-0.04247,-0.125237,0.414163,0.112717,0.0226138,0.326812,-0.183496,6.46184e-12,-0.00578526,0.150358,-1.56845e-11,-0.0837595,-0.147352,0.00788118
3.742,0.161881,-0.0223522,0.22925,-0.00115639,-0.0424252,-0.125613,0.414246,0.112721,0.0222917,0.326812,-0.183496,6.46184e-12,-0.00578526,0.150358,-1.56845e-11,-0.083717,-0.14735,0.00808137
3.743,0.161881,-0.0221116,0.229227,-0.00104131,-0.0423789,-0.125987,0.414328,0.112725,0.021971,0.326812,-0.183496,6.46184e-12,-0.00578526,0.150358,-1.56845e-11,-0.0836737,-0.147348,0.0082836
3.744,0.16188,-0.0218711,0.229206,-0.00092274,-0.0423311,-0.12636,0.414408,0.11273,0.0216518,0.326812,-0.183496,6.46184e-12,-0.00578526,0.150358,-1.56845e-11,-0.0836297,-0.147346,0.00848787
3.745,0.161879,-0.0216307,0.229185,-0.000800836,-0.0422818,-0.12673,0.414488,0.112734,0.0213341,0.326812,-0.183496,6.46184e-12,-0.00578526,0.150358,-1.56845e-11,-0.083585,-0.147344,0.00869416
3.746,0.161879,-0.0213905,0.229166,-0.000675747,-0.0422309,-0.127098,0.414567,0.112738,0.0210178,0.326812,-0.183496,6.46184e-12,-0.00578526,0.150358,-1.56845e-11,-0.0835395,-0.147342,0.00890244
3.747,0.161879,-0.0211504,0.229147,-0.000547627,-0.0421785,-0.127463,0.414645,0.112741,0.0207032,0.326812,-0.183496,6.46184e-12,-0.00578526,0.150358,-1.56845e-11,-0.0834933,-0.147339,0.00911271
3.748,0.161879,-0.0209104,0.229129,-0.000416627,-0.0421246,-0.127826,0.414722,0.112745,0.02039,0.326812,-0.183496,6.46184e-12,-0.00578526,0.150358,-1.56845e-11,-0.0834463,-0.147337,0.00932494
3.749,0.161879,-0.0206705,0.229113,-0.000282901,-0.042069,-0.128187,0.414799,0.112749,0.0200784,0.326812,-0.183496,6.46184e-12,-0.00578526,0.150358,-1.56845e-11,-0.0833986,-0.147335,0.00953912
3.75,0.16188,-0.0204308,0.229097,-0.0001466,-0.0420119,-0.128545,0.414874,0.112753,0.0197684,0.326812,-0.183496,6.46184e-12,-0.00578526,0.150358,-1.56845e-11,-0.0833501,-0.147333,0.00975523
3.751,0.16188,-0.0201911,0.229082,-7.87796e-06,-0.0419532,-0.1289,0.414949,0.112757,0.01946,0.326812,-0.183496,6.46184e-12,-0.00578526,0.150358,-1.56845e-11,-0.0833009,-0.14733,0.00997324
3.752,0.161881,-0.0199515,0.229068,0.000133114,-0.0418929,-0.129252,0.415022,0.11276,0.0191533,0.326812,-0.183496,6.46184e-12,-0.00578526,0.150358,-1.56845e-11,-0.0832509,-0.147328,0.0101932
3.753,0.161882,-0.019712,0.229056,0.000276222,-0.0418309,-0.129601,0.415095,0.112764,0.0188482,0.326812,-0.183496,6.46184e-12,-0.00578526,0.150358,-1.56845e-11,-0.0832002,-0.147325,0.0104149
3.754,0.161883,-0.0194726,0.229044,0.000421294,-0.0417674,-0.129948,0.415167,0.112768,0.0185447,0.326812,-0.183496,6.46184e-12,-0.00578526,0.150358,-1.56845e-11,-0.0831486,-0.147323,0.0106386
3.755,0.161884,-0.0192333,0.229033,0.000568178,-0.0417022,-0.130291,0.415237,0.112771,0.0182429,0.326812,-0.183496,6.46184e-12,-0.00578526,0.150358,-1.56845e-11,-0.0830963,-0.14732,0.0108641
3.756,0.161886,-0.018994,0.229023,0.000716722,-0.0416353,-0.130631,0.415307,0.112775,0.0179429,0.326812,-0.183496,6.46184e-12,-0.00578526,0.150358,-1.56845e-11,-0.0830433,-0.147318,0.0110914
3.757,0.161888,-0.0187549,0.229014,0.000866772,-0.0415668,-0.130967,0.415377,0.112778,0.0176446,0.326812,-0.183496,6.46184e-12,-0.00578526,0.150358,-1.56845e-11,-0.0829894,-0.147315,0.0113205
3.758,0.16189,-0.0185157,0.229006,0.00101818,-0.0414966,-0.131301,0.415445,0.112782,0.017348,0.326812,-0.183496,6.46184e-12,-0.00578526,0.150358,-1.56845e-11,-0.0829347,-0.147313,0.0115514
3.759,0.161892,-0.0182767,0.228999,0.00117078,-0.0414247,-0.13163,0.415512,0.112785,0.0170532,0.326812,-0.183496,6.46184e-12,-0.00578526,0.150358,-1.56845e-11,-0.0828793,-0.14731,0.0117841
3.76,0.161894,-0.0180376,0.228993,0.00132444,-0.0413511,-0.131956,0.415579,0.112788,0.0167602,0.326812,-0.183496,6.46184e-12,-0.00578526,0.150358,-1.56845e-11,-0.0828231,-0.147307,0.0120185
3.761,0.161896,-0.0177987,0.228988,0.00147899,-0.0412757,-0.132278,0.415645,0.112792,0.016469,0.326812,-0.183496,6.46184e-12,-0.00578526,0.150358,-1.56845e-11,-0.082766,-0.147305,0.0122547
3.762,0.161899,-0.0175597,0.228985,0.00163429,-0.0411987,-0.132596,0.415709,0.112795,0.0161796,0.326812,-0.183496,6.46184e-12,-0.00578526,0.150358,-1.56845e-11,-0.0827082,-0.147302,0.0124926
3.763,0.161902,-0.0173208,0.228982,0.00179017,-0.0411199,-0.132911,0.415773,0.112798,0.0158921,0.326812,-0.183496,6.46184e-12,-0.00578526,0.150358,-1.56845e-11,-0.0826496,-0.147299,0.0127321
3.764,0.161905,-0.0170819,0.22898,0.0019465,-0.0410394,-0.133221,0.415837,0.112801,0.0156064,0.326812,-0.183496,6.46184e-12,-0.00578526,0.150358,-1.56845e-11,-0.0825901,-0.147296,0.0129734
3.765,0.161908,-0.0168431,0.228979,0.00210311,-0.0409571,-0.133527,0.415899,0.112804,0.0153227,0.326812,-0.183496,6.46184e-12,-0.00578526,0.150358,-1.56845e-11,-0.0825298,-0.147293,0.0132163
3.766,0.161912,-0.0166042,0.228979,0.00225986,-0.0408731,-0.133828,0.41596,0.112807,0.0150408,0.326812,-0.183496,6.46184e-12,-0.00578526,0.150358,-1.56845e-11,-0.0824687,-0.14729,0.0134609
3.767,0.161916,-0.0163654,0.22898,0.00241659,-0.0407872,-0.134126,0.416021,0.11281,0.0147609,0.326812,-0.183496,6.46184e-12,-0.00578526,0.150358,-1.56845e-11,-0.0824068,-0.147287,0.0137071
3.768,0.161919,-0.0161266,0.228982,0.00257315,-0.0406996,-0.134419,0.416081,0.112813,0.014483,0.326812,-0.183496,6.46184e-12,-0.00578526,0.150358,-1.56845e-11,-0.0823441,-0.147284,0.0139549
3.769,0.161924,-0.0158877,0.228985,0.00272939,-0.0406101,-0.134707,0.41614,0.112816,0.014207,0.326812,-0.183496,6.46184e-12,-0.00578526,0.150358,-1.56845e-11,-0.0822805,-0.147281,0.0142043
3.77,0.161928,-0.0156489,0.228989,0.00288515,-0.0405189,-0.134991,0.416198,0.112819,0.013933,0.326812,-0.183496,6.46184e-12,-0.00578526,0.150358,-1.56845e-11,-0.0822161,-0.147278,0.0144553
3.771,0.161933,-0.01541,0.228994,0.00304028,-0.0404258,-0.135269,0.416255,0.112822,0.0136611,0.326812,-0.183496,6.46184e-12,-0.00578526,0.150358,-1.56845e-11,-0.0821508,-0.147275,0.0147079
3.772,0.161937,-0.0151711,0.229001,0.00319463,-0.0403308,-0.135543,0.416312,0.112825,0.0133911,0.326812,-0.183496,6.46184e-12,-0.00578526,0.150358,-1.56845e-11,-0.0820848,-0.147272,0.014962
3.773,0.161942,-0.0149322,0.229008,0.00334805,-0.040234,-0.135812,0.416368,0.112828,0.0131232,0.326812,-0.183496,6.46184e-12,-0.00578526,0.150358,-1.56845e-11,-0.0820178,-0.147269,0.0152176
3.774,0.161948,-0.0146933,0.229016,0.00350038,-0.0401354,-0.136076,0.416423,0.112831,0.0128574,0.326812,-0.183496,6.46184e-12,-0.00578526,0.150358,-1.56845e-11,-0.08195,-0.147266,0.0154747
3.775,0.161953,-0.0144543,0.229025,0.00365148,-0.0400348,-0.136334,0.416477,0.112833,0.0125937,0.326812,-0.183496,6.46184e-12,-0.00578526,0.150358,-1.56845e-11,-0.0818814,-0.147262,0.0157333
3.776,0.161959,-0.0142153,0.229035,0.00380118,-0.0399324,-0.136588,0.41653,0.112836,0.0123321,0.326812,-0.183496,6.46184e-12,-0.00578526,0.150358,-1.56845e-11,-0.0818119,-0.147259,0.0159934
3.777,0.161965,-0.0139763,0.229047,0.00394934,-0.0398281,-0.136836,0.416583,0.112839,0.0120727,0.326812,-0.183496,6.46184e-12,-0.00578526,0.150358,-1.56845e-11,-0.0817415,-0.147256,0.0162549
3.778,0.161971,-0.0137372,0.229059,0.0040958,-0.0397218,-0.137078,0.416634,0.112841,0.0118154,0.326812,-0.183496,6.46184e-12,-0.00578526,0.150358,-1.56845e-11,-0.0816703,-0.147252,0.0165179
3.779,0.161977,-0.013498,0.229072,0.00424042,-0.0396136,-0.137315,0.416685,0.112844,0.0115603,0.326812,-0.183496,6.46184e-12,-0.00578526,0.150358,-1.56845e-11,-0.0815982,-0.147249,0.0167823
3.78,0.161984,-0.0132588,0.229087,0.00438304,-0.0395035,-0.137546,0.416736,0.112846,0.0113074,0.326812,-0.183496,6.46184e-12,-0.00578526,0.150358,-1.56845e-11,-0.0815252,-0.147245,0.0170481
3.781,0.161991,-0.0130194,0.229102,0.0045235,-0.0393914,-0.137771,0.416785,0.112849,0.0110567,0.326812,-0.183496,6.46184e-12,-0.00578526,0.150358,-1.56845e-11,-0.0814513,-0.147242,0.0173152
3.782,0.161998,-0.0127801,0.229119,0.00466165,-0.0392774,-0.13799,0.416834,0.112851,0.0108082,0.326812,-0.183496,6.46184e-12,-0.00578526,0.150358,-1.56845e-11,-0.0813766,-0.147238,0.0175838
3.783,0.162005,-0.0125406,0.229136,0.00479735,-0.0391614,-0.138203,0.416882,0.112854,0.010562,0.326812,-0.183496,6.46184e-12,-0.00578526,0.150358,-1.56845e-11,-0.0813009,-0.147234,0.0178536
3.784,0.162013,-0.012301,0.229155,0.00493044,-0.0390434,-0.13841,0.416929,0.112856,0.0103181,0.326812,-0.183496,6.46184e-12,-0.00578526,0.150358,-1.56845e-11,-0.0812244,-0.147231,0.0181249
3.785,0.162021,-0.0120614,0.229175,0.00506076,-0.0389234,-0.138611,0.416975,0.112858,0.0100765,0.326812,-0.183496,6.46184e-12,-0.00578526,0.150358,-1.56845e-11,-0.081147,-0.147227,0.0183974
3.786,0.162029,-0.0118216,0.229195,0.00518817,-0.0388014,-0.138806,0.417021,0.112861,0.00983724,0.326812,-0.183496,6.46184e-12,-0.00578526,0.150358,-1.56845e-11,-0.0810687,-0.147223,0.0186712
3.787,0.162037,-0.0115818,0.229217,0.00531251,-0.0386774,-0.138994,0.417066,0.112863,0.0096003,0.326812,-0.183496,6.46184e-12,-0.00578526,0.150358,-1.56845e-11,-0.0809894,-0.14722,0.0189463
3.788,0.162046,-0.0113418,0.22924,0.00543363,-0.0385513,-0.139175,0.41711,0.112865,0.00936571,0.326812,-0.183496,6.46184e-12,-0.00578526,0.150358,-1.56845e-11,-0.0809093,-0.147216,0.0192227
3.789,0.162055,-0.0111018,0.229264,0.00555138,-0.0384232,-0.13935,0.417153,0.112867,0.00913351,0.326812,-0.183496,6.46184e-12,-0.00578526,0.150358,-1.56845e-11,-0.0808283,-0.147212,0.0195003
3.79,0.162064,-0.0108616,0.229289,0.0056656,-0.0382931,-0.139518,0.417196,0.112869,0.00890372,0.326812,-0.183496,6.46184e-12,-0.00578526,0.150358,-1.56845e-11,-0.0807463,-0.147208,0.0197791
3.791,0.162073,-0.0106212,0.229315,0.00577614,-0.0381609,-0.13968,0.417238,0.112871,0.00867635,0.326812,-0.183496,6.46184e-12,-0.00578526,0.150358,-1.56845e-11,-0.0806634,-0.147204,0.0200591
3.792,0.162083,-0.0103808,0.229342,0.00588285,-0.0380265,-0.139834,0.417279,0.112873,0.00845142,0.326812,-0.183496,6.46184e-12,-0.00578526,0.150358,-1.56845e-11,-0.0805796,-0.1472,0.0203403
3.793,0.162093,-0.0101402,0.22937,0.00598558,-0.0378901,-0.139981,0.417319,0.112876,0.00822896,0.326812,-0.183496,6.46184e-12,-0.00578526,0.150358,-1.56845e-11,-0.0804949,-0.147196,0.0206227
3.794,0.162103,-0.00989941,0.229399,0.00608417,-0.0377516,-0.140121,0.417359,0.112878,0.00800898,0.326812,-0.183496,6.46184e-12,-0.00578526,0.150358,-1.56845e-11,-0.0804092,-0.147192,0.0209063
3.795,0.162114,-0.00965851,0.229429,0.00617848,-0.037611,-0.140254,0.417398,0.112879,0.00779151,0.326812,-0.183496,6.46184e-12,-0.00578526,0.150358,-1.56845e-11,-0.0803226,-0.147188,0.021191
3.796,0.162124,-0.00941746,0.229461,0.00626834,-0.0374683,-0.14038,0.417436,0.112881,0.00757656,0.326812,-0.183496,6.46184e-12,-0.00578526,0.150358,-1.56845e-11,-0.0802351,-0.147183,0.0214768
3.797,0.162135,-0.00917625,0.229493,0.00635361,-0.0373234,-0.140498,0.417474,0.112883,0.00736417,0.326812,-0.183496,6.46184e-12,-0.00578526,0.150358,-1.56845e-11,-0.0801466,-0.147179,0.0217637
3.798,0.162147,-0.00893486,0.229527,0.00643414,-0.0371763,-0.140608,0.417511,0.112885,0.00715433,0.326812,-0.183496,6.46184e-12,-0.00578526,0.150358,-1.56845e-11,-0.0800572,-0.147175,0.0220517
3.799,0.162158,-0.0086933,0.229561,0.00650977,-0.0370271,-0.140711,0.417547,0.112887,0.00694709,0.326812,-0.183496,6.46184e-12,-0.00578526,0.150358,-1.56845e-11,-0.0799668,-0.14717,0.0223407
3.8,0.16217,-0.00845157,0.229597,0.00658034,-0.0368757,-0.140806,0.417582,0.112889,0.00674246,0.326812,-0.183496,6.46184e-12,-0.00578526,0.150358,-1.56845e-11,-0.0798754,-0.147166,0.0226308
3.801,0.162182,-0.00820965,0.229634,0.00664573,-0.0367221,-0.140893,0.417617,0.11289,0.00654045,0.326812,-0.183496,6.46184e-12,-0.00578526,0.150358,-1.56845e-11,-0.0797831,-0.147162,0.0229219
3.802,0.162194,-0.00796754,0.229671,0.00670583,-0.0365664,-0.140973,0.417651,0.112892,0.00634109,0.326812,-0.183496,6.46184e-12,-0.00578526,0.150358,-1.56845e-11,-0.0796899,-0.147157,0.0232141
3.803,0.162207,-0.00772524,0.22971,0.00676058,-0.0364083,-0.141044,0.417685,0.112894,0.0061444,0.326812,-0.183496,6.46184e-12,-0.00578526,0.150358,-1.56845e-11,-0.0795956,-0.147153,0.0235072
3.804,0.16222,-0.00748276,0.22975,0.0068099,-0.0362481,-0.141108,0.417718,0.112895,0.0059504,0.326812,-0.183496,6.46184e-12,-0.00578526,0.150358,-1.56845e-11,-0.0795004,-0.147148,0.0238014
3.805,0.162233,-0.00724008,0.229791,0.0068537,-0.0360856,-0.141164,0.41775,0.112897,0.00575911,0.326812,-0.183496,6.46184e-12,-0.00578526,0.150358,-1.56845e-11,-0.0794043,-0.147144,0.0240964
3.806,0.162247,-0.0069972,0.229833,0.00689192,-0.0359208,-0.141212,0.417781,0.112899,0.00557056,0.326812,-0.183496,6.46184e-12,-0.00578526,0.150358,-1.56845e-11,-0.0793071,-0.147139,0.0243925
3.807,0.162261,-0.00675413,0.229876,0.00692447,-0.0357536,-0.141252,0.417812,0.1129,0.00538475,0.326812,-0.183496,6.46184e-12,-0.00578526,0.150358,-1.56845e-11,-0.0792089,-0.147134,0.0246894
3.808,0.162275,-0.00651086,0.22992,0.00695129,-0.0355842,-0.141285,0.417842,0.112902,0.00520171,0.326812,-0.183496,6.46184e-12,-0.00578526,0.150358,-1.56845e-11,-0.0791098,-0.147129,0.0249873
3.809,0.162289,-0.00626738,0.229965,0.00697228,-0.0354124,-0.14131,0.417871,0.112903,0.00502147,0.326812,-0.183496,6.46184e-12,-0.00578526,0.150358,-1.56845e-11,-0.0790097,-0.147125,0.025286
3.81,0.162304,-0.00602371,0.230011,0.00698738,-0.0352383,-0.141327,0.4179,0.112905,0.00484404,0.326812,-0.183496,6.46184e-12,-0.00578526,0.150358,-1.56845e-11,-0.0789086,-0.14712,0.0255856
3.811,0.162319,-0.00577983,0.230058,0.00699651,-0.0350617,-0.141337,0.417928,0.112906,0.00466944,0.326812,-0.183496,6.46184e-12,-0.00578526,0.150358,-1.56845e-11,-0.0788064,-0.147115,0.0258861
3.812,0.162334,-0.00553574,0.230106,0.00699959,-0.0348828,-0.141339,0.417956,0.112907,0.0044977,0.326812,-0.183496,6.46184e-12,-0.00578526,0.150358,-1.56845e-11,-0.0787033,-0.14711,0.0261874
3.813,0.16235,-0.00529144,0.230155,0.00699655,-0.0347014,-0.141334,0.417982,0.112909,0.00432883,0.326812,-0.183496,6.46184e-12,-0.00578526,0.150358,-1.56845e-11,-0.0785992,-0.147105,0.0264895
3.814,0.162365,-0.00504694,0.230205,0.0069873,-0.0345176,-0.141321,0.418009,0.11291,0.00416285,0.326812,-0.183496,6.46184e-12,-0.00578526,0.150358,-1.56845e-11,-0.078494,-0.1471,0.0267925
3.815,0.162382,-0.00480221,0.230255,0.00697178,-0.0343314,-0.1413,0.418034,0.112911,0.00399979,0.326812,-0.183496,6.46184e-12,-0.00578526,0.150358,-1.56845e-11,-0.0783879,-0.147095,0.0270962
3.816,0.162398,-0.00455728,0.230307,0.0069499,-0.0341426,-0.141272,0.418059,0.112913,0.00383966,0.326812,-0.183496,6.46184e-12,-0.00578526,0.150358,-1.56845e-11,-0.0782807,-0.14709,0.0274007
3.817,0.162415,-0.00431212,0.230359,0.00692159,-0.0339514,-0.141237,0.418083,0.112914,0.00368249,0.326812,-0.183496,6.46184e-12,-0.00578526,0.150358,-1.56845e-11,-0.0781725,-0.147085,0.0277059
3.818,0.162432,-0.00406675,0.230413,0.00688677,-0.0337576,-0.141194,0.418107,0.112915,0.00352829,0.326812,-0.183496,6.46184e-12,-0.00578526,0.150358,-1.56845e-11,-0.0780632,-0.147079,0.0280119
3.819,0.162449,-0.00382116,0.230467,0.00684537,-0.0335613,-0.141143,0.41813,0.112916,0.00337709,0.326812,-0.183496,6.46184e-12,-0.00578526,0.150358,-1.56845e-11,-0.077953,-0.147074,0.0283185
3.82,0.162467,-0.00357534,0.230522,0.0067973,-0.0333624,-0.141086,0.418152,0.112917,0.00322891,0.326812,-0.183496,6.46184e-12,-0.00578526,0.150358,-1.56845e-11,-0.0778417,-0.147069,0.0286259
3.821,0.162485,-0.0033293,0.230578,0.00674249,-0.0331609,-0.14102,0.418174,0.112918,0.00308376,0.326812,-0.183496,6.46184e-12,-0.00578526,0.150358,-1.56845e-11,-0.0777293,-0.147063,0.0289339
3.822,0.162503,-0.00308303,0.230634,0.00668087,-0.0329569,-0.140948,0.418195,0.112919,0.00294168,0.326812,-0.183496,6.46184e-12,-0.00578526,0.150358,-1.56845e-11,-0.0776159,-0.147058,0.0292427
3.823,0.162522,-0.00283653,0.230692,0.00661235,-0.0327502,-0.140868,0.418216,0.11292,0.00280267,0.326812,-0.183496,6.46184e-12,-0.00578526,0.150358,-1.56845e-11,-0.0775015,-0.147052,0.029552
3.824,0.162541,-0.0025898,0.23075,0.00653687,-0.0325409,-0.140781,0.418236,0.112921,0.00266676,0.326812,-0.183496,6.46184e-12,-0.00578526,0.150358,-1.56845e-11,-0.077386,-0.147047,0.029862
3.825,0.16256,-0.00234284,0.230809,0.00645434,-0.0323289,-0.140686,0.418255,0.112922,0.00253397,0.326812,-0.183496,6.46184e-12,-0.00578526,0.150358,-1.56845e-11,-0.0772694,-0.147041,0.0301726
3.826,0.16258,-0.00209564,0.230869,0.00636468,-0.0321143,-0.140584,0.418274,0.112923,0.00240431,0.326812,-0.183496,6.46184e-12,-0.00578526,0.150358,-1.56845e-11,-0.0771518,-0.147036,0.0304838
3.827,0.1626,-0.00184821,0.23093,0.00626783,-0.0318969,-0.140475,0.418293,0.112924,0.00227782,0.326812,-0.183496,6.46184e-12,-0.00578526,0.150358,-1.56845e-11,-0.0770332,-0.14703,0.0307955
3.828,0.16262,-0.00160053,0.230991,0.00616369,-0.0316768,-0.140359,0.41831,0.112925,0.00215451,0.326812,-0.183496,6.46184e-12,-0.00578526,0.150358,-1.56845e-11,-0.0769134,-0.147024,0.0311078
3.829,0.16264,-0.00135261,0.231053,0.00605221,-0.031454,-0.140235,0.418327,0.112926,0.0020344,0.326812,-0.183496,6.46184e-12,-0.00578526,0.150358,-1.56845e-11,-0.0767926,-0.147018,0.0314207
3.83,0.162661,-0.00110445,0.231116,0.00593329,-0.0312285,-0.140105,0.418344,0.112927,0.00191751,0.326812,-0.183496,6.46184e-12,-0.00578526,0.150358,-1.56845e-11,-0.0766707,-0.147013,0.031734
3.831,0.162682,-0.00085605,0.231179,0.00580687,-0.0310001,-0.139967,0.41836,0.112928,0.00180386,0.326812,-0.183496,6.46184e-12,-0.00578526,0.150358,-1.56845e-11,-0.0765477,-0.147007,0.0320479
3.832,0.162704,-0.000607398,0.231243,0.00567286,-0.030769,-0.139822,0.418375,0.112928,0.00169347,0.326812,-0.183496,6.46184e-12,-0.00578526,0.150358,-1.56845e-11,-0.0764237,-0.147001,0.0323623
3.833,0.162726,-0.000358496,0.231308,0.00553119,-0.0305351,-0.13967,0.41839,0.112929,0.00158637,0.326812,-0.183496,6.46184e-12,-0.00578526,0.150358,-1.56845e-11,-0.0762985,-0.146995,0.0326771
3.834,0.162748,-0.000109343,0.231374,0.00538179,-0.0302983,-0.139511,0.418404,0.11293,0.00148257,0.326812,-0.183496,6.46184e-12,-0.00578526,0.150358,-1.56845e-11,-0.0761723,-0.146989,0.0329923
3.835,0.16277,0.000140063,0.23144,0.00522457,-0.0300586,-0.139345,0.418418,0.112931,0.00138209,0.326812,-0.183496,6.46184e-12,-0.00578526,0.150358,-1.56845e-11,-0.076045,-0.146983,0.033308
3.836,0.162793,0.000389725,0.231507,0.00505946,-0.0298161,-0.139172,0.418431,0.112931,0.00128496,0.326812,-0.183496,6.46184e-12,-0.00578526,0.150358,-1.56845e-11,-0.0759165,-0.146976,0.0336242
3.837,0.162816,0.000639644,0.231574,0.00488638,-0.0295707,-0.138992,0.418444,0.112932,0.00119119,0.326812,-0.183496,6.46184e-12,-0.00578526,0.150358,-1.56845e-11,-0.075787,-0.14697,0.0339407
3.838,0.16284,0.000889823,0.231642,0.00470525,-0.0293224,-0.138805,0.418456,0.112933,0.0011008,0.326812,-0.183496,6.46184e-12,-0.00578526,0.150358,-1.56845e-11,-0.0756563,-0.146964,0.0342576
3.839,0.162864,0.00114026,0.231711,0.00451601,-0.0290711,-0.138611,0.418467,0.112933,0.00101382,0.326812,-0.183496,6.46184e-12,-0.00578526,0.150358,-1.56845e-11,-0.0755246,-0.146958,0.0345748
3.84,0.162888,0.00139097,0.23178,0.00431856,-0.0288169,-0.13841,0.418478,0.112934,0.000930271,0.326812,-0.183496,6.46184e-12,-0.00578526,0.150358,-1.56845e-11,-0.0753917,-0.146951,0.0348924
3.841,0.162912,0.00164194,0.23185,0.00411284,-0.0285597,-0.138202,0.418489,0.112934,0.000850163,0.326812,-0.183496,6.46184e-12,-0.00578526,0.150358,-1.56845e-11,-0.0752577,-0.146945,0.0352103
3.842,0.162937,0.00189317,0.231921,0.00389877,-0.0282995,-0.137987,0.418499,0.112935,0.000773522,0.326812,-0.183496,6.46184e-12,-0.00578526,0.150358,-1.56845e-11,-0.0751226,-0.146938,0.0355286
3.843,0.162962,0.00214468,0.231992,0.00367627,-0.0280363,-0.137766,0.418508,0.112935,0.000700368,0.326812,-0.183496,6.46184e-12,-0.00578526,0.150358,-1.56845e-11,-0.0749863,-0.146932,0.0358471
3.844,0.162988,0.00239646,0.232063,0.00344526,-0.0277701,-0.137537,0.418517,0.112936,0.000630722,0.326812,-0.183496,6.46184e-12,-0.00578526,0.150358,-1.56845e-11,-0.0748489,-0.146925,0.0361659
3.845,0.163014,0.00264851,0.232135,0.00320567,-0.0275009,-0.137302,0.418526,0.112936,0.000564603,0.326812,-0.183496,6.46184e-12,-0.00578526,0.150358,-1.56845e-11,-0.0747104,-0.146919,0.036485
3.846,0.16304,0.00290083,0.232208,0.00295742,-0.0272285,-0.13706,0.418533,0.112936,0.000502032,0.326812,-0.183496,6.46184e-12,-0.00578526,0.150358,-1.56845e-11,-0.0745707,-0.146912,0.0368042
3.847,0.163066,0.00315344,0.232281,0.00270044,-0.0269531,-0.136811,0.418541,0.112937,0.000443031,0.326812,-0.183496,6.46184e-12,-0.00578526,0.150358,-1.56845e-11,-0.0744299,-0.146905,0.0371238
3.848,0.163093,0.00340632,0.232354,0.00243464,-0.0266745,-0.136556,0.418548,0.112937,0.000387618,0.326812,-0.183496,6.46184e-12,-0.00578526,0.150358,-1.56845e-11,-0.0742879,-0.146898,0.0374435
3.849,0.163121,0.00365949,0.232428,0.00215995,-0.0263929,-0.136294,0.418554,0.112937,0.000335815,0.326812,-0.183496,6.46184e-12,-0.00578526,0.150358,-1.56845e-11,-0.0741448,-0.146891,0.0377634
3.85,0.163148,0.00391293,0.232503,0.0018763,-0.026108,-0.136025,0.41856,0.112938,0.000287642,0.326812,-0.183496,6.46184e-12,-0.00578526,0.150358,-1.56845e-11,-0.0740005,-0.146885,0.0380834
3.851,0.163176,0.00416667,0.232578,0.0015836,-0.02582,-0.135749,0.418565,0.112938,0.000243119,0.326812,-0.183496,6.46184e-12,-0.00578526,0.150358,-1.56845e-11,-0.0738551,-0.146878,0.0384037
3.852,0.163204,0.00442069,0.232653,0.00128179,-0.0255289,-0.135467,0.41857,0.112938,0.000202268,0.326812,-0.183496,6.46184e-12,-0.00578526,0.150358,-1.56845e-11,-0.0737085,-0.146871,0.038724
3.853,0.163233,0.004675,0.232729,0.000970773,-0.0252345,-0.135179,0.418575,0.112938,0.000165107,0.326812,-0.183496,6.46184e-12,-0.00578526,0.150358,-1.56845e-11,-0.0735607,-0.146864,0.0390445
3.854,0.163262,0.00492961,0.232805,0.000650485,-0.0249368,-0.134883,0.418579,0.112939,0.000131659,0.326812,-0.183496,6.46184e-12,-0.00578526,0.150358,-1.56845e-11,-0.0734118,-0.146856,0.0393651
3.855,0.163292,0.0051845,0.232882,0.000320847,-0.024636,-0.134582,0.418582,0.112939,0.000101942,0.326812,-0.183496,6.46184e-12,-0.00578526,0.150358,-1.56845e-11,-0.0732617,-0.146849,0.0396857
3.856,0.163321,0.0054397,0.232959,-1.82186e-05,-0.0243319,-0.134273,0.418585,0.112939,7.59788e-05,0.326812,-0.183496,6.46184e-12,-0.00578526,0.150358,-1.56845e-11,-0.0731104,-0.146842,0.0400064
3.857,0.163352,0.00569519,0.233036,-0.000366788,-0.0240244,-0.133958,0.418588,0.112939,5.37883e-05,0.326812,-0.183496,6.46184e-12,-0.00578526,0.150358,-1.56845e-11,-0.0729579,-0.146835,0.0403272
3.858,0.163382,0.00595098,0.233114,-0.000724939,-0.0237137,-0.133637,0.41859,0.112939,3.53914e-05,0.326812,-0.183496,6.46184e-12,-0.00578526,0.150358,-1.56845e-11,-0.0728042,-0.146827,0.0406479
3.859,0.163413,0.00620707,0.233192,-0.00109275,-0.0233997,-0.133309,0.418592,0.112939,2.08084e-05,0.326812,-0.183496,6.46184e-12,-0.00578526,0.150358,-1.56845e-11,-0.0726493,-0.14682,0.0409687
3.86,0.163444,0.00646346,0.233271,-0.00147029,-0.0230823,-0.132975,0.418593,0.112939,1.00599e-05,0.326812,-0.183496,6.46184e-12,-0.00578526,0.150358,-1.56845e-11,-0.0724933,-0.146812,0.0412895
3.861,0.163476,0.00672016,0.233349,-0.00185764,-0.0227615,-0.132634,0.418594,0.112939,3.16626e-06,0.326812,-0.183496,6.46184e-12,-0.00578526,0.150358,-1.56845e-11,-0.072336,-0.146805,0.0416103
3.862,0.163508,0.00697717,0.233428,-0.00225489,-0.0224373,-0.132287,0.418594,0.112939,1.4793e-07,0.326812,-0.183496,6.46184e-12,-0.00578526,0.150358,-1.56845e-11,-0.0721775,-0.146797,0.041931
3.863,0.16354,0.00723449,0.233508,-0.00266209,-0.0221098,-0.131934,0.418594,0.112939,-2.26838e-12,0.326812,-0.183496,6.46184e-12,-0.00578526,0.150358,-1.56845e-11,-0.0720179,-0.14679,0.0422516
3.864,0.163573,0.00749212,0.233587,-0.00307934,-0.0217788,-0.131574,0.418594,0.112939,-2.26838e-12,0.326812,-0.183496,6.46184e-12,-0.00578526,0.150358,-1.56845e-11,-0.071857,-0.146782,0.0425722
3.865,0.163606,0.00775007,0.233667,-0.00350671,-0.0214444,-0.131208,0.418594,0.112939,-2.26838e-12,0.326812,-0.183496,6.46184e-12,-0.00578526,0.150358,-1.56845e-11,-0.0716948,-0.146774,0.0428927
3.866,0.163639,0.00800833,0.233748,-0.00394427,-0.0211065,-0.130835,0.418594,0.112939,-2.26838e-12,0.326812,-0.183496,6.46184e-12,-0.00578526,0.150358,-1.56845e-11,-0.0715315,-0.146766,0.043213
3.867,0.163673,0.00826691,0.233828,-0.00439211,-0.0207651,-0.130457,0.418594,0.112939,-2.26838e-12,0.326812,-0.183496,6.46184e-12,-0.00578526,0.150358,-1.56845e-11,-0.0713669,-0.146758,0.0435332
3.868,0.163707,0.0085258,0.233909,-0.00485029,-0.0204203,-0.130072,0.418594,0.112939,-2.26838e-12,0.326812,-0.183496,6.46184e-12,-0.00578526,0.150358,-1.56845e-11,-0.0712012,-0.14675,0.0438533
3.869,0.163742,0.00878502,0.23399,-0.0053189,-0.0200719,-0.129681,0.418594,0.112939,-2.26838e-12,0.326812,-0.183496,6.46184e-12,-0.00578526,0.150358,-1.56845e-11,-0.0710341,-0.146742,0.0441732
3.87,0.163777,0.00904457,0.234071,-0.00579801,-0.01972,-0.129284,0.418594,0.112939,-2.26838e-12,0.326812,-0.183496,6.46184e-12,-0.00578526,0.150358,-1.56845e-11,-0.0708659,-0.146734,0.044493
3.871,0.163812,0.00930444,0.234152,-0.00628771,-0.0193645,-0.12888,0.418594,0.112939,-2.26838e-12,0.326812,-0.183496,6.46184e-12,-0.00578526,0.150358,-1.56845e-11,-0.0706964,-0.146726,0.0448125
3.872,0.163848,0.00956463,0.234233,-0.00678805,-0.0190054,-0.128471,0.418594,0.112939,-2.26838e-12,0.326812,-0.183496,6.46184e-12,-0.00578526,0.150358,-1.56845e-11,-0.0705256,-0.146718,0.0451318
3.873,0.163884,0.00982516,0.234315,-0.00729913,-0.0186427,-0.128055,0.418594,0.112939,-2.26838e-12,0.326812,-0.183496,6.46184e-12,-0.00578526,0.150358,-1.56845e-11,-0.0703536,-0.14671,0.0454509
3.874,0.163921,0.010086,0.234397,-0.00782102,-0.0182764,-0.127633,0.418594,0.112939,-2.26838e-12,0.326812,-0.183496,6.46184e-12,-0.00578526,0.150358,-1.56845e-11,-0.0701804,-0.146702,0.0457697
3.875,0.163958,0.0103472,0.234479,-0.0083538,-0.0179065,-0.127205,0.418594,0.112939,-2.26838e-12,0.326812,-0.183496,6.46184e-12,-0.00578526,0.150358,-1.56845e-11,-0.0700059,-0.146693,0.0460882
3.876,0.163995,0.0106087,0.234561,-0.00889754,-0.0175329,-0.126771,0.418594,0.112939,-2.26838e-12,0.326812,-0.183496,6.46184e-12,-0.00578526,0.150358,-1.56845e-11,-0.0698301,-0.146685,0.0464065
3.877,0.164033,0.0108706,0.234643,-0.00945232,-0.0171556,-0.126332,0.418594,0.112939,-2.26838e-12,0.326812,-0.183496,6.46184e-12,-0.00578526,0.150358,-1.56845e-11,-0.069653,-0.146676,0.0467244
3.878,0.164071,0.0111328,0.234726,-0.0100182,-0.0167746,-0.125886,0.418594,0.112939,-2.26838e-12,0.326812,-0.183496,6.46184e-12,-0.00578526,0.150358,-1.56845e-11,-0.0694747,-0.146668,0.047042
3.879,0.164109,0.0113954,0.234808,-0.0105953,-0.0163899,-0.125434,0.418594,0.112939,-2.26838e-12,0.326812,-0.183496,6.46184e-12,-0.00578526,0.150358,-1.56845e-11,-0.0692951,-0.146659,0.0473593
3.88,0.164148,0.0116583,0.234891,-0.0111837,-0.0160015,-0.124976,0.418594,0.112939,-2.26838e-12,0.326812,-0.183496,6.46184e-12,-0.00578526,0.150358,-1.56845e-11,-0.0691143,-0.14665,0.0476762
3.881,0.164187,0.0119215,0.234973,-0.0117834,-0.0156093,-0.124512,0.418594,0.112939,-2.26838e-12,0.326812,-0.183496,6.46184e-12,-0.00578526,0.150358,-1.56845e-11,-0.0689321,-0.146642,0.0479928
3.882,0.164227,0.0121851,0.235056,-0.0123945,-0.0152133,-0.124043,0.418594,0.112939,-2.26838e-12,0.326812,-0.183496,6.46184e-12,-0.00578526,0.150358,-1.56845e-11,-0.0687487,-0.146633,0.0483089
3.883,0.164267,0.012449,0.235139,-0.0130171,-0.0148136,-0.123567,0.418594,0.112939,-2.26838e-12,0.326812,-0.183496,6.46184e-12,-0.00578526,0.150358,-1.56845e-11,-0.068564,-0.146624,0.0486247
3.884,0.164308,0.0127133,0.235221,-0.0136514,-0.01441,-0.123086,0.418594,0.112939,-2.26838e-12,0.326812,-0.183496,6.46184e-12,-0.00578526,0.150358,-1.56845e-11,-0.068378,-0.146615,0.0489399
3.885,0.164349,0.012978,0.235304,-0.0142972,-0.0140026,-0.122599,0.418594,0.112939,-2.26838e-12,0.326812,-0.183496,6.46184e-12,-0.00578526,0.150358,-1.56845e-11,-0.0681907,-0.146606,0.0492548
3.886,0.16439,0.013243,0.235387,-0.0149548,-0.0135913,-0.122106,0.418594,0.112939,-2.26838e-12,0.326812,-0.183496,6.46184e-12,-0.00578526,0.150358,-1.56845e-11,-0.0680021,-0.146597,0.0495692
3.887,0.164432,0.0135083,0.235469,-0.0156242,-0.0131762,-0.121607,0.418594,0.112939,-2.26838e-12,0.326812,-0.183496,6.46184e-12,-0.00578526,0.150358,-1.56845e-11,-0.0678121,-0.146588,0.0498831
3.888,0.164474,0.013774,0.235552,-0.0163055,-0.0127571,-0.121102,0.418594,0.112939,-2.26838e-12,0.326812,-0.183496,6.46184e-12,-0.00578526,0.150358,-1.56845e-11,-0.0676209,-0.146579,0.0501965
3.889,0.164516,0.0140401,0.235635,-0.0169988,-0.0123341,-0.120592,0.418594,0.112939,-2.26838e-12,0.326812,-0.183496,6.46184e-12,-0.00578526,0.150358,-1.56845e-11,-0.0674284,-0.14657,0.0505094
3.89,0.164559,0.0143065,0.235718,-0.0177041,-0.0119073,-0.120076,0.418594,0.112939,-2.26838e-12,0.326812,-0.183496,6.46184e-12,-0.00578526,0.150358,-1.56845e-11,-0.0672345,-0.14656,0.0508217
3.891,0.164603,0.0145734,0.2358,-0.0184215,-0.0114764,-0.119555,0.418594,0.112939,-2.26838e-12,0.326812,-0.183496,6.46184e-12,-0.00578526,0.150358,-1.56845e-11,-0.0670393,-0.146551,0.0511335
3.892,0.164646,0.0148405,0.235883,-0.0191511,-0.0110416,-0.119028,0.418594,0.112939,-2.26838e-12,0.326812,-0.183496,6.46184e-12,-0.00578526,0.150358,-1.56845e-11,-0.0668428,-0.146542,0.0514447
3.893,0.164691,0.0151081,0.235965,-0.0198929,-0.0106028,-0.118495,0.418594,0.112939,-2.26838e-12,0.326812,-0.183496,6.46184e-12,-0.00578526,0.150358,-1.56845e-11,-0.066645,-0.146532,0.0517553
3.894,0.164735,0.015376,0.236047,-0.0206472,-0.01016,-0.117956,0.418594,0.112939,-2.26838e-12,0.326812,-0.183496,6.46184e-12,-0.00578526,0.150358,-1.56845e-11,-0.0664458,-0.146523,0.0520654
3.895,0.16478,0.0156443,0.23613,-0.0214138,-0.00971309,-0.117412,0.418594,0.112939,-2.26838e-12,0.326812,-0.183496,6.46184e-12,-0.00578526,0.150358,-1.56845e-11,-0.0662453,-0.146513,0.0523748
3.896,0.164826,0.015913,0.236212,-0.0221929,-0.00926218,-0.116863,0.418594,0.112939,-2.26838e-12,0.326812,-0.183496,6.46184e-12,-0.00578526,0.150358,-1.56845e-11,-0.0660434,-0.146503,0.0526835
3.897,0.164871,0.016182,0.236294,-0.0229846,-0.0088072,-0.116307,0.418594,0.112939,-2.26838e-12,0.326812,-0.183496,6.46184e-12,-0.00578526,0.150358,-1.56845e-11,-0.0658402,-0.146494,0.0529916
3.898,0.164918,0.0164514,0.236376,-0.023789,-0.00834813,-0.115747,0.418594,0.112939,-2.26838e-12,0.326812,-0.183496,6.46184e-12,-0.00578526,0.150358,-1.56845e-11,-0.0656357,-0.146484,0.053299
3.899,0.164964,0.0167213,0.236457,-0.0246061,-0.00788494,-0.115181,0.418594,0.112939,-2.26838e-12,0.326812,-0.183496,6.46184e-12,-0.00578526,0.150358,-1.56845e-11,-0.0654298,-0.146474,0.0536058
3.9,0.165012,0.0169915,0.236539,-0.025436,-0.00741763,-0.114609,0.418594,0.112939,-2.26838e-12,0.326812,-0.183496,6.46184e-12,-0.00578526,0.150358,-1.56845e-11,-0.0652225,-0.146464,0.0539118
3.901,0.165059,0.017262,0.23662,-0.0262788,-0.00694617,-0.114032,0.418594,0.112939,-2.26838e-12,0.326812,-0.183496,6.46184e-12,-0.00578526,0.150358,-1.56845e-11,-0.0650139,-0.146454,0.054217
3.902,0.165107,0.017533,0.236701,-0.0271343,-0.00647063,-0.11345,0.418594,0.112939,-2.26838e-12,0.326812,-0.183496,6.46184e-12,-0.00578526,0.150358,-1.56845e-11,-0.0648039,-0.146444,0.0545216
3.903,0.165156,0.0178043,0.236782,-0.0280025,-0.00599104,-0.112862,0.418594,0.112939,-2.26838e-12,0.326812,-0.183496,6.46184e-12,-0.00578526,0.150358,-1.56845e-11,-0.0645925,-0.146434,0.0548253
3.904,0.165205,0.0180761,0.236863,-0.0288832,-0.00550748,-0.11227,0.418594,0.112939,-2.26838e-12,0.326812,-0.183496,6.46184e-12,-0.00578526,0.150358,-1.56845e-11,-0.0643798,-0.146424,0.0551283
3.905,0.165254,0.0183481,0.236944,-0.0297764,-0.00502,-0.111673,0.418594,0.112939,-2.26838e-12,0.326812,-0.183496,6.46184e-12,-0.00578526,0.150358,-1.56845e-11,-0.0641657,-0.146413,0.0554305
3.906,0.165304,0.0186206,0.237024,-0.0306819,-0.00452865,-0.11107,0.418594,0.112939,-2.26838e-12,0.326812,-0.183496,6.46184e-12,-0.00578526,0.150358,-1.56845e-11,-0.0639502,-0.146403,0.0557319
3.907,0.165354,0.0188934,0.237104,-0.0315997,-0.0040335,-0.110463,0.418594,0.112939,-2.26838e-12,0.326812,-0.183496,6.46184e-12,-0.00578526,0.150358,-1.56845e-11,-0.0637333,-0.146393,0.0560324
3.908,0.165404,0.0191666,0.237184,-0.0325295,-0.00353459,-0.109852,0.418594,0.112939,-2.26838e-12,0.326812,-0.183496,6.46184e-12,-0.00578526,0.150358,-1.56845e-11,-0.063515,-0.146382,0.0563321
3.909,0.165455,0.0194401,0.237263,-0.0334714,-0.00303199,-0.109236,0.418594,0.112939,-2.26838e-12,0.326812,-0.183496,6.46184e-12,-0.00578526,0.150358,-1.56845e-11,-0.0632953,-0.146372,0.0566309
3.91,0.165507,0.019714,0.237343,-0.0344252,-0.00252575,-0.108616,0.418594,0.112939,-2.26838e-12,0.326812,-0.183496,6.46184e-12,-0.00578526,0.150358,-1.56845e-11,-0.0630743,-0.146361,0.0569288
3.911,0.165558,0.0199882,0.237422,-0.0353907,-0.00201593,-0.107992,0.418594,0.112939,-2.26838e-12,0.326812,-0.183496,6.46184e-12,-0.00578526,0.150358,-1.56845e-11,-0.0628518,-0.14635,0.0572258
3.912,0.165611,0.0202628,0.237501,-0.0363679,-0.00150259,-0.107363,0.418594,0.112939,-2.26838e-12,0.326812,-0.183496,6.46184e-12,-0.00578526,0.150358,-1.56845e-11,-0.0626279,-0.14634,0.0575219
3.913,0.165663,0.0205377,0.237579,-0.0373567,-0.000985788,-0.106731,0.418594,0.112939,-2.26838e-12,0.326812,-0.183496,6.46184e-12,-0.00578526,0.150358,-1.56845e-11,-0.0624026,-0.146329,0.057817
3.914,0.165716,0.020813,0.237657,-0.0383569,-0.000465574,-0.106095,0.418594,0.112939,-2.26838e-12,0.326812,-0.183496,6.46184e-12,-0.00578526,0.150358,-1.56845e-11,-0.0621759,-0.146318,0.0581112
3.915,0.16577,0.0210886,0.237736,-0.0393685,5.79922e-05,-0.105455,0.418594,0.112939,-2.26838e-12,0.326812,-0.183496,6.46184e-12,-0.00578526,0.150358,-1.56845e-11,-0.0619478,-0.146307,0.0584044
3.916,0.165824,0.0213645,0.237813,-0.0403913,0.000584853,-0.104812,0.418594,0.112939,-2.26838e-12,0.326812,-0.183496,6.46184e-12,-0.00578526,0.150358,-1.56845e-11,-0.0617182,-0.146296,0.0586966
3.917,0.165878,0.0216407,0.237891,-0.0414253,0.00111495,-0.104165,0.418594,0.112939,-2.26838e-12,0.326812,-0.183496,6.46184e-12,-0.00578526,0.150358,-1.56845e-11,-0.0614873,-0.146285,0.0589878
3.918,0.165933,0.0219173,0.237968,-0.0424702,0.00164823,-0.103515,0.418594,0.112939,-2.26838e-12,0.326812,-0.183496,6.46184e-12,-0.00578526,0.150358,-1.56845e-11,-0.0612549,-0.146274,0.059278
3.919,0.165988,0.0221941,0.238045,-0.0435261,0.00218463,-0.102862,0.418594,0.112939,-2.26838e-12,0.326812,-0.183496,6.46184e-12,-0.00578526,0.150358,-1.56845e-11,-0.061021,-0.146263,0.0595671
3.92,0.166044,0.0224713,0.238121,-0.0445928,0.0027241,-0.102206,0.418594,0.112939,-2.26838e-12,0.326812,-0.183496,6.46184e-12,-0.00578526,0.150358,-1.56845e-11,-0.0607857,-0.146251,0.0598552
3.921,0.1661,0.0227488,0.238197,-0.0456701,0.00326658,-0.101547,0.418594,0.112939,-2.26838e-12,0.326812,-0.183496,6.46184e-12,-0.00578526,0.150358,-1.56845e-11,-0.060549,-0.14624,0.0601421
3.922,0.166156,0.0230266,0.238273,-0.046758,0.00381201,-0.100885,0.418594,0.112939,-2.26838e-12,0.326812,-0.183496,6.46184e-12,-0.00578526,0.150358,-1.56845e-11,-0.0603108,-0.146229,0.060428
3.923,0.166213,0.0233047,0.238349,-0.0478564,0.00436033,-0.100221,0.418594,0.112939,-2.26838e-12,0.326812,-0.183496,6.46184e-12,-0.00578526,0.150358,-1.56845e-11,-0.0600712,-0.146217,0.0607128
3.924,0.16627,0.0235831,0.238424,-0.0489651,0.0049115,-0.0995536,0.418594,0.112939,-2.26838e-12,0.326812,-0.183496,6.46184e-12,-0.00578526,0.150358,-1.56845e-11,-0.0598302,-0.146206,0.0609964
3.925,0.166328,0.0238618,0.238499,-0.0500841,0.00546544,-0.0988841,0.418594,0.112939,-2.26838e-12,0.326812,-0.183496,6.46184e-12,-0.00578526,0.150358,-1.56845e-11,-0.0595876,-0.146194,0.0612789
3.926,0.166386,0.0241408,0.238573,-0.0512132,0.00602211,-0.0982125,0.418594,0.112939,-2.26838e-12,0.326812,-0.183496,6.46184e-12,-0.00578526,0.150358,-1.56845e-11,-0.0593436,-0.146182,0.0615602
3.927,0.166444,0.02442,0.238647,-0.0523524,0.00658145,-0.0975386,0.418594,0.112939,-2.26838e-12,0.326812,-0.183496,6.46184e-12,-0.00578526,0.150358,-1.56845e-11,-0.0590982,-0.14617,0.0618403
3.928,0.166503,0.0246996,0.238721,-0.0535014,0.00714339,-0.0968628,0.418594,0.112939,-2.26838e-12,0.326812,-0.183496,6.46184e-12,-0.00578526,0.150358,-1.56845e-11,-0.0588512,-0.146159,0.0621192
3.929,0.166563,0.0249794,0.238794,-0.0546603,0.00770789,-0.096185,0.418594,0.112939,-2.26838e-12,0.326812,-0.183496,6.46184e-12,-0.00578526,0.150358,-1.56845e-11,-0.0586028,-0.146147,0.0623969
3.93,0.166622,0.0252595,0.238867,-0.0558289,0.00827488,-0.0955055,0.418594,0.112939,-2.26838e-12,0.326812,-0.183496,6.46184e-12,-0.00578526,0.150358,-1.56845e-11,-0.0583529,-0.146135,0.0626733
3.931,0.166682,0.0255398,0.238939,-0.057007,0.00884432,-0.0948244,0.418594,0.112939,-2.26838e-12,0.326812,-0.183496,6.46184e-12,-0.00578526,0.150358,-1.56845e-11,-0.0581016,-0.146123,0.0629485
3.932,0.166743,0.0258205,0.239012,-0.0581946,0.00941613,-0.0941417,0.418594,0.112939,-2.26838e-12,0.326812,-0.183496,6.46184e-12,-0.00578526,0.150358,-1.56845e-11,-0.0578487,-0.146111,0.0632224
3.933,0.166804,0.0261014,0.239083,-0.0593916,0.00999027,-0.0934577,0.418594,0.112939,-2.26838e-12,0.326812,-0.183496,6.46184e-12,-0.00578526,0.150358,-1.56845e-11,-0.0575943,-0.146098,0.063495
3.934,0.166865,0.0263825,0.239155,-0.0605979,0.0105667,-0.0927723,0.418594,0.112939,-2.26838e-12,0.326812,-0.183496,6.46184e-12,-0.00578526,0.150358,-1.56845e-11,-0.0573385,-0.146086,0.0637663
3.935,0.166927,0.0266639,0.239225,-0.0618133,0.0111453,-0.0920859,0.418594,0.112939,-2.26838e-12,0.326812,-0.183496,6.46184e-12,-0.00578526,0.150358,-1.56845e-11,-0.0570812,-0.146074,0.0640363
3.936,0.166989,0.0269456,0.239296,-0.0630377,0.0117261,-0.0913984,0.418594,0.112939,-2.26838e-12,0.326812,-0.183496,6.46184e-12,-0.00578526,0.150358,-1.56845e-11,-0.0568223,-0.146061,0.0643049
3.937,0.167051,0.0272275,0.239366,-0.0642711,0.0123089,-0.0907101,0.418594,0.112939,-2.26838e-12,0.326812,-0.183496,6.46184e-12,-0.00578526,0.150358,-1.56845e-11,-0.056562,-0.146049,0.0645722
3.938,0.167114,0.0275096,0.239435,-0.0655132,0.0128939,-0.090021,0.418594,0.112939,-2.26838e-12,0.326812,-0.183496,6.46184e-12,-0.00578526,0.150358,-1.56845e-11,-0.0563001,-0.146036,0.064838
3.939,0.167178,0.027792,0.239505,-0.0667641,0.0134807,-0.0893312,0.418594,0.112939,-2.26838e-12,0.326812,-0.183496,6.46184e-12,-0.00578526,0.150358,-1.56845e-11,-0.0560367,-0.146024,0.0651025
3.94,0.167241,0.0280746,0.239573,-0.0680236,0.0140696,-0.088641,0.418594,0.112939,-2.26838e-12,0.326812,-0.183496,6.46184e-12,-0.00578526,0.150358,-1.56845e-11,-0.0557718,-0.146011,0.0653656
3.941,0.167305,0.0283575,0.239641,-0.0692916,0.0146602,-0.0879504,0.418594,0.112939,-2.26838e-12,0.326812,-0.183496,6.46184e-12,-0.00578526,0.150358,-1.56845e-11,-0.0555054,-0.145998,0.0656272
3.942,0.16737,0.0286406,0.239709,-0.0705679,0.0152527,-0.0872595,0.418594,0.112939,-2.26838e-12,0.326812,-0.183496,6.46184e-12,-0.00578526,0.150358,-1.56845e-11,-0.0552374,-0.145985,0.0658874
3.943,0.167435,0.0289239,0.239776,-0.0718525,0.015847,-0.0865685,0.418594,0.112939,-2.26838e-12,0.326812,-0.183496,6.46184e-12,-0.00578526,0.150358,-1.56845e-11,-0.0549679,-0.145973,0.0661461
3.944,0.1675,0.0292074,0.239843,-0.0731453,0.0164429,-0.0858775,0.418594,0.112939,-2.26838e-12,0.326812,-0.183496,6.46184e-12,-0.00578526,0.150358,-1.56845e-11,-0.0546969,-0.14596,0.0664033
3.945,0.167566,0.0294911,0.239909,-0.0744461,0.0170405,-0.0851867,0.418594,0.112939,-2.26838e-12,0.326812,-0.183496,6.46184e-12,-0.00578526,0.150358,-1.56845e-11,-0.0544244,-0.145946,0.066659
3.946,0.167632,0.0297751,0.239975,-0.0757548,0.0176397,-0.0844961,0.418594,0.112939,-2.26838e-12,0.326812,-0.183496,6.46184e-12,-0.00578526,0.150358,-1.56845e-11,-0.0541503,-0.145933,0.0669132
3.947,0.167698,0.0300592,0.24004,-0.0770714,0.0182404,-0.0838058,0.418594,0.112939,-2.26838e-12,0.326812,-0.183496,6.46184e-12,-0.00578526,0.150358,-1.56845e-11,-0.0538746,-0.14592,0.0671659
3.948,0.167765,0.0303436,0.240105,-0.0783957,0.0188426,-0.0831161,0.418594,0.112939,-2.26838e-12,0.326812,-0.183496,6.46184e-12,-0.00578526,0.150358,-1.56845e-11,-0.0535974,-0.145907,0.067417
3.949,0.167833,0.0306282,0.240169,-0.0797276,0.0194462,-0.082427,0.418594,0.112939,-2.26838e-12,0.326812,-0.183496,6.46184e-12,-0.00578526,0.150358,-1.56845e-11,-0.0533187,-0.145893,0.0676665
3.95,0.1679,0.0309129,0.240233,-0.081067,0.0200511,-0.0817387,0.418594,0.112939,-2.26838e-12,0.326812,-0.183496,6.46184e-12,-0.00578526,0.150358,-1.56845e-11,-0.0530383,-0.14588,0.0679144
3.951,0.167968,0.0311979,0.240296,-0.0824138,0.0206573,-0.0810512,0.418594,0.112939,-2.26838e-12,0.326812,-0.183496,6.46184e-12,-0.00578526,0.150358,-1.56845e-11,-0.0527565,-0.145867,0.0681607
3.952,0.168037,0.031483,0.240359,-0.0837679,0.0212648,-0.0803648,0.418594,0.112939,-2.26838e-12,0.326812,-0.183496,6.46184e-12,-0.00578526,0.150358,-1.56845e-11,-0.052473,-0.145853,0.0684054
3.953,0.168106,0.0317683,0.240421,-0.0851291,0.0218735,-0.0796795,0.418594,0.112939,-2.26838e-12,0.326812,-0.183496,6.46184e-12,-0.00578526,0.150358,-1.56845e-11,-0.052188,-0.145839,0.0686484
3.954,0.168175,0.0320538,0.240482,-0.0864974,0.0224832,-0.0789955,0.418594,0.112939,-2.26838e-12,0.326812,-0.183496,6.46184e-12,-0.00578526,0.150358,-1.56845e-11,-0.0519014,-0.145826,0.0688898
3.955,0.168245,0.0323395,0.240543,-0.0878726,0.0230941,-0.0783128,0.418594,0.112939,-2.26838e-12,0.326812,-0.183496,6.46184e-12,-0.00578526,0.150358,-1.56845e-11,-0.0516132,-0.145812,0.0691295
3.956,0.168315,0.0326254,0.240603,-0.0892547,0.023706,-0.0776317,0.418594,0.112939,-2.26838e-12,0.326812,-0.183496,6.46184e-12,-0.00578526,0.150358,-1.56845e-11,-0.0513235,-0.145798,0.0693675
3.957,0.168385,0.0329114,0.240663,-0.0906435,0.0243188,-0.0769522,0.418594,0.112939,-2.26838e-12,0.326812,-0.183496,6.46184e-12,-0.00578526,0.150358,-1.56845e-11,-0.0510321,-0.145784,0.0696038
3.958,0.168456,0.0331976,0.240722,-0.092039,0.0249325,-0.0762745,0.418594,0.112939,-2.26838e-12,0.326812,-0.183496,6.46184e-12,-0.00578526,0.150358,-1.56845e-11,-0.0507392,-0.14577,0.0698383
3.959,0.168527,0.0334839,0.240781,-0.0934409,0.0255471,-0.0755987,0.418594,0.112939,-2.26838e-12,0.326812,-0.183496,6.46184e-12,-0.00578526,0.150358,-1.56845e-11,-0.0504446,-0.145756,0.0700711
3.96,0.168598,0.0337704,0.240839,-0.0948492,0.0261624,-0.0749249,0.418594,0.112939,-2.26838e-12,0.326812,-0.183496,6.46184e-12,-0.00578526,0.150358,-1.56845e-11,-0.0501485,-0.145742,0.0703021
3.961,0.16867,0.0340571,0.240896,-0.0962639,0.0267785,-0.0742532,0.418594,0.112939,-2.26838e-12,0.326812,-0.183496,6.46184e-12,-0.00578526,0.150358,-1.56845e-11,-0.0498508,-0.145727,0.0705314
3.962,0.168743,0.0343439,0.240953,-0.0976847,0.0273952,-0.0735839,0.418594,0.112939,-2.26838e-12,0.326812,-0.183496,6.46184e-12,-0.00578526,0.150358,-1.56845e-11,-0.0495514,-0.145713,0.0707588
3.963,0.168815,0.0346308,0.241009,-0.0991115,0.0280126,-0.0729169,0.418594,0.112939,-2.26838e-12,0.326812,-0.183496,6.46184e-12,-0.00578526,0.150358,-1.56845e-11,-0.0492505,-0.145699,0.0709844
3.964,0.168888,0.0349179,0.241064,-0.100544,0.0286305,-0.0722524,0.418594,0.112939,-2.26838e-12,0.326812,-0.183496,6.46184e-12,-0.00578526,0.150358,-1.56845e-11,-0.0489479,-0.145684,0.0712082
3.965,0.168962,0.0352052,0.241119,-0.101983,0.0292489,-0.0715906,0.418594,0.112939,-2.26838e-12,0.326812,-0.183496,6.46184e-12,-0.00578526,0.150358,-1.56845e-11,-0.0486437,-0.145669,0.0714301
3.966,0.169036,0.0354925,0.241173,-0.103427,0.0298678,-0.0709316,0.418594,0.112939,-2.26838e-12,0.326812,-0.183496,6.46184e-12,-0.00578526,0.150358,-1.56845e-11,-0.0483379,-0.145655,0.0716501
3.967,0.16911,0.03578,0.241227,-0.104877,0.030487,-0.0702755,0.418594,0.112939,-2.26838e-12,0.326812,-0.183496,6.46184e-12,-0.00578526,0.150358,-1.56845e-11,-0.0480304,-0.14564,0.0718683
3.968,0.169185,0.0360677,0.24128,-0.106333,0.0311066,-0.0696225,0.418594,0.112939,-2.26838e-12,0.326812,-0.183496,6.46184e-12,-0.00578526,0.150358,-1.56845e-11,-0.0477214,-0.145625,0.0720845
3.969,0.16926,0.0363554,0.241332,-0.107794,0.0317265,-0.0689725,0.418594,0.112939,-2.26838e-12,0.326812,-0.183496,6.46184e-12,-0.00578526,0.150358,-1.56845e-11,-0.0474107,-0.14561,0.0722988
3.97,0.169335,0.0366433,0.241384,-0.10926,0.0323465,-0.0683259,0.418594,0.112939,-2.26838e-12,0.326812,-0.183496,6.46184e-12,-0.00578526,0.150358,-1.56845e-11,-0.0470983,-0.145595,0.0725112
3.971,0.169411,0.0369313,0.241435,-0.110732,0.0329667,-0.0676827,0.418594,0.112939,-2.26838e-12,0.326812,-0.183496,6.46184e-12,-0.00578526,0.150358,-1.56845e-11,-0.0467843,-0.14558,0.0727215
3.972,0.169487,0.0372193,0.241485,-0.112208,0.033587,-0.067043,0.418594,0.112939,-2.26838e-12,0.326812,-0.183496,6.46184e-12,-0.00578526,0.150358,-1.56845e-11,-0.0464687,-0.145565,0.07293
3.973,0.169563,0.0375075,0.241534,-0.11369,0.0342074,-0.066407,0.418594,0.112939,-2.26838e-12,0.326812,-0.183496,6.46184e-12,-0.00578526,0.150358,-1.56845e-11,-0.0461514,-0.14555,0.0731364
3.974,0.16964,0.0377958,0.241583,-0.115176,0.0348277,-0.0657748,0.418594,0.112939,-2.26838e-12,0.326812,-0.183496,6.46184e-12,-0.00578526,0.150358,-1.56845e-11,-0.0458324,-0.145535,0.0733408
3.975,0.169717,0.0380842,0.241631,-0.116667,0.035448,-0.0651465,0.418594,0.112939,-2.26838e-12,0.326812,-0.183496,6.46184e-12,-0.00578526,0.150358,-1.56845e-11,-0.0455118,-0.145519,0.0735432
3.976,0.169795,0.0383727,0.241679,-0.118163,0.0360682,-0.0645222,0.418594,0.112939,-2.26838e-12,0.326812,-0.183496,6.46184e-12,-0.00578526,0.150358,-1.56845e-11,-0.0451895,-0.145504,0.0737435
3.977,0.169873,0.0386613,0.241725,-0.119663,0.0366881,-0.0639021,0.418594,0.112939,-2.26838e-12,0.326812,-0.183496,6.46184e-12,-0.00578526,0.150358,-1.56845e-11,-0.0448656,-0.145488,0.0739417
3.978,0.169951,0.03895,0.241771,-0.121168,0.0373078,-0.0632863,0.418594,0.112939,-2.26838e-12,0.326812,-0.183496,6.46184e-12,-0.00578526,0.150358,-1.56845e-11,-0.0445399,-0.145473,0.0741379
3.979,0.17003,0.0392388,0.241817,-0.122677,0.0379273,-0.0626749,0.418594,0.112939,-2.26838e-12,0.326812,-0.183496,6.46184e-12,-0.00578526,0.150358,-1.56845e-11,-0.0442127,-0.145457,0.0743319
3.98,0.170109,0.0395276,0.241861,-0.12419,0.0385463,-0.0620681,0.418594,0.112939,-2.26838e-12,0.326812,-0.183496,6.46184e-12,-0.00578526,0.150358,-1.56845e-11,-0.0438837,-0.145441,0.0745239
3.981,0.170189,0.0398165,0.241905,-0.125708,0.039165,-0.061466,0.418594,0.112939,-2.26838e-12,0.326812,-0.183496,6.46184e-12,-0.00578526,0.150358,-1.56845e-11,-0.043553,-0.145425,0.0747137
3.982,0.170268,0.0401055,0.241948,-0.127229,0.0397832,-0.0608686,0.418594,0.112939,-2.26838e-12,0.326812,-0.183496,6.46184e-12,-0.00578526,0.150358,-1.56845e-11,-0.0432207,-0.14541,0.0749013
3.983,0.170349,0.0403946,0.24199,-0.128754,0.0404008,-0.0602762,0.418594,0.112939,-2.26838e-12,0.326812,-0.183496,6.46184e-12,-0.00578526,0.150358,-1.56845e-11,-0.0428866,-0.145394,0.0750868
3.984,0.170429,0.0406837,0.242031,-0.130283,0.0410179,-0.0596888,0.418594,0.112939,-2.26838e-12,0.326812,-0.183496,6.46184e-12,-0.00578526,0.150358,-1.56845e-11,-0.0425509,-0.145377,0.0752701
3.985,0.17051,0.0409729,0.242072,-0.131816,0.0416343,-0.0591066,0.418594,0.112939,-2.26838e-12,0.326812,-0.183496,6.46184e-12,-0.00578526,0.150358,-1.56845e-11,-0.0422135,-0.145361,0.0754511
3.986,0.170591,0.0412621,0.242112,-0.133352,0.04225,-0.0585297,0.418594,0.112939,-2.26838e-12,0.326812,-0.183496,6.46184e-12,-0.00578526,0.150358,-1.56845e-11,-0.0418743,-0.145345,0.07563
3.987,0.170673,0.0415514,0.242151,-0.134891,0.042865,-0.0579583,0.418594,0.112939,-2.26838e-12,0.326812,-0.183496,6.46184e-12,-0.00578526,0.150358,-1.56845e-11,-0.0415335,-0.145329,0.0758066
3.988,0.170755,0.0418407,0.242189,-0.136434,0.0434792,-0.0573924,0.418594,0.112939,-2.26838e-12,0.326812,-0.183496,6.46184e-12,-0.00578526,0.150358,-1.56845e-11,-0.0411909,-0.145312,0.0759809
3.989,0.170838,0.0421301,0.242227,-0.13798,0.0440925,-0.0568322,0.418594,0.112939,-2.26838e-12,0.326812,-0.183496,6.46184e-12,-0.00578526,0.150358,-1.56845e-11,-0.0408466,-0.145296,0.0761529
3.99,0.17092,0.0424195,0.242263,-0.13953,0.0447048,-0.0562778,0.418594,0.112939,-2.26838e-12,0.326812,-0.183496,6.46184e-12,-0.00578526,0.150358,-1.56845e-11,-0.0405006,-0.145279,0.0763227
3.991,0.171003,0.042709,0.242299,-0.141082,0.0453162,-0.0557293,0.418594,0.112939,-2.26838e-12,0.326812,-0.183496,6.46184e-12,-0.00578526,0.150358,-1.56845e-11,-0.0401529,-0.145263,0.0764901
3.992,0.171087,0.0429985,0.242334,-0.142637,0.0459265,-0.055187,0.418594,0.112939,-2.26838e-12,0.326812,-0.183496,6.46184e-12,-0.00578526,0.150358,-1.56845e-11,-0.0398034,-0.145246,0.0766552
3.993,0.171171,0.043288,0.242368,-0.144195,0.0465358,-0.0546508,0.418594,0.112939,-2.26838e-12,0.326812,-0.183496,6.46184e-12,-0.00578526,0.150358,-1.56845e-11,-0.0394523,-0.145229,0.076818
3.994,0.171255,0.0435776,0.242402,-0.145755,0.0471439,-0.0541209,0.418594,0.112939,-2.26838e-12,0.326812,-0.183496,6.46184e-12,-0.00578526,0.150358,-1.56845e-11,-0.0390993,-0.145212,0.0769784
3.995,0.171339,0.0438671,0.242434,-0.147318,0.0477507,-0.0535974,0.418594,0.112939,-2.26838e-12,0.326812,-0.183496,6.46184e-12,-0.00578526,0.150358,-1.56845e-11,-0.0387447,-0.145195,0.0771364
3.996,0.171424,0.0441567,0.242466,-0.148884,0.0483563,-0.0530806,0.418594,0.112939,-2.26838e-12,0.326812,-0.183496,6.46184e-12,-0.00578526,0.150358,-1.56845e-11,-0.0383883,-0.145178,0.077292
3.997,0.17151,0.0444463,0.242497,-0.150451,0.0489606,-0.0525704,0.418594,0.112939,-2.26838e-12,0.326812,-0.183496,6.46184e-12,-0.00578526,0.150358,-1.56845e-11,-0.0380301,-0.145161,0.0774452
3.998,0.171595,0.0447359,0.242526,-0.152021,0.0495635,-0.052067,0.418594,0.112939,-2.26838e-12,0.326812,-0.183496,6.46184e-12,-0.00578526,0.150358,-1.56845e-11,-0.0376702,-0.145144,0.0775959
3.999,0.171681,0.0450256,0.242555,-0.153594,0.050165,-0.0515706,0.418594,0.112939,-2.26838e-12,0.326812,-0.183496,6.46184e-12,-0.00578526,0.150358,-1.56845e-11,-0.0373085,-0.145126,0.0777442
4,0.171767,0.0453152,0.242584,-0.155168,0.0507649,-0.0510813,0.418594,0.112939,-2.26838e-12,0.326812,-0.183496,6.46184e-12,-0.00578526,0.150358,-1.56845e-11,-0.0369451,-0.145109,0.07789
4.001,0.171854,0.0456048,0.242611,-0.156744,0.0513633,-0.0505991,0.418594,0.112939,-2.26838e-12,0.326812,-0.183496,6.46184e-12,-0.00578526,0.150358,-1.56845e-11,-0.0365799,-0.145091,0.0780333
4.002,0.171941,0.0458944,0.242637,-0.158322,0.0519601,-0.0501241,0.418594,0.112939,-2.26838e-12,0.326812,-0.183496,6.46184e-12,-0.00578526,0.150358,-1.56845e-11,-0.036213,-0.145074,0.0781741
4.003,0.172029,0.046184,0.242663,-0.159901,0.0525553,-0.0496563,0.418594,0.112939,-2.26838e-12,0.326812,-0.183496,6.46184e-12,-0.00578526,0.150358,-1.56845e-11,-0.0358442,-0.145056,0.0783124
4.004,0.172116,0.0464736,0.242687,-0.161483,0.0531487,-0.0491955,0.418594,0.112939,-2.26838e-12,0.326812,-0.183496,6.46184e-12,-0.00578526,0.150358,-1.56845e-11,-0.0354737,-0.145038,0.0784481
4.005,0.172204,0.0467631,0.242711,-0.163066,0.0537403,-0.0487418,0.418594,0.112939,-2.26838e-12,0.326812,-0.183496,6.46184e-12,-0.00578526,0.150358,-1.56845e-11,-0.0351014,-0.14502,0.0785813
4.006,0.172293,0.0470527,0.242734,-0.16465,0.0543302,-0.0482951,0.418594,0.112939,-2.26838e-12,0.326812,-0.183496,6.46184e-12,-0.00578526,0.150358,-1.56845e-11,-0.0347273,-0.145003,0.0787119
4.007,0.172382,0.0473421,0.242756,-0.166236,0.0549181,-0.0478555,0.418594,0.112939,-2.26838e-12,0.326812,-0.183496,6.46184e-12,-0.00578526,0.150358,-1.56845e-11,-0.0343515,-0.144985,0.0788399
4.008,0.172471,0.0476316,0.242777,-0.167823,0.0555041,-0.0474227,0.418594,0.112939,-2.26838e-12,0.326812,-0.183496,6.46184e-12,-0.00578526,0.150358,-1.56845e-11,-0.0339738,-0.144966,0.0789653
4.009,0.17256,0.0479209,0.242797,-0.169412,0.0560881,-0.0469969,0.418594,0.112939,-2.26838e-12,0.326812,-0.183496,6.46184e-12,-0.00578526,0.150358,-1.56845e-11,-0.0335944,-0.144948,0.079088
4.01,0.17265,0.0482103,0.242816,-0.171002,0.0566701,-0.046578,0.418594,0.112939,-2.26838e-12,0.326812,-0.183496,6.46184e-12,-0.00578526,0.150358,-1.56845e-11,-0.0332131,-0.14493,0.0792081
4.011,0.17274,0.0484995,0.242835,-0.172593,0.05725,-0.0461659,0.418594,0.112939,-2.26838e-12,0.326812,-0.183496,6.46184e-12,-0.00578526,0.150358,-1.56845e-11,-0.03283,-0.144912,0.0793256
4.012,0.17283,0.0487887,0.242852,-0.174185,0.0578277,-0.0457607,0.418594,0.112939,-2.26838e-12,0.326812,-0.183496,6.46184e-12,-0.00578526,0.150358,-1.56845e-11,-0.0324452,-0.144893,0.0794403
4.013,0.172921,0.0490778,0.242869,-0.175778,0.0584032,-0.0453622,0.418594,0.112939,-2.26838e-12,0.326812,-0.183496,6.46184e-12,-0.00578526,0.150358,-1.56845e-11,-0.0320585,-0.144875,0.0795524
4.014,0.173012,0.0493668,0.242885,-0.177372,0.0589764,-0.0449704,0.418594,0.112939,-2.26838e-12,0.326812,-0.183496,6.46184e-12,-0.00578526,0.150358,-1.56845e-11,-0.03167,-0.144856,0.0796617
4.015,0.173104,0.0496558,0.2429,-0.178968,0.0595474,-0.0445854,0.418594,0.112939,-2.26838e-12,0.326812,-0.183496,6.46184e-12,-0.00578526,0.150358,-1.56845e-11,-0.0312797,-0.144837,0.0797683
4.016,0.173195,0.0499446,0.242914,-0.180563,0.0601159,-0.0442071,0.418594,0.112939,-2.26838e-12,0.326812,-0.183496,6.46184e-12,-0.00578526,0.150358,-1.56845e-11,-0.0308875,-0.144819,0.0798721
4.017,0.173288,0.0502333,0.242927,-0.18216,0.0606821,-0.0438354,0.418594,0.112939,-2.26838e-12,0.326812,-0.183496,6.46184e-12,-0.00578526,0.150358,-1.56845e-11,-0.0304936,-0.1448,0.0799732
4.018,0.17338,0.050522,0.242939,-0.183758,0.0612457,-0.0434702,0.418594,0.112939,-2.26838e-12,0.326812,-0.183496,6.46184e-12,-0.00578526,0.150358,-1.56845e-11,-0.0300977,-0.144781,0.0800715
4.019,0.173473,0.0508105,0.24295,-0.185356,0.0618069,-0.0431117,0.418594,0.112939,-2.26838e-12,0.326812,-0.183496,6.46184e-12,-0.00578526,0.150358,-1.56845e-11,-0.0297001,-0.144762,0.0801669
4.02,0.173566,0.0510989,0.242961,-0.186954,0.0623654,-0.0427597,0.418594,0.112939,-2.26838e-12,0.326812,-0.183496,6.46184e-12,-0.00578526,0.150358,-1.56845e-11,-0.0293006,-0.144742,0.0802595
4.021,0.173659,0.0513871,0.242971,-0.188553,0.0629213,-0.0424142,0.418594,0.112939,-2.26838e-12,0.326812,-0.183496,6.46184e-12,-0.00578526,0.150358,-1.56845e-11,-0.0288993,-0.144723,0.0803493
4.022,0.173753,0.0516753,0.24298,-0.190152,0.0634745,-0.0420752,0.418594,0.112939,-2.26838e-12,0.326812,-0.183496,6.46184e-12,-0.00578526,0.150358,-1.56845e-11,-0.0284961,-0.144704,0.0804363
4.023,0.173847,0.0519632,0.242988,-0.191752,0.0640249,-0.0417426,0.418594,0.112939,-2.26838e-12,0.326812,-0.183496,6.46184e-12,-0.00578526,0.150358,-1.56845e-11,-0.0280911,-0.144685,0.0805203
4.024,0.173941,0.0522511,0.242995,-0.193352,0.0645726,-0.0414163,0.418594,0.112939,-2.26838e-12,0.326812,-0.183496,6.46184e-12,-0.00578526,0.150358,-1.56845e-11,-0.0276842,-0.144665,0.0806015
4.025,0.174035,0.0525388,0.243001,-0.194952,0.0651174,-0.0410965,0.418594,0.112939,-2.26838e-12,0.326812,-0.183496,6.46184e-12,-0.00578526,0.150358,-1.56845e-11,-0.0272754,-0.144645,0.0806797
4.026,0.17413,0.0528263,0.243006,-0.196553,0.0656592,-0.0407829,0.418594,0.112939,-2.26838e-12,0.326812,-0.183496,6.46184e-12,-0.00578526,0.150358,-1.56845e-11,-0.0268648,-0.144626,0.080755
4.027,0.174225,0.0531137,0.243011,-0.198153,0.0661981,-0.0404757,0.418594,0.112939,-2.26838e-12,0.326812,-0.183496,6.46184e-12,-0.00578526,0.150358,-1.56845e-11,-0.0264523,-0.144606,0.0808274
4.028,0.174321,0.0534008,0.243014,-0.199753,0.066734,-0.0401747,0.418594,0.112939,-2.26838e-12,0.326812,-0.183496,6.46184e-12,-0.00578526,0.150358,-1.56845e-11,-0.0260379,-0.144586,0.0808968
4.029,0.174416,0.0536879,0.243017,-0.201353,0.0672668,-0.0398799,0.418594,0.112939,-2.26838e-12,0.326812,-0.183496,6.46184e-12,-0.00578526,0.150358,-1.56845e-11,-0.0256217,-0.144566,0.0809632
4.03,0.174512,0.0539747,0.243019,-0.202954,0.0677965,-0.0395913,0.418594,0.112939,-2.26838e-12,0.326812,-0.183496,6.46184e-12,-0.00578526,0.150358,-1.56845e-11,-0.0252036,-0.144546,0.0810266
4.031,0.174609,0.0542613,0.24302,-0.204553,0.0683229,-0.0393089,0.418594,0.112939,-2.26838e-12,0.326812,-0.183496,6.46184e-12,-0.00578526,0.150358,-1.56845e-11,-0.0247836,-0.144526,0.081087
4.032,0.174705,0.0545478,0.243021,-0.206153,0.0688462,-0.0390326,0.418594,0.112939,-2.26838e-12,0.326812,-0.183496,6.46184e-12,-0.00578526,0.150358,-1.56845e-11,-0.0243617,-0.144506,0.0811443
4.033,0.174802,0.054834,0.24302,-0.207752,0.0693661,-0.0387623,0.418594,0.112939,-2.26838e-12,0.326812,-0.183496,6.46184e-12,-0.00578526,0.150358,-1.56845e-11,-0.0239379,-0.144485,0.0811986
4.034,0.174899,0.05512,0.243019,-0.209351,0.0698827,-0.0384981,0.418594,0.112939,-2.26838e-12,0.326812,-0.183496,6.46184e-12,-0.00578526,0.150358,-1.56845e-11,-0.0235122,-0.144465,0.0812498
4.035,0.174997,0.0554058,0.243016,-0.210949,0.0703959,-0.0382399,0.418594,0.112939,-2.26838e-12,0.326812,-0.183496,6.46184e-12,-0.00578526,0.150358,-1.56845e-11,-0.0230846,-0.144445,0.081298
4.036,0.175095,0.0556914,0.243013,-0.212546,0.0709056,-0.0379877,0.418594,0.112939,-2.26838e-12,0.326812,-0.183496,6.46184e-12,-0.00578526,0.150358,-1.56845e-11,-0.0226551,-0.144424,0.081343
4.037,0.175193,0.0559768,0.243009,-0.214143,0.0714118,-0.0377414,0.418594,0.112939,-2.26838e-12,0.326812,-0.183496,6.46184e-12,-0.00578526,0.150358,-1.56845e-11,-0.0222237,-0.144403,0.0813849
4.038,0.175291,0.0562619,0.243004,-0.215739,0.0719144,-0.037501,0.418594,0.112939,-2.26838e-12,0.326812,-0.183496,6.46184e-12,-0.00578526,0.150358,-1.56845e-11,-0.0217904,-0.144383,0.0814237
4.039,0.17539,0.0565468,0.242999,-0.217335,0.0724135,-0.0372665,0.418594,0.112939,-2.26838e-12,0.326812,-0.183496,6.46184e-12,-0.00578526,0.150358,-1.56845e-11,-0.0213552,-0.144362,0.0814593
4.04,0.175488,0.0568314,0.242992,-0.218929,0.0729088,-0.0370378,0.418594,0.112939,-2.26838e-12,0.326812,-0.183496,6.46184e-12,-0.00578526,0.150358,-1.56845e-11,-0.020918,-0.144341,0.0814917
4.041,0.175588,0.0571158,0.242985,-0.220523,0.0734004,-0.0368149,0.418594,0.112939,-2.26838e-12,0.326812,-0.183496,6.46184e-12,-0.00578526,0.150358,-1.56845e-11,-0.0204789,-0.14432,0.0815209
4.042,0.175687,0.0573999,0.242977,-0.222115,0.0738882,-0.0365978,0.418594,0.112939,-2.26838e-12,0.326812,-0.183496,6.46184e-12,-0.00578526,0.150358,-1.56845e-11,-0.0200379,-0.144299,0.0815469
4.043,0.175787,0.0576838,0.242967,-0.223707,0.0743722,-0.0363863,0.418594,0.112939,-2.26838e-12,0.326812,-0.183496,6.46184e-12,-0.00578526,0.150358,-1.56845e-11,-0.019595,-0.144277,0.0815697
4.044,0.175886,0.0579673,0.242958,-0.225297,0.0748523,-0.0361806,0.418594,0.112939,-2.26838e-12,0.326812,-0.183496,6.46184e-12,-0.00578526,0.150358,-1.56845e-11,-0.0191501,-0.144256,0.0815892
4.045,0.175987,0.0582506,0.242947,-0.226886,0.0753285,-0.0359806,0.418594,0.112939,-2.26838e-12,0.326812,-0.183496,6.46184e-12,-0.00578526,0.150358,-1.56845e-11,-0.0187032,-0.144235,0.0816055
4.046,0.176087,0.0585336,0.242935,-0.228474,0.0758006,-0.0357861,0.418594,0.112939,-2.26838e-12,0.326812,-0.183496,6.46184e-12,-0.00578526,0.150358,-1.56845e-11,-0.0182545,-0.144213,0.0816185
4.047,0.176188,0.0588164,0.242923,-0.23006,0.0762687,-0.0355973,0.418594,0.112939,-2.26838e-12,0.326812,-0.183496,6.46184e-12,-0.00578526,0.150358,-1.56845e-11,-0.0178037,-0.144192,0.0816281
4.048,0.176289,0.0590988,0.24291,-0.231645,0.0767326,-0.035414,0.418594,0.112939,-2.26838e-12,0.326812,-0.183496,6.46184e-12,-0.00578526,0.150358,-1.56845e-11,-0.0173511,-0.14417,0.0816345
4.049,0.17639,0.0593809,0.242896,-0.233229,0.0771924,-0.0352362,0.418594,0.112939,-2.26838e-12,0.326812,-0.183496,6.46184e-12,-0.00578526,0.150358,-1.56845e-11,-0.0168964,-0.144148,0.0816375
4.05,0.176491,0.0596627,0.242881,-0.23481,0.077648,-0.0350639,0.418594,0.112939,-2.26838e-12,0.326812,-0.183496,6.46184e-12,-0.00578526,0.150358,-1.56845e-11,-0.0164405,-0.144126,0.0816372
4.051,0.176593,0.0599442,0.242865,-0.236391,0.0780993,-0.0348971,0.418594,0.112939,-2.26838e-12,0.326812,-0.183496,6.46184e-12,-0.00578526,0.150358,-1.56845e-11,-0.0159863,-0.144104,0.0816335
4.052,0.176695,0.0602254,0.242849,-0.237969,0.0785463,-0.0347356,0.418594,0.112939,-2.26838e-12,0.326812,-0.183496,6.46184e-12,-0.00578526,0.150358,-1.56845e-11,-0.015534,-0.144083,0.0816265
4.053,0.176797,0.0605062,0.242831,-0.239546,0.0789889,-0.0345796,0.418594,0.112939,-2.26838e-12,0.326812,-0.183496,6.46184e-12,-0.00578526,0.150358,-1.56845e-11,-0.0150837,-0.144061,0.0816161
4.054,0.176899,0.0607867,0.242813,-0.24112,0.079427,-0.0344288,0.418594,0.112939,-2.26838e-12,0.326812,-0.183496,6.46184e-12,-0.00578526,0.150358,-1.56845e-11,-0.0146353,-0.14404,0.0816025
4.055,0.177002,0.0610669,0.242794,-0.242693,0.0798607,-0.0342834,0.418594,0.112939,-2.26838e-12,0.326812,-0.183496,6.46184e-12,-0.00578526,0.150358,-1.56845e-11,-0.0141888,-0.144018,0.0815856
4.056,0.177105,0.0613467,0.242774,-0.244264,0.0802898,-0.0341433,0.418594,0.112939,-2.26838e-12,0.326812,-0.183496,6.46184e-12,-0.00578526,0.150358,-1.56845e-11,-0.0137443,-0.143997,0.0815654
4.057,0.177208,0.0616261,0.242753,-0.245833,0.0807143,-0.0340084,0.418594,0.112939,-2.26838e-12,0.326812,-0.183496,6.46184e-12,-0.00578526,0.150358,-1.56845e-11,-0.0133018,-0.143976,0.081542
4.058,0.177311,0.0619052,0.242732,-0.247399,0.0811342,-0.0338786,0.418594,0.112939,-2.26838e-12,0.326812,-0.183496,6.46184e-12,-0.00578526,0.150358,-1.56845e-11,-0.0128611,-0.143955,0.0815154
4.059,0.177415,0.062184,0.24271,-0.248964,0.0815493,-0.0337541,0.418594,0.112939,-2.26838e-12,0.326812,-0.183496,6.46184e-12,-0.00578526,0.150358,-1.56845e-11,-0.0124224,-0.143934,0.0814855
4.06,0.177519,0.0624623,0.242687,-0.250526,0.0819597,-0.0336347,0.418594,0.112939,-2.26838e-12,0.326812,-0.183496,6.46184e-12,-0.00578526,0.150358,-1.56845e-11,-0.0119857,-0.143913,0.0814525
4.061,0.177623,0.0627403,0.242663,-0.252086,0.0823653,-0.0335204,0.418594,0.112939,-2.26838e-12,0.326812,-0.183496,6.46184e-12,-0.00578526,0.150358,-1.56845e-11,-0.0115508,-0.143892,0.0814163
4.062,0.177727,0.0630179,0.242638,-0.253643,0.0827659,-0.0334111,0.418594,0.112939,-2.26838e-12,0.326812,-0.183496,6.46184e-12,-0.00578526,0.150358,-1.56845e-11,-0.0111179,-0.143871,0.0813769
4.063,0.177832,0.0632951,0.242612,-0.255198,0.0831617,-0.0333069,0.418594,0.112939,-2.26838e-12,0.326812,-0.183496,6.46184e-12,-0.00578526,0.150358,-1.56845e-11,-0.0106868,-0.14385,0.0813344
4.064,0.177936,0.0635718,0.242586,-0.25675,0.0835525,-0.0332076,0.418594,0.112939,-2.26838e-12,0.326812,-0.183496,6.46184e-12,-0.00578526,0.150358,-1.56845e-11,-0.0102577,-0.14383,0.0812887
4.065,0.178041,0.0638482,0.242559,-0.258299,0.0839382,-0.0331133,0.418594,0.112939,-2.26838e-12,0.326812,-0.183496,6.46184e-12,-0.00578526,0.150358,-1.56845e-11,-0.0098305,-0.143809,0.08124
4.066,0.178146,0.0641242,0.242531,-0.259846,0.0843188,-0.0330239,0.418594,0.112939,-2.26838e-12,0.326812,-0.183496,6.46184e-12,-0.00578526,0.150358,-1.56845e-11,-0.00940519,-0.143789,0.0811881
4.067,0.178252,0.0643998,0.242502,-0.26139,0.0846943,-0.0329395,0.418594,0.112939,-2.26838e-12,0.326812,-0.183496,6.46184e-12,-0.00578526,0.150358,-1.56845e-11,-0.00898177,-0.143769,0.0811332
4.068,0.178357,0.0646749,0.242472,-0.262931,0.0850646,-0.0328598,0.418594,0.112939,-2.26838e-12,0.326812,-0.183496,6.46184e-12,-0.00578526,0.150358,-1.56845e-11,-0.00856025,-0.143749,0.0810753
4.069,0.178463,0.0649496,0.242442,-0.264469,0.0854297,-0.032785,0.418594,0.112939,-2.26838e-12,0.326812,-0.183496,6.46184e-12,-0.00578526,0.150358,-1.56845e-11,-0.00814062,-0.143728,0.0810143
4.07,0.178569,0.0652239,0.242411,-0.266005,0.0857894,-0.0327149,0.418594,0.112939,-2.26838e-12,0.326812,-0.183496,6.46184e-12,-0.00578526,0.150358,-1.56845e-11,-0.00772287,-0.143708,0.0809503
4.071,0.178675,0.0654977,0.242379,-0.267537,0.0861437,-0.0326496,0.418594,0.112939,-2.26838e-12,0.326812,-0.183496,6.46184e-12,-0.00578526,0.150358,-1.56845e-11,-0.007307,-0.143689,0.0808833
4.072,0.178782,0.0657711,0.242346,-0.269066,0.0864927,-0.032589,0.418594,0.112939,-2.26838e-12,0.326812,-0.183496,6.46184e-12,-0.00578526,0.150358,-1.56845e-11,-0.00689301,-0.143669,0.0808133
4.073,0.178888,0.066044,0.242312,-0.270592,0.0868362,-0.0325331,0.418594,0.112939,-2.26838e-12,0.326812,-0.183496,6.46184e-12,-0.00578526,0.150358,-1.56845e-11,-0.00648089,-0.143649,0.0807404
4.074,0.178995,0.0663164,0.242278,-0.272114,0.0871741,-0.0324818,0.418594,0.112939,-2.26838e-12,0.326812,-0.183496,6.46184e-12,-0.00578526,0.150358,-1.56845e-11,-0.00607064,-0.143629,0.0806645
4.075,0.179102,0.0665884,0.242242,-0.273633,0.0875065,-0.0324352,0.418594,0.112939,-2.26838e-12,0.326812,-0.183496,6.46184e-12,-0.00578526,0.150358,-1.56845e-11,-0.00566225,-0.14361,0.0805857
4.076,0.179209,0.0668599,0.242206,-0.275149,0.0878332,-0.0323931,0.418594,0.112939,-2.26838e-12,0.326812,-0.183496,6.46184e-12,-0.00578526,0.150358,-1.56845e-11,-0.00525572,-0.14359,0.0805039
4.077,0.179317,0.0671309,0.24217,-0.276661,0.0881542,-0.0323555,0.418594,0.112939,-2.26838e-12,0.326812,-0.183496,6.46184e-12,-0.00578526,0.150358,-1.56845e-11,-0.00485106,-0.143571,0.0804193
4.078,0.179424,0.0674015,0.242132,-0.27817,0.0884695,-0.0323224,0.418594,0.112939,-2.26838e-12,0.326812,-0.183496,6.46184e-12,-0.00578526,0.150358,-1.56845e-11,-0.00444824,-0.143552,0.0803318
4.079,0.179532,0.0676715,0.242093,-0.279675,0.088779,-0.0322938,0.418594,0.112939,-2.26838e-12,0.326812,-0.183496,6.46184e-12,-0.00578526,0.150358,-1.56845e-11,-0.00404727,-0.143532,0.0802415
4.08,0.17964,0.0679411,0.242054,-0.281176,0.0890827,-0.0322696,0.418594,0.112939,-2.26838e-12,0.326812,-0.183496,6.46184e-12,-0.00578526,0.150358,-1.56845e-11,-0.00364815,-0.143513,0.0801483
4.081,0.179748,0.0682101,0.242014,-0.282673,0.0893804,-0.0322498,0.418594,0.112939,-2.26838e-12,0.326812,-0.183496,6.46184e-12,-0.00578526,0.150358,-1.56845e-11,-0.00325087,-0.143494,0.0800523
4.082,0.179856,0.0684786,0.241973,-0.284167,0.0896721,-0.0322344,0.418594,0.112939,-2.26838e-12,0.326812,-0.183496,6.46184e-12,-0.00578526,0.150358,-1.56845e-11,-0.00285542,-0.143475,0.0799534
4.083,0.179965,0.0687466,0.241932,-0.285656,0.0899579,-0.0322233,0.418594,0.112939,-2.26838e-12,0.326812,-0.183496,6.46184e-12,-0.00578526,0.150358,-1.56845e-11,-0.0024618,-0.143456,0.0798518
4.084,0.180074,0.0690141,0.241889,-0.287142,0.0902376,-0.0322164,0.418594,0.112939,-2.26838e-12,0.326812,-0.183496,6.46184e-12,-0.00578526,0.150358,-1.56845e-11,-0.00207002,-0.143438,0.0797474
4.085,0.180182,0.0692811,0.241846,-0.288624,0.0905111,-0.0322139,0.418594,0.112939,-2.26838e-12,0.326812,-0.183496,6.46184e-12,-0.00578526,0.150358,-1.56845e-11,-0.00168006,-0.143419,0.0796403
4.086,0.180291,0.0695475,0.241802,-0.290101,0.0907785,-0.0322155,0.418594,0.112939,-2.26838e-12,0.326812,-0.183496,6.46184e-12,-0.00578526,0.150358,-1.56845e-11,-0.00129192,-0.1434,0.0795304
4.087,0.180401,0.0698134,0.241758,-0.291574,0.0910396,-0.0322213,0.418594,0.112939,-2.26838e-12,0.326812,-0.183496,6.46184e-12,-0.00578526,0.150358,-1.56845e-11,-0.000905592,-0.143382,0.0794179
4.088,0.18051,0.0700787,0.241712,-0.293043,0.0912945,-0.0322313,0.418594,0.112939,-2.26838e-12,0.326812,-0.183496,6.46184e-12,-0.00578526,0.150358,-1.56845e-11,-0.00052108,-0.143363,0.0793026
4.089,0.18062,0.0703434,0.241666,-0.294508,0.091543,-0.0322454,0.418594,0.112939,-2.26838e-12,0.326812,-0.183496,6.46184e-12,-0.00578526,0.150358,-1.56845e-11,-0.000138376,-0.143345,0.0791846
4.09,0.180729,0.0706076,0.241619,-0.295968,0.0917851,-0.0322636,0.418594,0.112939,-2.26838e-12,0.326812,-0.183496,6.46184e-12,-0.00578526,0.150358,-1.56845e-11,0.000242524,-0.143327,0.079064
4.091,0.180839,0.0708713,0.241571,-0.297424,0.0920207,-0.0322858,0.418594,0.112939,-2.26838e-12,0.326812,-0.183496,6.46184e-12,-0.00578526,0.150358,-1.56845e-11,0.000621623,-0.143309,0.0789407
4.092,0.180949,0.0711343,0.241522,-0.298875,0.0922499,-0.032312,0.418594,0.112939,-2.26838e-12,0.326812,-0.183496,6.46184e-12,-0.00578526,0.150358,-1.56845e-11,0.000998927,-0.14329,0.0788148
4.093,0.181059,0.0713968,0.241473,-0.300322,0.0924725,-0.0323422,0.418594,0.112939,-2.26838e-12,0.326812,-0.183496,6.46184e-12,-0.00578526,0.150358,-1.56845e-11,0.00137444,-0.143272,0.0786863
4.094,0.18117,0.0716587,0.241422,-0.301763,0.0926884,-0.0323763,0.418594,0.112939,-2.26838e-12,0.326812,-0.183496,6.46184e-12,-0.00578526,0.150358,-1.56845e-11,0.00174816,-0.143255,0.0785552
4.095,0.18128,0.0719199,0.241371,-0.3032,0.0928977,-0.0324143,0.418594,0.112939,-2.26838e-12,0.326812,-0.183496,6.46184e-12,-0.00578526,0.150358,-1.56845e-11,0.0021201,-0.143237,0.0784215
4.096,0.181391,0.0721806,0.24132,-0.304632,0.0931003,-0.0324562,0.418594,0.112939,-2.26838e-12,0.326812,-0.183496,6.46184e-12,-0.00578526,0.150358,-1.56845e-11,0.00249026,-0.143219,0.0782853
4.097,0.181502,0.0724407,0.241267,-0.30606,0.0932961,-0.0325019,0.418594,0.112939,-2.26838e-12,0.326812,-0.183496,6.46184e-12,-0.00578526,0.150358,-1.56845e-11,0.00285864,-0.143201,0.0781465
4.098,0.181612,0.0727002,0.241214,-0.307482,0.093485,-0.0325514,0.418594,0.112939,-2.26838e-12,0.326812,-0.183496,6.46184e-12,-0.00578526,0.150358,-1.56845e-11,0.00322525,-0.143184,0.0780052
4.099,0.181724,0.072959,0.24116,-0.308899,0.0936671,-0.0326047,0.418594,0.112939,-2.26838e-12,0.326812,-0.183496,6.46184e-12,-0.00578526,0.150358,-1.56845e-11,0.00359009,-0.143166,0.0778614
4.1,0.181835,0.0732172,0.241105,-0.310311,0.0938422,-0.0326617,0.418594,0.112939,-2.26838e-12,0.326812,-0.183496,6.46184e-12,-0.00578526,0.150358,-1.56845e-11,0.00395317,-0.143149,0.0777151
4.101,0.181946,0.0734748,0.241049,-0.311718,0.0940104,-0.0327224,0.418594,0.112939,-2.26838e-12,0.326812,-0.183496,6.46184e-12,-0.00578526,0.150358,-1.56845e-11,0.00431449,-0.143132,0.0775663
4.102,0.182058,0.0737317,0.240993,-0.313119,0.0941715,-0.0327868,0.418594,0.112939,-2.26838e-12,0.326812,-0.183496,6.46184e-12,-0.00578526,0.150358,-1.56845e-11,0.00467405,-0.143114,0.0774151
4.103,0.182169,0.073988,0.240936,-0.314515,0.0943257,-0.0328549,0.418594,0.112939,-2.26838e-12,0.326812,-0.183496,6.46184e-12,-0.00578526,0.150358,-1.56845e-11,0.00503186,-0.143097,0.0772614
4.104,0.182281,0.0742437,0.240878,-0.315906,0.094473,-0.0329268,0.418594,0.112939,-2.26838e-12,0.326812,-0.183496,6.46184e-12,-0.00578526,0.150358,-1.56845e-11,0.00538793,-0.14308,0.0771054
4.105,0.182393,0.0744987,0.240819,-0.317291,0.0946133,-0.0330023,0.418594,0.112939,-2.26838e-12,0.326812,-0.183496,6.46184e-12,-0.00578526,0.150358,-1.56845e-11,0.00574225,-0.143063,0.0769469
4.106,0.182505,0.074753,0.24076,-0.31867,0.0947467,-0.0330816,0.418594,0.112939,-2.26838e-12,0.326812,-0.183496,6.46184e-12,-0.00578526,0.150358,-1.56845e-11,0.00609482,-0.143046,0.076786
4.107,0.182617,0.0750067,0.2407,-0.320043,0.0948732,-0.0331646,0.418594,0.112939,-2.26838e-12,0.326812,-0.183496,6.46184e-12,-0.00578526,0.150358,-1.56845e-11,0.00644567,-0.143029,0.0766228
4.108,0.18273,0.0752597,0.240639,-0.321411,0.0949928,-0.0332514,0.418594,0.112939,-2.26838e-12,0.326812,-0.183496,6.46184e-12,-0.00578526,0.150358,-1.56845e-11,0.00679478,-0.143013,0.0764572
4.109,0.182842,0.0755121,0.240578,-0.322772,0.0951056,-0.033342,0.418594,0.112939,-2.26838e-12,0.326812,-0.183496,6.46184e-12,-0.00578526,0.150358,-1.56845e-11,0.00714216,-0.142996,0.0762893
4.11,0.182954,0.0757637,0.240516,-0.324127,0.0952115,-0.0334363,0.418594,0.112939,-2.26838e-12,0.326812,-0.183496,6.46184e-12,-0.00578526,0.150358,-1.56845e-11,0.00748782,-0.14298,0.0761191
4.111,0.183067,0.0760147,0.240453,-0.325476,0.0953106,-0.0335344,0.418594,0.112939,-2.26838e-12,0.326812,-0.183496,6.46184e-12,-0.00578526,0.150358,-1.56845e-11,0.00783176,-0.142963,0.0759466
4.112,0.18318,0.076265,0.24039,-0.326819,0.0954029,-0.0336363,0.418594,0.112939,-2.26838e-12,0.326812,-0.183496,6.46184e-12,-0.00578526,0.150358,-1.56845e-11,0.00817399,-0.142947,0.0757718
4.113,0.183293,0.0765146,0.240325,-0.328155,0.0954884,-0.033742,0.418594,0.112939,-2.26838e-12,0.326812,-0.183496,6.46184e-12,-0.00578526,0.150358,-1.56845e-11,0.0085145,-0.14293,0.0755948
4.114,0.183406,0.0767635,0.240261,-0.329484,0.0955671,-0.0338515,0.418594,0.112939,-2.26838e-12,0.326812,-0.183496,6.46184e-12,-0.00578526,0.150358,-1.56845e-11,0.0088533,-0.142914,0.0754155
4.115,0.183519,0.0770117,0.240195,-0.330807,0.095639,-0.0339648,0.418594,0.112939,-2.26838e-12,0.326812,-0.183496,6.46184e-12,-0.00578526,0.150358,-1.56845e-11,0.0091904,-0.142898,0.075234
4.116,0.183632,0.0772591,0.240129,-0.332123,0.0957042,-0.034082,0.418594,0.112939,-2.26838e-12,0.326812,-0.183496,6.46184e-12,-0.00578526,0.150358,-1.56845e-11,0.00952581,-0.142882,0.0750503
4.117,0.183746,0.0775059,0.240062,-0.333432,0.0957626,-0.0342029,0.418594,0.112939,-2.26838e-12,0.326812,-0.183496,6.46184e-12,-0.00578526,0.150358,-1.56845e-11,0.00985951,-0.142866,0.0748644
4.118,0.183859,0.0777519,0.239995,-0.334734,0.0958144,-0.0343277,0.418594,0.112939,-2.26838e-12,0.326812,-0.183496,6.46184e-12,-0.00578526,0.150358,-1.56845e-11,0.0101915,-0.14285,0.0746763
4.119,0.183972,0.0779973,0.239927,-0.336028,0.0958594,-0.0344564,0.418594,0.112939,-2.26838e-12,0.326812,-0.183496,6.46184e-12,-0.00578526,0.150358,-1.56845e-11,0.0105219,-0.142834,0.0744861
4.12,0.184086,0.0782419,0.239859,-0.337316,0.0958978,-0.0345889,0.418594,0.112939,-2.26838e-12,0.326812,-0.183496,6.46184e-12,-0.00578526,0.150358,-1.56845e-11,0.0108505,-0.142818,0.0742938
4.121,0.1842,0.0784857,0.23979,-0.338596,0.0959295,-0.0347253,0.418594,0.112939,-2.26838e-12,0.326812,-0.183496,6.46184e-12,-0.00578526,0.150358,-1.56845e-11,0.0111775,-0.142803,0.0740993
4.122,0.184314,0.0787288,0.23972,-0.339869,0.0959545,-0.0348656,0.418594,0.112939,-2.26838e-12,0.326812,-0.183496,6.46184e-12,-0.00578526,0.150358,-1.56845e-11,0.0115027,-0.142787,0.0739027
4.123,0.184428,0.0789712,0.23965,-0.341134,0.095973,-0.0350098,0.418594,0.112939,-2.26838e-12,0.326812,-0.183496,6.46184e-12,-0.00578526,0.150358,-1.56845e-11,0.0118264,-0.142772,0.0737041
4.124,0.184542,0.0792128,0.239579,-0.342392,0.0959848,-0.0351578,0.418594,0.112939,-2.26838e-12,0.326812,-0.183496,6.46184e-12,-0.00578526,0.150358,-1.56845e-11,0.0121483,-0.142756,0.0735033
4.125,0.184656,0.0794537,0.239507,-0.343642,0.09599,-0.0353098,0.418594,0.112939,-2.26838e-12,0.326812,-0.183496,6.46184e-12,-0.00578526,0.150358,-1.56845e-11,0.0124686,-0.142741,0.0733006
4.126,0.18477,0.0796938,0.239435,-0.344884,0.0959886,-0.0354657,0.418594,0.112939,-2.26838e-12,0.326812,-0.183496,6.46184e-12,-0.00578526,0.150358,-1.56845e-11,0.0127872,-0.142726,0.0730958
4.127,0.184884,0.0799331,0.239363,-0.346118,0.0959807,-0.0356255,0.418594,0.112939,-2.26838e-12,0.326812,-0.183496,6.46184e-12,-0.00578526,0.150358,-1.56845e-11,0.0131042,-0.14271,0.0728889
4.128,0.184999,0.0801717,0.23929,-0.347343,0.0959662,-0.0357892,0.418594,0.112939,-2.26838e-12,0.326812,-0.183496,6.46184e-12,-0.00578526,0.150358,-1.56845e-11,0.0134195,-0.142695,0.0726801
4.129,0.185113,0.0804095,0.239216,-0.348561,0.0959452,-0.0359569,0.418594,0.112939,-2.26838e-12,0.326812,-0.183496,6.46184e-12,-0.00578526,0.150358,-1.56845e-11,0.0137332,-0.14268,0.0724693
4.13,0.185228,0.0806465,0.239142,-0.34977,0.0959177,-0.0361285,0.418594,0.112939,-2.26838e-12,0.326812,-0.183496,6.46184e-12,-0.00578526,0.150358,-1.56845e-11,0.0140452,-0.142665,0.0722566
4.131,0.185342,0.0808828,0.239068,-0.350971,0.0958836,-0.0363041,0.418594,0.112939,-2.26838e-12,0.326812,-0.183496,6.46184e-12,-0.00578526,0.150358,-1.56845e-11,0.0143556,-0.14265,0.0720419
4.132,0.185457,0.0811182,0.238992,-0.352164,0.0958431,-0.0364837,0.418594,0.112939,-2.26838e-12,0.326812,-0.183496,6.46184e-12,-0.00578526,0.150358,-1.56845e-11,0.0146644,-0.142636,0.0718253
4.133,0.185572,0.0813528,0.238917,-0.353347,0.0957962,-0.0366672,0.418594,0.112939,-2.26838e-12,0.326812,-0.183496,6.46184e-12,-0.00578526,0.150358,-1.56845e-11,0.0149715,-0.142621,0.0716068
4.134,0.185686,0.0815867,0.238841,-0.354522,0.0957428,-0.0368547,0.418594,0.112939,-2.26838e-12,0.326812,-0.183496,6.46184e-12,-0.00578526,0.150358,-1.56845e-11,0.015277,-0.142606,0.0713864
4.135,0.185801,0.0818197,0.238764,-0.355689,0.0956829,-0.0370462,0.418594,0.112939,-2.26838e-12,0.326812,-0.183496,6.46184e-12,-0.00578526,0.150358,-1.56845e-11,0.0155809,-0.142592,0.0711641
4.136,0.185916,0.082052,0.238687,-0.356846,0.0956167,-0.0372417,0.418594,0.112939,-2.26838e-12,0.326812,-0.183496,6.46184e-12,-0.00578526,0.150358,-1.56845e-11,0.0158831,-0.142577,0.07094
4.137,0.186031,0.0822834,0.23861,-0.357994,0.095544,-0.0374412,0.418594,0.112939,-2.26838e-12,0.326812,-0.183496,6.46184e-12,-0.00578526,0.150358,-1.56845e-11,0.0161837,-0.142563,0.070714
4.138,0.186146,0.082514,0.238532,-0.359133,0.095465,-0.0376448,0.418594,0.112939,-2.26838e-12,0.326812,-0.183496,6.46184e-12,-0.00578526,0.150358,-1.56845e-11,0.0164828,-0.142548,0.0704862
4.139,0.186261,0.0827437,0.238454,-0.360263,0.0953796,-0.0378524,0.418594,0.112939,-2.26838e-12,0.326812,-0.183496,6.46184e-12,-0.00578526,0.150358,-1.56845e-11,0.0167802,-0.142534,0.0702566
4.14,0.186376,0.0829727,0.238375,-0.361383,0.0952878,-0.038064,0.418594,0.112939,-2.26838e-12,0.326812,-0.183496,6.46184e-12,-0.00578526,0.150358,-1.56845e-11,0.017076,-0.14252,0.0700252
4.141,0.186492,0.0832007,0.238296,-0.362494,0.0951897,-0.0382797,0.418594,0.112939,-2.26838e-12,0.326812,-0.183496,6.46184e-12,-0.00578526,0.150358,-1.56845e-11,0.0173702,-0.142506,0.0697921
4.142,0.186607,0.083428,0.238216,-0.363595,0.0950853,-0.0384994,0.418594,0.112939,-2.26838e-12,0.326812,-0.183496,6.46184e-12,-0.00578526,0.150358,-1.56845e-11,0.0176628,-0.142492,0.0695572
4.143,0.186722,0.0836544,0.238136,-0.364687,0.0949747,-0.0387232,0.418594,0.112939,-2.26838e-12,0.326812,-0.183496,6.46184e-12,-0.00578526,0.150358,-1.56845e-11,0.0179539,-0.142478,0.0693206
4.144,0.186838,0.08388,0.238056,-0.365769,0.0948577,-0.038951,0.418594,0.112939,-2.26838e-12,0.326812,-0.183496,6.46184e-12,-0.00578526,0.150358,-1.56845e-11,0.0182433,-0.142464,0.0690823
4.145,0.186953,0.0841047,0.237975,-0.366841,0.0947345,-0.039183,0.418594,0.112939,-2.26838e-12,0.326812,-0.183496,6.46184e-12,-0.00578526,0.150358,-1.56845e-11,0.0185312,-0.14245,0.0688422
4.146,0.187068,0.0843285,0.237894,-0.367903,0.094605,-0.039419,0.418594,0.112939,-2.26838e-12,0.326812,-0.183496,6.46184e-12,-0.00578526,0.150358,-1.56845e-11,0.0188175,-0.142437,0.0686005
4.147,0.187184,0.0845515,0.237812,-0.368954,0.0944693,-0.0396592,0.418594,0.112939,-2.26838e-12,0.326812,-0.183496,6.46184e-12,-0.00578526,0.150358,-1.56845e-11,0.0191022,-0.142423,0.0683572
4.148,0.187299,0.0847736,0.237731,-0.369996,0.0943273,-0.0399034,0.418594,0.112939,-2.26838e-12,0.326812,-0.183496,6.46184e-12,-0.00578526,0.150358,-1.56845e-11,0.0193853,-0.142409,0.0681122
4.149,0.187415,0.0849948,0.237648,-0.371027,0.0941792,-0.0401518,0.418594,0.112939,-2.26838e-12,0.326812,-0.183496,6.46184e-12,-0.00578526,0.150358,-1.56845e-11,0.0196669,-0.142396,0.0678655
4.15,0.187531,0.0852151,0.237566,-0.372048,0.0940249,-0.0404043,0.418594,0.112939,-2.26838e-12,0.326812,-0.183496,6.46184e-12,-0.00578526,0.150358,-1.56845e-11,0.0199469,-0.142382,0.0676173
4.151,0.187646,0.0854346,0.237483,-0.373058,0.0938644,-0.0406609,0.418594,0.112939,-2.26838e-12,0.326812,-0.183496,6.46184e-12,-0.00578526,0.150358,-1.56845e-11,0.0202253,-0.142369,0.0673675
4.152,0.187762,0.0856531,0.2374,-0.374058,0.0936978,-0.0409217,0.418594,0.112939,-2.26838e-12,0.326812,-0.183496,6.46184e-12,-0.00578526,0.150358,-1.56845e-11,0.0205022,-0.142356,0.0671161
4.153,0.187878,0.0858708,0.237316,-0.375046,0.0935251,-0.0411867,0.418594,0.112939,-2.26838e-12,0.326812,-0.183496,6.46184e-12,-0.00578526,0.150358,-1.56845e-11,0.0207776,-0.142343,0.0668631
4.154,0.187993,0.0860875,0.237232,-0.376024,0.0933462,-0.0414558,0.418594,0.112939,-2.26838e-12,0.326812,-0.183496,6.46184e-12,-0.00578526,0.150358,-1.56845e-11,0.0210514,-0.14233,0.0666086
4.155,0.188109,0.0863034,0.237148,-0.376991,0.0931613,-0.041729,0.418594,0.112939,-2.26838e-12,0.326812,-0.183496,6.46184e-12,-0.00578526,0.150358,-1.56845e-11,0.0213236,-0.142316,0.0663526
4.156,0.188225,0.0865183,0.237064,-0.377947,0.0929702,-0.0420065,0.418594,0.112939,-2.26838e-12,0.326812,-0.183496,6.46184e-12,-0.00578526,0.150358,-1.56845e-11,0.0215943,-0.142303,0.0660951
4.157,0.188341,0.0867324,0.236979,-0.378892,0.0927731,-0.0422882,0.418594,0.112939,-2.26838e-12,0.326812,-0.183496,6.46184e-12,-0.00578526,0.150358,-1.56845e-11,0.0218635,-0.142291,0.0658361
4.158,0.188456,0.0869455,0.236894,-0.379825,0.09257,-0.042574,0.418594,0.112939,-2.26838e-12,0.326812,-0.183496,6.46184e-12,-0.00578526,0.150358,-1.56845e-11,0.0221312,-0.142278,0.0655756
4.159,0.188572,0.0871576,0.236809,-0.380747,0.0923608,-0.0428641,0.418594,0.112939,-2.26838e-12,0.326812,-0.183496,6.46184e-12,-0.00578526,0.150358,-1.56845e-11,0.0223973,-0.142265,0.0653137
4.16,0.188688,0.0873689,0.236723,-0.381657,0.0921456,-0.0431583,0.418594,0.112939,-2.26838e-12,0.326812,-0.183496,6.46184e-12,-0.00578526,0.150358,-1.56845e-11,0.0226619,-0.142252,0.0650504
4.161,0.188804,0.0875792,0.236638,-0.382556,0.0919244,-0.0434569,0.418594,0.112939,-2.26838e-12,0.326812,-0.183496,6.46184e-12,-0.00578526,0.150358,-1.56845e-11,0.022925,-0.14224,0.0647856
4.162,0.18892,0.0877885,0.236552,-0.383443,0.0916972,-0.0437596,0.418594,0.112939,-2.26838e-12,0.326812,-0.183496,6.46184e-12,-0.00578526,0.150358,-1.56845e-11,0.0231866,-0.142227,0.0645195
4.163,0.189035,0.0879969,0.236466,-0.384318,0.0914641,-0.0440666,0.418594,0.112939,-2.26838e-12,0.326812,-0.183496,6.46184e-12,-0.00578526,0.150358,-1.56845e-11,0.0234466,-0.142215,0.0642519
4.164,0.189151,0.0882044,0.236379,-0.385182,0.091225,-0.0443778,0.418594,0.112939,-2.26838e-12,0.326812,-0.183496,6.46184e-12,-0.00578526,0.150358,-1.56845e-11,0.0237052,-0.142202,0.063983
4.165,0.189267,0.0884109,0.236293,-0.386033,0.09098,-0.0446933,0.418594,0.112939,-2.26838e-12,0.326812,-0.183496,6.46184e-12,-0.00578526,0.150358,-1.56845e-11,0.0239622,-0.14219,0.0637128
4.166,0.189383,0.0886164,0.236206,-0.386872,0.0907291,-0.0450131,0.418594,0.112939,-2.26838e-12,0.326812,-0.183496,6.46184e-12,-0.00578526,0.150358,-1.56845e-11,0.0242178,-0.142178,0.0634412
4.167,0.189499,0.0888209,0.236119,-0.387699,0.0904722,-0.0453372,0.418594,0.112939,-2.26838e-12,0.326812,-0.183496,6.46184e-12,-0.00578526,0.150358,-1.56845e-11,0.0244718,-0.142166,0.0631684
4.168,0.189614,0.0890245,0.236032,-0.388513,0.0902095,-0.0456655,0.418594,0.112939,-2.26838e-12,0.326812,-0.183496,6.46184e-12,-0.00578526,0.150358,-1.56845e-11,0.0247244,-0.142154,0.0628942
4.169,0.18973,0.0892271,0.235944,-0.389315,0.089941,-0.0459981,0.418594,0.112939,-2.26838e-12,0.326812,-0.183496,6.46184e-12,-0.00578526,0.150358,-1.56845e-11,0.0249755,-0.142141,0.0626188
4.17,0.189846,0.0894288,0.235857,-0.390104,0.0896665,-0.0463351,0.418594,0.112939,-2.26838e-12,0.326812,-0.183496,6.46184e-12,-0.00578526,0.150358,-1.56845e-11,0.0252251,-0.14213,0.0623421
4.171,0.189962,0.0896294,0.235769,-0.390881,0.0893863,-0.0466764,0.418594,0.112939,-2.26838e-12,0.326812,-0.183496,6.46184e-12,-0.00578526,0.150358,-1.56845e-11,0.0254732,-0.142118,0.0620642
4.172,0.190078,0.089829,0.235681,-0.391645,0.0891002,-0.047022,0.418594,0.112939,-2.26838e-12,0.326812,-0.183496,6.46184e-12,-0.00578526,0.150358,-1.56845e-11,0.0257198,-0.142106,0.061785
4.173,0.190193,0.0900277,0.235593,-0.392396,0.0888084,-0.0473719,0.418594,0.112939,-2.26838e-12,0.326812,-0.183496,6.46184e-12,-0.00578526,0.150358,-1.56845e-11,0.025965,-0.142094,0.0615047
4.174,0.190309,0.0902253,0.235505,-0.393134,0.0885107,-0.0477262,0.418594,0.112939,-2.26838e-12,0.326812,-0.183496,6.46184e-12,-0.00578526,0.150358,-1.56845e-11,0.0262087,-0.142082,0.0612231
4.175,0.190425,0.0904219,0.235417,-0.393859,0.0882073,-0.0480848,0.418594,0.112939,-2.26838e-12,0.326812,-0.183496,6.46184e-12,-0.00578526,0.150358,-1.56845e-11,0.0264509,-0.142071,0.0609404
4.176,0.19054,0.0906175,0.235328,-0.39457,0.0878982,-0.0484478,0.418594,0.112939,-2.26838e-12,0.326812,-0.183496,6.46184e-12,-0.00578526,0.150358,-1.56845e-11,0.0266917,-0.142059,0.0606566
4.177,0.190656,0.0908121,0.23524,-0.395269,0.0875833,-0.0488151,0.418594,0.112939,-2.26838e-12,0.326812,-0.183496,6.46184e-12,-0.00578526,0.150358,-1.56845e-11,0.0269311,-0.142048,0.0603716
4.178,0.190772,0.0910057,0.235151,-0.395954,0.0872627,-0.0491868,0.418594,0.112939,-2.26838e-12,0.326812,-0.183496,6.46184e-12,-0.00578526,0.150358,-1.56845e-11,0.0271689,-0.142036,0.0600855
4.179,0.190887,0.0911982,0.235063,-0.396625,0.0869364,-0.049563,0.418594,0.112939,-2.26838e-12,0.326812,-0.183496,6.46184e-12,-0.00578526,0.150358,-1.56845e-11,0.0274054,-0.142025,0.0597983
4.18,0.191003,0.0913897,0.234974,-0.397283,0.0866044,-0.0499435,0.418594,0.112939,-2.26838e-12,0.326812,-0.183496,6.46184e-12,-0.00578526,0.150358,-1.56845e-11,0.0276404,-0.142014,0.0595101
4.181,0.191118,0.0915802,0.234885,-0.397927,0.0862668,-0.0503284,0.418594,0.112939,-2.26838e-12,0.326812,-0.183496,6.46184e-12,-0.00578526,0.150358,-1.56845e-11,0.0278739,-0.142003,0.0592207
4.182,0.191234,0.0917696,0.234796,-0.398557,0.0859235,-0.0507177,0.418594,0.112939,-2.26838e-12,0.326812,-0.183496,6.46184e-12,-0.00578526,0.150358,-1.56845e-11,0.028106,-0.141991,0.0589304
4.183,0.191349,0.091958,0.234707,-0.399173,0.0855745,-0.0511115,0.418594,0.112939,-2.26838e-12,0.326812,-0.183496,6.46184e-12,-0.00578526,0.150358,-1.56845e-11,0.0283367,-0.14198,0.058639
4.184,0.191465,0.0921453,0.234618,-0.399775,0.08522,-0.0515097,0.418594,0.112939,-2.26838e-12,0.326812,-0.183496,6.46184e-12,-0.00578526,0.150358,-1.56845e-11,0.028566,-0.141969,0.0583465
4.185,0.19158,0.0923316,0.234529,-0.400362,0.0848599,-0.0519123,0.418594,0.112939,-2.26838e-12,0.326812,-0.183496,6.46184e-12,-0.00578526,0.150358,-1.56845e-11,0.0287938,-0.141958,0.0580531
4.186,0.191695,0.0925167,0.23444,-0.400936,0.0844942,-0.0523194,0.418594,0.112939,-2.26838e-12,0.326812,-0.183496,6.46184e-12,-0.00578526,0.150358,-1.56845e-11,0.0290203,-0.141948,0.0577588
4.187,0.191811,0.0927009,0.234351,-0.401495,0.0841229,-0.0527309,0.418594,0.112939,-2.26838e-12,0.326812,-0.183496,6.46184e-12,-0.00578526,0.150358,-1.56845e-11,0.0292453,-0.141937,0.0574634
4.188,0.191926,0.0928839,0.234262,-0.40204,0.0837461,-0.0531469,0.418594,0.112939,-2.26838e-12,0.326812,-0.183496,6.46184e-12,-0.00578526,0.150358,-1.56845e-11,0.0294689,-0.141926,0.0571672
4.189,0.192041,0.0930658,0.234173,-0.40257,0.0833637,-0.0535674,0.418594,0.112939,-2.26838e-12,0.326812,-0.183496,6.46184e-12,-0.00578526,0.150358,-1.56845e-11,0.0296911,-0.141915,0.05687
4.19,0.192156,0.0932467,0.234084,-0.403085,0.0829758,-0.0539924,0.418594,0.112939,-2.26838e-12,0.326812,-0.183496,6.46184e-12,-0.00578526,0.150358,-1.56845e-11,0.0299119,-0.141905,0.0565719
4.191,0.192271,0.0934265,0.233995,-0.403585,0.0825825,-0.0544219,0.418594,0.112939,-2.26838e-12,0.326812,-0.183496,6.46184e-12,-0.00578526,0.150358,-1.56845e-11,0.0301313,-0.141894,0.0562729
4.192,0.192386,0.0936052,0.233906,-0.404071,0.0821836,-0.0548558,0.418594,0.112939,-2.26838e-12,0.326812,-0.183496,6.46184e-12,-0.00578526,0.150358,-1.56845e-11,0.0303493,-0.141884,0.0559731
4.193,0.192501,0.0937828,0.233817,-0.404541,0.0817793,-0.0552943,0.418594,0.112939,-2.26838e-12,0.326812,-0.183496,6.46184e-12,-0.00578526,0.150358,-1.56845e-11,0.0305659,-0.141874,0.0556724
4.194,0.192616,0.0939592,0.233728,-0.404996,0.0813695,-0.0557373,0.418594,0.112939,-2.26838e-12,0.326812,-0.183496,6.46184e-12,-0.00578526,0.150358,-1.56845e-11,0.0307811,-0.141863,0.0553709
4.195,0.19273,0.0941346,0.233639,-0.405436,0.0809544,-0.0561849,0.418594,0.112939,-2.26838e-12,0.326812,-0.183496,6.46184e-12,-0.00578526,0.150358,-1.56845e-11,0.030995,-0.141853,0.0550685
4.196,0.192845,0.0943089,0.233551,-0.405861,0.0805337,-0.0566369,0.418594,0.112939,-2.26838e-12,0.326812,-0.183496,6.46184e-12,-0.00578526,0.150358,-1.56845e-11,0.0312074,-0.141843,0.0547654
4.197,0.19296,0.094482,0.233462,-0.40627,0.0801077,-0.0570936,0.418594,0.112939,-2.26838e-12,0.326812,-0.183496,6.46184e-12,-0.00578526,0.150358,-1.56845e-11,0.0314185,-0.141833,0.0544615
4.198,0.193074,0.094654,0.233373,-0.406664,0.0796764,-0.0575548,0.418594,0.112939,-2.26838e-12,0.326812,-0.183496,6.46184e-12,-0.00578526,0.150358,-1.56845e-11,0.0316282,-0.141823,0.0541568
4.199,0.193189,0.0948249,0.233285,-0.407042,0.0792396,-0.0580205,0.418594,0.112939,-2.26838e-12,0.326812,-0.183496,6.46184e-12,-0.00578526,0.150358,-1.56845e-11,0.0318366,-0.141813,0.0538513
4.2,0.193303,0.0949946,0.233196,-0.407404,0.0787975,-0.0584908,0.418594,0.112939,-2.26838e-12,0.326812,-0.183496,6.46184e-12,-0.00578526,0.150358,-1.56845e-11,0.0320436,-0.141803,0.0535452
4.201,0.193418,0.0951632,0.233108,-0.40775,0.0783501,-0.0589657,0.418594,0.112939,-2.26838e-12,0.326812,-0.183496,6.46184e-12,-0.00578526,0.150358,-1.56845e-11,0.0322492,-0.141793,0.0532383
4.202,0.193532,0.0953306,0.23302,-0.408081,0.0778974,-0.0594451,0.418594,0.112939,-2.26838e-12,0.326812,-0.183496,6.46184e-12,-0.00578526,0.150358,-1.56845e-11,0.0324535,-0.141783,0.0529308
4.203,0.193646,0.0954969,0.232931,-0.408396,0.0774397,-0.0599287,0.418594,0.112939,-2.26838e-12,0.326812,-0.183496,6.46184e-12,-0.00578526,0.150358,-1.56845e-11,0.0326565,-0.141773,0.0526226
4.204,0.19376,0.0956621,0.232843,-0.408695,0.0769768,-0.0604166,0.418594,0.112939,-2.26838e-12,0.326812,-0.183496,6.46184e-12,-0.00578526,0.150358,-1.56845e-11,0.032858,-0.141764,0.0523137
4.205,0.193874,0.0958261,0.232756,-0.408979,0.0765091,-0.0609086,0.418594,0.112939,-2.26838e-12,0.326812,-0.183496,6.46184e-12,-0.00578526,0.150358,-1.56845e-11,0.0330583,-0.141754,0.0520042
4.206,0.193988,0.0959889,0.232668,-0.409248,0.0760364,-0.0614046,0.418594,0.112939,-2.26838e-12,0.326812,-0.183496,6.46184e-12,-0.00578526,0.150358,-1.56845e-11,0.0332572,-0.141745,0.051694
4.207,0.194102,0.0961506,0.23258,-0.409502,0.0755591,-0.0619044,0.418594,0.112939,-2.26838e-12,0.326812,-0.183496,6.46184e-12,-0.00578526,0.150358,-1.56845e-11,0.0334548,-0.141735,0.0513833
4.208,0.194216,0.0963112,0.232493,-0.409742,0.075077,-0.062408,0.418594,0.112939,-2.26838e-12,0.326812,-0.183496,6.46184e-12,-0.00578526,0.150358,-1.56845e-11,0.033651,-0.141726,0.0510719
4.209,0.194329,0.0964706,0.232406,-0.409966,0.0745904,-0.0629151,0.418594,0.112939,-2.26838e-12,0.326812,-0.183496,6.46184e-12,-0.00578526,0.150358,-1.56845e-11,0.0338459,-0.141716,0.05076
4.21,0.194443,0.0966288,0.232319,-0.410176,0.0740994,-0.0634257,0.418594,0.112939,-2.26838e-12,0.326812,-0.183496,6.46184e-12,-0.00578526,0.150358,-1.56845e-11,0.0340396,-0.141707,0.0504476
4.211,0.194557,0.0967859,0.232232,-0.410372,0.0736039,-0.0639397,0.418594,0.112939,-2.26838e-12,0.326812,-0.183496,6.46184e-12,-0.00578526,0.150358,-1.56845e-11,0.0342318,-0.141698,0.0501346
4.212,0.19467,0.0969418,0.232146,-0.410553,0.0731043,-0.0644569,0.418594,0.112939,-2.26838e-12,0.326812,-0.183496,6.46184e-12,-0.00578526,0.150358,-1.56845e-11,0.0344228,-0.141689,0.0498211
4.213,0.194783,0.0970966,0.23206,-0.41072,0.0726004,-0.0649773,0.418594,0.112939,-2.26838e-12,0.326812,-0.183496,6.46184e-12,-0.00578526,0.150358,-1.56845e-11,0.0346125,-0.14168,0.0495071
4.214,0.194897,0.0972502,0.231974,-0.410873,0.0720924,-0.0655006,0.418594,0.112939,-2.26838e-12,0.326812,-0.183496,6.46184e-12,-0.00578526,0.150358,-1.56845e-11,0.0348008,-0.141671,0.0491926
4.215,0.19501,0.0974026,0.231888,-0.411012,0.0715805,-0.0660268,0.418594,0.112939,-2.26838e-12,0.326812,-0.183496,6.46184e-12,-0.00578526,0.150358,-1.56845e-11,0.0349879,-0.141662,0.0488777
4.216,0.195123,0.0975538,0.231803,-0.411138,0.0710647,-0.0665557,0.418594,0.112939,-2.26838e-12,0.326812,-0.183496,6.46184e-12,-0.00578526,0.150358,-1.56845e-11,0.0351736,-0.141653,0.0485623
4.217,0.195236,0.0977039,0.231718,-0.41125,0.0705451,-0.0670872,0.418594,0.112939,-2.26838e-12,0.326812,-0.183496,6.46184e-12,-0.00578526,0.150358,-1.56845e-11,0.0353581,-0.141644,0.0482465
4.218,0.195349,0.0978528,0.231633,-0.411349,0.0700218,-0.0676213,0.418594,0.112939,-2.26838e-12,0.326812,-0.183496,6.46184e-12,-0.00578526,0.150358,-1.56845e-11,0.0355413,-0.141635,0.0479303
4.219,0.195462,0.0980006,0.231549,-0.411435,0.0694949,-0.0681577,0.418594,0.112939,-2.26838e-12,0.326812,-0.183496,6.46184e-12,-0.00578526,0.150358,-1.56845e-11,0.0357232,-0.141626,0.0476136
4.22,0.195575,0.0981471,0.231465,-0.411507,0.0689645,-0.0686964,0.418594,0.112939,-2.26838e-12,0.326812,-0.183496,6.46184e-12,-0.00578526,0.150358,-1.56845e-11,0.0359038,-0.141618,0.0472967
4.221,0.195688,0.0982925,0.231381,-0.411567,0.0684307,-0.0692372,0.418594,0.112939,-2.26838e-12,0.326812,-0.183496,6.46184e-12,-0.00578526,0.150358,-1.56845e-11,0.0360831,-0.141609,0.0469793
4.222,0.1958,0.0984368,0.231297,-0.411614,0.0678936,-0.06978,0.418594,0.112939,-2.26838e-12,0.326812,-0.183496,6.46184e-12,-0.00578526,0.150358,-1.56845e-11,0.0362612,-0.141601,0.0466616
4.223,0.195913,0.0985798,0.231215,-0.411648,0.0673533,-0.0703247,0.418594,0.112939,-2.26838e-12,0.326812,-0.183496,6.46184e-12,-0.00578526,0.150358,-1.56845e-11,0.0364379,-0.141592,0.0463436
4.224,0.196025,0.0987216,0.231132,-0.41167,0.0668099,-0.0708712,0.418594,0.112939,-2.26838e-12,0.326812,-0.183496,6.46184e-12,-0.00578526,0.150358,-1.56845e-11,0.0366135,-0.141584,0.0460253
4.225,0.196138,0.0988623,0.23105,-0.411679,0.0662635,-0.0714193,0.418594,0.112939,-2.26838e-12,0.326812,-0.183496,6.46184e-12,-0.00578526,0.150358,-1.56845e-11,0.0367877,-0.141575,0.0457067
4.226,0.19625,0.0990018,0.230968,-0.411677,0.0657141,-0.0719689,0.418594,0.112939,-2.26838e-12,0.326812,-0.183496,6.46184e-12,-0.00578526,0.150358,-1.56845e-11,0.0369607,-0.141567,0.0453878
4.227,0.196362,0.0991401,0.230887,-0.411662,0.0651619,-0.07252,0.418594,0.112939,-2.26838e-12,0.326812,-0.183496,6.46184e-12,-0.00578526,0.150358,-1.56845e-11,0.0371325,-0.141559,0.0450687
4.228,0.196475,0.0992772,0.230806,-0.411635,0.064607,-0.0730722,0.418594,0.112939,-2.26838e-12,0.326812,-0.183496,6.46184e-12,-0.00578526,0.150358,-1.56845e-11,0.037303,-0.141551,0.0447494
4.229,0.196587,0.0994131,0.230725,-0.411597,0.0640495,-0.0736257,0.418594,0.112939,-2.26838e-12,0.326812,-0.183496,6.46184e-12,-0.00578526,0.150358,-1.56845e-11,0.0374723,-0.141543,0.0444298
4.23,0.196699,0.0995478,0.230645,-0.411547,0.0634894,-0.0741802,0.418594,0.112939,-2.26838e-12,0.326812,-0.183496,6.46184e-12,-0.00578526,0.150358,-1.56845e-11,0.0376403,-0.141535,0.04411
4.231,0.196811,0.0996814,0.230566,-0.411486,0.0629269,-0.0747355,0.418594,0.112939,-2.26838e-12,0.326812,-0.183496,6.46184e-12,-0.00578526,0.150358,-1.56845e-11,0.0378071,-0.141527,0.0437901
4.232,0.196923,0.0998137,0.230487,-0.411413,0.062362,-0.0752917,0.418594,0.112939,-2.26838e-12,0.326812,-0.183496,6.46184e-12,-0.00578526,0.150358,-1.56845e-11,0.0379726,-0.141519,0.04347
4.233,0.197035,0.0999448,0.230408,-0.411329,0.0617949,-0.0758485,0.418594,0.112939,-2.26838e-12,0.326812,-0.183496,6.46184e-12,-0.00578526,0.150358,-1.56845e-11,0.0381369,-0.141511,0.0431497
4.234,0.197146,0.100075,0.23033,-0.411234,0.0612256,-0.0764059,0.418594,0.112939,-2.26838e-12,0.326812,-0.183496,6.46184e-12,-0.00578526,0.150358,-1.56845e-11,0.0383,-0.141503,0.0428293
4.235,0.197258,0.100204,0.230252,-0.411129,0.0606543,-0.0769636,0.418594,0.112939,-2.26838e-12,0.326812,-0.183496,6.46184e-12,-0.00578526,0.150358,-1.56845e-11,0.0384619,-0.141495,0.0425088
4.236,0.19737,0.100331,0.230175,-0.411013,0.0600811,-0.0775217,0.418594,0.112939,-2.26838e-12,0.326812,-0.183496,6.46184e-12,-0.00578526,0.150358,-1.56845e-11,0.0386225,-0.141487,0.0421883
4.237,0.197481,0.100457,0.230099,-0.410886,0.0595059,-0.0780799,0.418594,0.112939,-2.26838e-12,0.326812,-0.183496,4.31222e-07,-0.00578526,0.150358,-1.56845e-11,0.038782,-0.14148,0.0418676
4.238,0.197593,0.100583,0.230023,-0.410749,0.058929,-0.0786382,0.418594,0.112939,-2.26838e-12,0.326812,-0.183496,4.17399e-06,-0.00578526,0.150358,-1.56845e-11,0.0389402,-0.141472,0.0415469
4.239,0.197704,0.100706,0.229948,-0.410601,0.0583505,-0.0791964,0.418594,0.112939,-2.26838e-12,0.326813,-0.183496,1.17441e-05,-0.00578526,0.150358,-1.56845e-11,0.0390973,-0.141465,0.0412261
4.24,0.197815,0.100829,0.229873,-0.410444,0.0577703,-0.0797544,0.418594,0.112939,-2.26838e-12,0.326815,-0.183496,2.31213e-05,-0.00578526,0.150358,-1.56845e-11,0.0392531,-0.141457,0.0409053
4.241,0.197927,0.100951,0.229799,-0.410276,0.0571887,-0.080312,0.418594,0.112939,-2.26838e-12,0.326816,-0.183496,3.82855e-05,-0.00578526,0.150358,-1.56845e-11,0.0394077,-0.14145,0.0405845
4.242,0.198038,0.101071,0.229725,-0.410099,0.0566058,-0.0808692,0.418594,0.112939,-2.26838e-12,0.326818,-0.183496,5.72164e-05,-0.00578526,0.150358,-1.56845e-11,0.0395612,-0.141442,0.0402638
4.243,0.198149,0.10119,0.229652,-0.409912,0.0560215,-0.0814259,0.418594,0.112939,-2.26838e-12,0.326821,-0.183495,7.98937e-05,-0.00578526,0.150358,-1.56845e-11,0.0397134,-0.141435,0.039943
4.244,0.19826,0.101308,0.22958,-0.409716,0.055436,-0.0819819,0.418594,0.112939,-2.26838e-12,0.326824,-0.183495,0.000106297,-0.00578526,0.150358,-1.56845e-11,0.0398645,-0.141428,0.0396223
4.245,0.198371,0.101425,0.229509,-0.40951,0.0548495,-0.082537,0.418594,0.112939,-2.26838e-12,0.326828,-0.183495,0.000136407,-0.00578526,0.150358,-1.56845e-11,0.0400144,-0.141421,0.0393017
4.246,0.198482,0.10154,0.229438,-0.409296,0.054262,-0.0830912,0.418594,0.112939,-2.26838e-12,0.326832,-0.183495,0.000170203,-0.00578526,0.150358,-1.56845e-11,0.0401631,-0.141414,0.0389812
4.247,0.198592,0.101654,0.229367,-0.409072,0.0536735,-0.0836444,0.418594,0.112939,-2.26838e-12,0.326836,-0.183495,0.000207664,-0.00578526,0.150358,-1.56845e-11,0.0403106,-0.141407,0.0386607
4.248,0.198703,0.101767,0.229298,-0.408839,0.0530843,-0.0841964,0.418594,0.112939,-2.26838e-12,0.326841,-0.183494,0.000248771,-0.00578526,0.150358,-1.56845e-11,0.040457,-0.1414,0.0383404
4.249,0.198814,0.101879,0.229229,-0.408597,0.0524943,-0.0847471,0.418594,0.112939,-2.26838e-12,0.326847,-0.183494,0.000293503,-0.00578526,0.150358,-1.56845e-11,0.0406022,-0.141393,0.0380202
4.25,0.198924,0.101989,0.229161,-0.408347,0.0519038,-0.0852963,0.418594,0.112939,-2.26838e-12,0.326852,-0.183494,0.00034184,-0.00578526,0.150358,-1.56845e-11,0.0407462,-0.141386,0.0377001
4.251,0.199035,0.102099,0.229093,-0.408089,0.0513127,-0.085844,0.418594,0.112939,-2.26838e-12,0.326859,-0.183493,0.000393762,-0.00578526,0.150358,-1.56845e-11,0.0408891,-0.141379,0.0373803
4.252,0.199145,0.102207,0.229026,-0.407822,0.0507213,-0.08639,0.418594,0.112939,-2.26838e-12,0.326866,-0.183493,0.000449249,-0.00578526,0.150358,-1.56845e-11,0.0410308,-0.141372,0.0370606
4.253,0.199256,0.102314,0.22896,-0.407547,0.0501295,-0.0869343,0.418594,0.112939,-2.26838e-12,0.326873,-0.183493,0.00050828,-0.00578526,0.150358,-1.56845e-11,0.0411714,-0.141365,0.0367411
4.254,0.199366,0.102419,0.228895,-0.407264,0.0495375,-0.0874766,0.418594,0.112939,-2.26838e-12,0.326881,-0.183492,0.000570835,-0.00578526,0.150358,-1.56845e-11,0.0413109,-0.141359,0.0364219
4.255,0.199476,0.102524,0.228831,-0.406973,0.0489453,-0.0880169,0.418594,0.112939,-2.26838e-12,0.326889,-0.183492,0.000636894,-0.00578526,0.150358,-1.56845e-11,0.0414492,-0.141352,0.0361029
4.256,0.199586,0.102627,0.228767,-0.406674,0.0483532,-0.088555,0.418594,0.112939,-2.26838e-12,0.326898,-0.183491,0.000706437,-0.00578526,0.150358,-1.56845e-11,0.0415863,-0.141345,0.0357841
4.257,0.199696,0.102729,0.228704,-0.406368,0.0477611,-0.0890908,0.418594,0.112939,-2.26838e-12,0.326907,-0.183491,0.000779444,-0.00578526,0.150358,-1.56845e-11,0.0417224,-0.141339,0.0354657
4.258,0.199806,0.102829,0.228642,-0.406055,0.0471692,-0.0896242,0.418594,0.112939,-2.26838e-12,0.326917,-0.18349,0.000855894,-0.00578526,0.150358,-1.56845e-11,0.0418573,-0.141332,0.0351475
4.259,0.199916,0.102929,0.228581,-0.405734,0.0465775,-0.0901551,0.418594,0.112939,-2.26838e-12,0.326928,-0.18349,0.000935767,-0.00578526,0.150358,-1.56845e-11,0.0419911,-0.141326,0.0348296
4.26,0.200026,0.103027,0.22852,-0.405406,0.0459862,-0.0906834,0.418594,0.112939,-2.26838e-12,0.326939,-0.183489,0.00101904,-0.00578526,0.150358,-1.56845e-11,0.0421237,-0.14132,0.0345121
4.261,0.200136,0.103124,0.228461,-0.405071,0.0453953,-0.0912088,0.418594,0.112939,-2.26838e-12,0.32695,-0.183488,0.0011057,-0.00578526,0.150358,-1.56845e-11,0.0422553,-0.141313,0.0341949
4.262,0.200245,0.10322,0.228402,-0.40473,0.044805,-0.0917314,0.418594,0.112939,-2.26838e-12,0.326962,-0.183488,0.00119572,-0.00578526,0.150358,-1.56845e-11,0.0423857,-0.141307,0.0338781
4.263,0.200355,0.103314,0.228344,-0.404381,0.0442153,-0.092251,0.418594,0.112939,-2.26838e-12,0.326974,-0.183487,0.00128909,-0.00578526,0.150358,-1.56845e-11,0.042515,-0.141301,0.0335617
4.264,0.200465,0.103407,0.228287,-0.404027,0.0436264,-0.0927674,0.418594,0.112939,-2.26838e-12,0.326987,-0.183486,0.00138577,-0.00578526,0.150358,-1.56845e-11,0.0426432,-0.141295,0.0332456
4.265,0.200574,0.103499,0.228231,-0.403665,0.0430383,-0.0932805,0.418594,0.112939,-2.26838e-12,0.327001,-0.183486,0.00148576,-0.00578526,0.150358,-1.56845e-11,0.0427704,-0.141289,0.03293
4.266,0.200684,0.10359,0.228176,-0.403298,0.0424512,-0.0937902,0.418594,0.112939,-2.26838e-12,0.327015,-0.183485,0.00158903,-0.00578526,0.150358,-1.56845e-11,0.0428964,-0.141283,0.0326148
4.267,0.200793,0.103679,0.228121,-0.402925,0.041865,-0.0942965,0.418594,0.112939,-2.26838e-12,0.32703,-0.183484,0.00169556,-0.00578526,0.150358,-1.56845e-11,0.0430213,-0.141277,0.0323001
4.268,0.200902,0.103767,0.228068,-0.402545,0.0412801,-0.0947991,0.418594,0.112939,-2.26838e-12,0.327045,-0.183483,0.00180533,-0.00578526,0.150358,-1.56845e-11,0.0431452,-0.141271,0.0319858
4.269,0.201011,0.103854,0.228016,-0.40216,0.0406963,-0.0952979,0.418594,0.112939,-2.26838e-12,0.327061,-0.183482,0.00191833,-0.00578526,0.150358,-1.56845e-11,0.0432679,-0.141265,0.0316721
4.27,0.20112,0.10394,0.227964,-0.40177,0.0401138,-0.0957929,0.418594,0.112939,-2.26838e-12,0.327077,-0.183481,0.00203452,-0.00578526,0.150358,-1.56845e-11,0.0433896,-0.141259,0.0313588
4.271,0.20123,0.104024,0.227914,-0.401373,0.0395328,-0.0962839,0.418594,0.112939,-2.26838e-12,0.327094,-0.183481,0.0021539,-0.00578526,0.150358,-1.56845e-11,0.0435102,-0.141253,0.0310461
4.272,0.201339,0.104107,0.227864,-0.400972,0.0389533,-0.0967707,0.418594,0.112939,-2.26838e-12,0.327111,-0.18348,0.00227643,-0.00578526,0.150358,-1.56845e-11,0.0436297,-0.141248,0.0307339
4.273,0.201447,0.104189,0.227816,-0.400565,0.0383754,-0.0972533,0.418594,0.112939,-2.26838e-12,0.327129,-0.183479,0.00240211,-0.00578526,0.150358,-1.56845e-11,0.0437482,-0.141242,0.0304222
4.274,0.201556,0.10427,0.227768,-0.400154,0.0377992,-0.0977315,0.418594,0.112939,-2.26838e-12,0.327148,-0.183478,0.0025309,-0.00578526,0.150358,-1.56845e-11,0.0438656,-0.141236,0.0301112
4.275,0.201665,0.104349,0.227722,-0.399737,0.0372248,-0.0982052,0.418594,0.112939,-2.26838e-12,0.327167,-0.183476,0.0026628,-0.00578526,0.150358,-1.56845e-11,0.0439819,-0.141231,0.0298007
4.276,0.201774,0.104427,0.227676,-0.399316,0.0366523,-0.0986743,0.418594,0.112939,-2.26838e-12,0.327187,-0.183475,0.00279777,-0.00578526,0.150358,-1.56845e-11,0.0440972,-0.141225,0.0294908
4.277,0.201882,0.104504,0.227632,-0.39889,0.0360818,-0.0991387,0.418594,0.112939,-2.26838e-12,0.327207,-0.183474,0.00293581,-0.00578526,0.150358,-1.56845e-11,0.0442115,-0.14122,0.0291816
4.278,0.201991,0.104579,0.227588,-0.39846,0.0355134,-0.0995982,0.418594,0.112939,-2.26838e-12,0.327228,-0.183473,0.00307688,-0.00578526,0.150358,-1.56845e-11,0.0443246,-0.141214,0.028873
4.279,0.202099,0.104654,0.227546,-0.398025,0.0349471,-0.100053,0.418594,0.112939,-2.26838e-12,0.32725,-0.183472,0.00322098,-0.00578526,0.150358,-1.56845e-11,0.0444368,-0.141209,0.0285651
4.28,0.202208,0.104727,0.227505,-0.397587,0.0343832,-0.100502,0.418594,0.112939,-2.26838e-12,0.327272,-0.183471,0.00336807,-0.00578526,0.150358,-1.56845e-11,0.0445479,-0.141204,0.0282579
4.281,0.202316,0.104798,0.227465,-0.397144,0.0338217,-0.100946,0.418594,0.112939,-2.26838e-12,0.327295,-0.183469,0.00351814,-0.00578526,0.150358,-1.56845e-11,0.0446579,-0.141198,0.0279513
4.282,0.202425,0.104869,0.227426,-0.396698,0.0332626,-0.101385,0.418594,0.112939,-2.26838e-12,0.327318,-0.183468,0.00367117,-0.00578526,0.150358,-1.56845e-11,0.044767,-0.141193,0.0276455
4.283,0.202533,0.104938,0.227388,-0.396248,0.0327061,-0.101819,0.418594,0.112939,-2.26838e-12,0.327342,-0.183467,0.00382713,-0.00578526,0.150358,-1.56845e-11,0.044875,-0.141188,0.0273404
4.284,0.202641,0.105006,0.227351,-0.395794,0.0321522,-0.102246,0.418594,0.112939,-2.26838e-12,0.327366,-0.183466,0.00398602,-0.00578526,0.150358,-1.56845e-11,0.044982,-0.141183,0.0270361
4.285,0.202749,0.105072,0.227315,-0.395337,0.0316012,-0.102668,0.418594,0.112939,-2.26838e-12,0.327392,-0.183464,0.0041478,-0.00578526,0.150358,-1.56845e-11,0.0450879,-0.141178,0.0267325
4.286,0.202857,0.105137,0.227281,-0.394877,0.031053,-0.103085,0.418594,0.112939,-2.26838e-12,0.327417,-0.183463,0.00431246,-0.00578526,0.150358,-1.56845e-11,0.0451929,-0.141173,0.0264298
4.287,0.202965,0.105201,0.227247,-0.394414,0.0305077,-0.103495,0.418594,0.112939,-2.26838e-12,0.327444,-0.183461,0.00447998,-0.00578526,0.150358,-1.56845e-11,0.0452968,-0.141168,0.0261278
4.288,0.203073,0.105264,0.227215,-0.393947,0.0299655,-0.103899,0.418594,0.112939,-2.26838e-12,0.327471,-0.18346,0.00465033,-0.00578526,0.150358,-1.56845e-11,0.0453997,-0.141163,0.0258267
4.289,0.203181,0.105325,0.227184,-0.393478,0.0294265,-0.104297,0.418594,0.112939,-2.26838e-12,0.327499,-0.183458,0.00482351,-0.00578526,0.150358,-1.56845e-11,0.0455017,-0.141158,0.0255263
4.29,0.203288,0.105385,0.227154,-0.393007,0.0288907,-0.104689,0.418594,0.112939,-2.26838e-12,0.327527,-0.183457,0.00499947,-0.00578526,0.150358,-1.56845e-11,0.0456026,-0.141153,0.0252269
4.291,0.203396,0.105444,0.227126,-0.392532,0.0283583,-0.105074,0.418594,0.112939,-2.26838e-12,0.327556,-0.183455,0.00517822,-0.00578526,0.150358,-1.56845e-11,0.0457025,-0.141148,0.0249283
4.292,0.203504,0.105502,0.227099,-0.392056,0.0278292,-0.105452,0.418594,0.112939,-2.26838e-12,0.327586,-0.183454,0.00535972,-0.00578526,0.150358,-1.56845e-11,0.0458015,-0.141143,0.0246307
4.293,0.203611,0.105558,0.227072,-0.391577,0.0273038,-0.105824,0.418594,0.112939,-2.26838e-12,0.327616,-0.183452,0.00554396,-0.00578526,0.150358,-1.56845e-11,0.0458994,-0.141139,0.0243339
4.294,0.203719,0.105613,0.227048,-0.391097,0.026782,-0.106189,0.418594,0.112939,-2.26838e-12,0.327647,-0.18345,0.00573091,-0.00578526,0.150358,-1.56845e-11,0.0459964,-0.141134,0.024038
4.295,0.203826,0.105666,0.227024,-0.390614,0.0262639,-0.106547,0.418594,0.112939,-2.26838e-12,0.327679,-0.183448,0.00592056,-0.00578526,0.150358,-1.56845e-11,0.0460924,-0.14113,0.0237432
4.296,0.203934,0.105719,0.227002,-0.39013,0.0257496,-0.106898,0.418594,0.112939,-2.26838e-12,0.327711,-0.183447,0.00611288,-0.00578526,0.150358,-1.56845e-11,0.0461874,-0.141125,0.0234492
4.297,0.204041,0.105769,0.226981,-0.389644,0.0252392,-0.107242,0.418594,0.112939,-2.26838e-12,0.327744,-0.183445,0.00630786,-0.00578526,0.150358,-1.56845e-11,0.0462814,-0.14112,0.0231563
4.298,0.204148,0.105819,0.226961,-0.389157,0.0247329,-0.107579,0.418594,0.112939,-2.26838e-12,0.327777,-0.183443,0.00650548,-0.00578526,0.150358,-1.56845e-11,0.0463745,-0.141116,0.0228643
4.299,0.204255,0.105867,0.226943,-0.388668,0.0242307,-0.107908,0.418594,0.112939,-2.26838e-12,0.327812,-0.183441,0.00670571,-0.00578526,0.150358,-1.56845e-11,0.0464666,-0.141112,0.0225734
4.3,0.204362,0.105914,0.226925,-0.388178,0.0237327,-0.108229,0.418594,0.112939,-2.26838e-12,0.327847,-0.183439,0.00690853,-0.00578526,0.150358,-1.56845e-11,0.0465577,-0.141107,0.0222835
4.301,0.204469,0.10596,0.22691,-0.387688,0.023239,-0.108543,0.418594,0.112939,-2.26838e-12,0.327882,-0.183437,0.00711393,-0.00578526,0.150358,-1.56845e-11,0.0466479,-0.141103,0.0219947
4.302,0.204576,0.106005,0.226895,-0.387196,0.0227496,-0.108849,0.418594,0.112939,-2.26838e-12,0.327919,-0.183435,0.00732188,-0.00578526,0.150358,-1.56845e-11,0.0467372,-0.141099,0.0217069
4.303,0.204683,0.106048,0.226882,-0.386704,0.0222645,-0.109148,0.418594,0.112939,-2.26838e-12,0.327956,-0.183433,0.00753237,-0.00578526,0.150358,-1.56845e-11,0.0468255,-0.141094,0.0214202
4.304,0.20479,0.106089,0.22687,-0.386211,0.0217837,-0.109438,0.418594,0.112939,-2.26838e-12,0.327993,-0.183431,0.00774537,-0.00578526,0.150358,-1.56845e-11,0.0469128,-0.14109,0.0211346
4.305,0.204897,0.10613,0.22686,-0.385718,0.0213073,-0.109721,0.418594,0.112939,-2.26838e-12,0.328032,-0.183429,0.00796086,-0.00578526,0.150358,-1.56845e-11,0.0469993,-0.141086,0.0208502
4.306,0.205003,0.106169,0.226851,-0.385224,0.0208351,-0.109996,0.418594,0.112939,-2.26838e-12,0.328071,-0.183427,0.00817883,-0.00578526,0.150358,-1.56845e-11,0.0470847,-0.141082,0.0205668
4.307,0.20511,0.106207,0.226843,-0.38473,0.0203673,-0.110263,0.418594,0.112939,-2.26838e-12,0.328111,-0.183425,0.00839925,-0.00578526,0.150358,-1.56845e-11,0.0471693,-0.141078,0.0202847
4.308,0.205217,0.106243,0.226836,-0.384237,0.0199038,-0.110522,0.418594,0.112939,-2.26838e-12,0.328151,-0.183422,0.0086221,-0.00578526,0.150358,-1.56845e-11,0.0472529,-0.141074,0.0200037
4.309,0.205323,0.106279,0.226831,-0.383743,0.0194446,-0.110772,0.418594,0.112939,-2.26838e-12,0.328193,-0.18342,0.00884737,-0.00578526,0.150358,-1.56845e-11,0.0473356,-0.14107,0.0197239
4.31,0.205429,0.106312,0.226827,-0.38325,0.0189897,-0.111015,0.418594,0.112939,-2.26838e-12,0.328235,-0.183418,0.00907503,-0.00578526,0.150358,-1.56845e-11,0.0474174,-0.141066,0.0194453
4.311,0.205536,0.106345,0.226825,-0.382758,0.0185392,-0.11125,0.418594,0.112939,-2.26838e-12,0.328277,-0.183416,0.00930506,-0.00578526,0.150358,-1.56845e-11,0.0474982,-0.141062,0.019168
4.312,0.205642,0.106376,0.226823,-0.382266,0.018093,-0.111476,0.418594,0.112939,-2.26838e-12,0.328321,-0.183413,0.00953745,-0.00578526,0.150358,-1.56845e-11,0.0475782,-0.141058,0.0188918
4.313,0.205748,0.106406,0.226823,-0.381774,0.0176511,-0.111694,0.418594,0.112939,-2.26838e-12,0.328365,-0.183411,0.00977216,-0.00578526,0.150358,-1.56845e-11,0.0476572,-0.141055,0.018617
4.314,0.205855,0.106435,0.226824,-0.381284,0.0172135,-0.111904,0.418594,0.112939,-2.26838e-12,0.32841,-0.183408,0.0100092,-0.00578526,0.150358,-1.56845e-11,0.0477354,-0.141051,0.0183434
4.315,0.205961,0.106462,0.226827,-0.380795,0.0167803,-0.112106,0.418594,0.112939,-2.26838e-12,0.328455,-0.183406,0.0102485,-0.00578526,0.150358,-1.56845e-11,0.0478126,-0.141047,0.0180712
4.316,0.206067,0.106488,0.22683,-0.380307,0.0163513,-0.112299,0.418594,0.112939,-2.26838e-12,0.328502,-0.183403,0.0104901,-0.00578526,0.150358,-1.56845e-11,0.047889,-0.141043,0.0178002
4.317,0.206173,0.106513,0.226835,-0.37982,0.0159268,-0.112484,0.418594,0.112939,-2.26838e-12,0.328549,-0.183401,0.0107339,-0.00578526,0.150358,-1.56845e-11,0.0479644,-0.14104,0.0175306
4.318,0.206279,0.106536,0.226841,-0.379335,0.0155065,-0.11266,0.418594,0.112939,-2.26838e-12,0.328597,-0.183398,0.01098,-0.00578526,0.150358,-1.56845e-11,0.048039,-0.141036,0.0172623
4.319,0.206385,0.106558,0.226849,-0.378851,0.0150906,-0.112828,0.418594,0.112939,-2.26838e-12,0.328646,-0.183395,0.0112283,-0.00578526,0.150358,-1.56845e-11,0.0481127,-0.141033,0.0169954
4.32,0.206491,0.106579,0.226857,-0.378369,0.014679,-0.112988,0.418594,0.112939,-2.26838e-12,0.328695,-0.183393,0.0114788,-0.00578526,0.150358,-1.56845e-11,0.0481855,-0.141029,0.0167299
4.321,0.206596,0.106598,0.226867,-0.377889,0.0142717,-0.113138,0.418594,0.112939,-2.26838e-12,0.328745,-0.18339,0.0117314,-0.00578526,0.150358,-1.56845e-11,0.0482574,-0.141026,0.0164658
4.322,0.206702,0.106616,0.226878,-0.377412,0.0138688,-0.113281,0.418594,0.112939,-2.26838e-12,0.328796,-0.183387,0.0119862,-0.00578526,0.150358,-1.56845e-11,0.0483285,-0.141022,0.0162031
4.323,0.206808,0.106633,0.226891,-0.376936,0.0134703,-0.113414,0.418594,0.112939,-2.26838e-12,0.328848,-0.183384,0.0122431,-0.00578526,0.150358,-1.56845e-11,0.0483987,-0.141019,0.0159419
4.324,0.206914,0.106648,0.226904,-0.376463,0.013076,-0.113539,0.418594,0.112939,-2.26838e-12,0.3289,-0.183381,0.0125022,-0.00578526,0.150358,-1.56845e-11,0.048468,-0.141016,0.0156821
4.325,0.207019,0.106662,0.226919,-0.375992,0.0126861,-0.113655,0.418594,0.112939,-2.26838e-12,0.328954,-0.183378,0.0127633,-0.00578526,0.150358,-1.56845e-11,0.0485365,-0.141012,0.0154238
4.326,0.207125,0.106675,0.226935,-0.375524,0.0123006,-0.113762,0.418594,0.112939,-2.26838e-12,0.329008,-0.183375,0.0130265,-0.00578526,0.150358,-1.56845e-11,0.0486041,-0.141009,0.0151669
4.327,0.20723,0.106687,0.226952,-0.375059,0.0119193,-0.113861,0.418594,0.112939,-2.26838e-12,0.329063,-0.183372,0.0132917,-0.00578526,0.150358,-1.56845e-11,0.0486709,-0.141006,0.0149116
4.328,0.207336,0.106697,0.22697,-0.374596,0.0115425,-0.11395,0.418594,0.112939,-2.26838e-12,0.329118,-0.183369,0.013559,-0.00578526,0.150358,-1.56845e-11,0.0487368,-0.141003,0.0146578
4.329,0.207441,0.106706,0.22699,-0.374137,0.0111699,-0.114031,0.418594,0.112939,-2.26838e-12,0.329175,-0.183366,0.0138283,-0.00578526,0.150358,-1.56845e-11,0.0488019,-0.141,0.0144056
4.33,0.207546,0.106713,0.22701,-0.373681,0.0108018,-0.114102,0.418594,0.112939,-2.26838e-12,0.329232,-0.183363,0.0140995,-0.00578526,0.150358,-1.56845e-11,0.0488662,-0.140997,0.0141549
4.331,0.207652,0.106719,0.227032,-0.373229,0.0104379,-0.114165,0.418594,0.112939,-2.26838e-12,0.32929,-0.18336,0.0143728,-0.00578526,0.150358,-1.56845e-11,0.0489296,-0.140994,0.0139058
4.332,0.207757,0.106724,0.227055,-0.37278,0.0100784,-0.114219,0.418594,0.112939,-2.26838e-12,0.329349,-0.183357,0.0146479,-0.00578526,0.150358,-1.56845e-11,0.0489922,-0.140991,0.0136583
4.333,0.207862,0.106728,0.227079,-0.372334,0.00972332,-0.114263,0.418594,0.112939,-2.26838e-12,0.329408,-0.183353,0.0149251,-0.00578526,0.150358,-1.56845e-11,0.0490539,-0.140988,0.0134124
4.334,0.207967,0.10673,0.227105,-0.371893,0.00937254,-0.114298,0.418594,0.112939,-2.26838e-12,0.329469,-0.18335,0.0152041,-0.00578526,0.150358,-1.56845e-11,0.0491148,-0.140985,0.0131682
4.335,0.208072,0.106731,0.227131,-0.371455,0.00902611,-0.114324,0.418594,0.112939,-2.26838e-12,0.32953,-0.183347,0.015485,-0.00578526,0.150358,-1.56845e-11,0.0491749,-0.140982,0.0129256
4.336,0.208177,0.10673,0.227159,-0.371022,0.00868404,-0.114341,0.418594,0.112939,-2.26838e-12,0.329592,-0.183343,0.0157677,-0.00578526,0.150358,-1.56845e-11,0.0492342,-0.140979,0.0126847
4.337,0.208282,0.106729,0.227188,-0.370593,0.00834632,-0.114348,0.418594,0.112939,-2.26838e-12,0.329655,-0.18334,0.0160524,-0.00578526,0.150358,-1.56845e-11,0.0492927,-0.140976,0.0124454
4.338,0.208387,0.106725,0.227218,-0.370168,0.00801296,-0.114347,0.418594,0.112939,-2.26838e-12,0.329719,-0.183336,0.0163388,-0.00578526,0.150358,-1.56845e-11,0.0493504,-0.140973,0.0122079
4.339,0.208492,0.106721,0.227249,-0.369748,0.00768396,-0.114335,0.418594,0.112939,-2.26838e-12,0.329784,-0.183333,0.0166271,-0.00578526,0.150358,-1.56845e-11,0.0494073,-0.140971,0.0119721
4.34,0.208597,0.106715,0.227281,-0.369332,0.00735932,-0.114315,0.418594,0.112939,-2.26838e-12,0.329849,-0.183329,0.0169171,-0.00578526,0.150358,-1.56845e-11,0.0494634,-0.140968,0.011738
4.341,0.208702,0.106708,0.227314,-0.368921,0.00703904,-0.114285,0.418594,0.112939,-2.26838e-12,0.329916,-0.183326,0.0172089,-0.00578526,0.150358,-1.56845e-11,0.0495186,-0.140965,0.0115056
4.342,0.208806,0.1067,0.227348,-0.368516,0.00672312,-0.114245,0.418594,0.112939,-2.26838e-12,0.329983,-0.183322,0.0175025,-0.00578526,0.150358,-1.56845e-11,0.0495731,-0.140963,0.0112751
4.343,0.208911,0.10669,0.227384,-0.368115,0.00641157,-0.114196,0.418594,0.112939,-2.26838e-12,0.330051,-0.183318,0.0177977,-0.00578526,0.150358,-1.56845e-11,0.0496268,-0.14096,0.0110463
4.344,0.209016,0.106679,0.227421,-0.36772,0.00610438,-0.114137,0.418594,0.112939,-2.26838e-12,0.33012,-0.183314,0.0180947,-0.00578526,0.150358,-1.56845e-11,0.0496798,-0.140958,0.0108194
4.345,0.20912,0.106667,0.227458,-0.36733,0.00580155,-0.114068,0.418594,0.112939,-2.26838e-12,0.330189,-0.183311,0.0183934,-0.00578526,0.150358,-1.56845e-11,0.0497319,-0.140955,0.0105943
4.346,0.209225,0.106653,0.227497,-0.366946,0.0055031,-0.11399,0.418594,0.112939,-2.26838e-12,0.33026,-0.183307,0.0186937,-0.00578526,0.150358,-1.56845e-11,0.0497833,-0.140953,0.010371
4.347,0.209329,0.106638,0.227537,-0.366568,0.00520901,-0.113902,0.418594,0.112939,-2.26838e-12,0.330332,-0.183303,0.0189957,-0.00578526,0.150358,-1.56845e-11,0.0498339,-0.14095,0.0101496
4.348,0.209434,0.106622,0.227578,-0.366195,0.00491929,-0.113804,0.418594,0.112939,-2.26838e-12,0.330404,-0.183299,0.0192993,-0.00578526,0.150358,-1.56845e-11,0.0498837,-0.140948,0.00993001
4.349,0.209538,0.106604,0.22762,-0.365829,0.00463394,-0.113697,0.418594,0.112939,-2.26838e-12,0.330477,-0.183295,0.0196045,-0.00578526,0.150358,-1.56845e-11,0.0499328,-0.140945,0.00971237
4.35,0.209643,0.106585,0.227663,-0.365468,0.00435297,-0.113579,0.418594,0.112939,-2.26838e-12,0.330551,-0.183291,0.0199113,-0.00578526,0.150358,-1.56845e-11,0.0499811,-0.140943,0.00949664
4.351,0.209747,0.106565,0.227708,-0.365114,0.00407637,-0.113452,0.418594,0.112939,-2.26838e-12,0.330626,-0.183287,0.0202196,-0.00578526,0.150358,-1.56845e-11,0.0500287,-0.140941,0.00928285
4.352,0.209852,0.106543,0.227753,-0.364766,0.00380415,-0.113315,0.418594,0.112939,-2.26838e-12,0.330702,-0.183282,0.0205295,-0.00578526,0.150358,-1.56845e-11,0.0500755,-0.140939,0.009071
4.353,0.209956,0.10652,0.227799,-0.364425,0.0035363,-0.113167,0.418594,0.112939,-2.26838e-12,0.330779,-0.183278,0.020841,-0.00578526,0.150358,-1.56845e-11,0.0501216,-0.140936,0.00886113
4.354,0.21006,0.106496,0.227847,-0.364091,0.00327283,-0.11301,0.418594,0.112939,-2.26838e-12,0.330857,-0.183274,0.0211539,-0.00578526,0.150358,-1.56845e-11,0.0501669,-0.140934,0.00865323
4.355,0.210164,0.10647,0.227895,-0.363764,0.00301373,-0.112843,0.418594,0.112939,-2.26838e-12,0.330935,-0.18327,0.0214683,-0.00578526,0.150358,-1.56845e-11,0.0502115,-0.140932,0.00844735
4.356,0.210269,0.106443,0.227944,-0.363443,0.00275902,-0.112665,0.418594,0.112939,-2.26838e-12,0.331015,-0.183265,0.0217842,-0.00578526,0.150358,-1.56845e-11,0.0502553,-0.14093,0.00824348
4.357,0.210373,0.106415,0.227995,-0.36313,0.00250869,-0.112477,0.418594,0.112939,-2.26838e-12,0.331095,-0.183261,0.0221015,-0.00578526,0.150358,-1.56845e-11,0.0502985,-0.140928,0.00804165
4.358,0.210477,0.106385,0.228046,-0.362824,0.00226275,-0.112279,0.418594,0.112939,-2.26838e-12,0.331176,-0.183256,0.0224202,-0.00578526,0.150358,-1.56845e-11,0.0503409,-0.140926,0.00784187
4.359,0.210581,0.106354,0.228099,-0.362526,0.00202118,-0.112071,0.418594,0.112939,-2.26838e-12,0.331259,-0.183252,0.0227404,-0.00578526,0.150358,-1.56845e-11,0.0503825,-0.140924,0.00764417
4.36,0.210685,0.106322,0.228153,-0.362235,0.00178401,-0.111852,0.418594,0.112939,-2.26838e-12,0.331342,-0.183247,0.0230619,-0.00578526,0.150358,-1.56845e-11,0.0504235,-0.140922,0.00744856
4.361,0.210789,0.106289,0.228207,-0.361952,0.00155122,-0.111623,0.418594,0.112939,-2.26838e-12,0.331426,-0.183243,0.0233848,-0.00578526,0.150358,-1.56845e-11,0.0504637,-0.14092,0.00725506
4.362,0.210893,0.106254,0.228263,-0.361677,0.00132281,-0.111384,0.418594,0.112939,-2.26838e-12,0.331511,-0.183238,0.023709,-0.00578526,0.150358,-1.56845e-11,0.0505033,-0.140918,0.00706368
4.363,0.210997,0.106217,0.228319,-0.36141,0.0010988,-0.111134,0.418594,0.112939,-2.26838e-12,0.331597,-0.183233,0.0240345,-0.00578526,0.150358,-1.56845e-11,0.0505421,-0.140916,0.00687445
4.364,0.211101,0.10618,0.228377,-0.361151,0.00087918,-0.110873,0.418594,0.112939,-2.26838e-12,0.331684,-0.183228,0.0243614,-0.00578526,0.150358,-1.56845e-11,0.0505802,-0.140914,0.00668738
4.365,0.211205,0.106141,0.228436,-0.360901,0.00066395,-0.110602,0.418594,0.112939,-2.26838e-12,0.331772,-0.183224,0.0246895,-0.00578526,0.150358,-1.56845e-11,0.0506176,-0.140913,0.00650249
4.366,0.211308,0.106101,0.228495,-0.360659,0.000453113,-0.110321,0.418594,0.112939,-2.26838e-12,0.33186,-0.183219,0.0250189,-0.00578526,0.150358,-1.56845e-11,0.0506544,-0.140911,0.0063198
4.367,0.211412,0.106059,0.228556,-0.360426,0.000246671,-0.110029,0.418594,0.112939,-2.26838e-12,0.33195,-0.183214,0.0253495,-0.00578526,0.150358,-1.56845e-11,0.0506904,-0.140909,0.00613932
4.368,0.211516,0.106016,0.228617,-0.360201,4.46249e-05,-0.109726,0.418594,0.112939,-2.26838e-12,0.332041,-0.183209,0.0256814,-0.00578526,0.150358,-1.56845e-11,0.0507258,-0.140907,0.00596107
4.369,0.21162,0.105972,0.22868,-0.359986,-0.000153024,-0.109412,0.418594,0.112939,-2.26838e-12,0.332132,-0.183204,0.0260144,-0.00578526,0.150358,-1.56845e-11,0.0507605,-0.140906,0.00578507
4.37,0.211723,0.105926,0.228743,-0.359779,-0.000346275,-0.109088,0.418594,0.112939,-2.26838e-12,0.332225,-0.183199,0.0263487,-0.00578526,0.150358,-1.56845e-11,0.0507945,-0.140904,0.00561134
4.371,0.211827,0.105879,0.228808,-0.359582,-0.000535125,-0.108753,0.418594,0.112939,-2.26838e-12,0.332319,-0.183194,0.0266841,-0.00578526,0.150358,-1.56845e-11,0.0508278,-0.140903,0.00543989
4.372,0.211931,0.105831,0.228873,-0.359394,-0.000719575,-0.108406,0.418594,0.112939,-2.26838e-12,0.332413,-0.183188,0.0270206,-0.00578526,0.150358,-1.56845e-11,0.0508604,-0.140901,0.00527074
4.373,0.212034,0.105781,0.228939,-0.359216,-0.000899622,-0.108049,0.418594,0.112939,-2.26838e-12,0.332509,-0.183183,0.0273582,-0.00578526,0.150358,-1.56845e-11,0.0508924,-0.140899,0.00510392
4.374,0.212138,0.105731,0.229007,-0.359048,-0.00107527,-0.107682,0.418594,0.112939,-2.26838e-12,0.332605,-0.183178,0.027697,-0.00578526,0.150358,-1.56845e-11,0.0509238,-0.140898,0.00493943
4.375,0.212242,0.105678,0.229075,-0.358889,-0.0012465,-0.107303,0.418594,0.112939,-2.26838e-12,0.332703,-0.183172,0.0280368,-0.00578526,0.150358,-1.56845e-11,0.0509544,-0.140897,0.0047773
4.376,0.212345,0.105625,0.229144,-0.35874,-0.00141334,-0.106913,0.418594,0.112939,-2.26838e-12,0.332801,-0.183167,0.0283777,-0.00578526,0.150358,-1.56845e-11,0.0509845,-0.140895,0.00461754
4.377,0.212449,0.10557,0.229214,-0.358601,-0.00157576,-0.106512,0.418594,0.112939,-2.26838e-12,0.3329,-0.183162,0.0287196,-0.00578526,0.150358,-1.56845e-11,0.0510138,-0.140894,0.00446017
4.378,0.212552,0.105514,0.229285,-0.358473,-0.00173378,-0.106099,0.418594,0.112939,-2.26838e-12,0.333001,-0.183156,0.0290626,-0.00578526,0.150358,-1.56845e-11,0.0510425,-0.140892,0.00430521
4.379,0.212656,0.105456,0.229357,-0.358355,-0.00188738,-0.105676,0.418594,0.112939,-2.26838e-12,0.333102,-0.183151,0.0294065,-0.00578526,0.150358,-1.56845e-11,0.0510706,-0.140891,0.00415267
4.38,0.212759,0.105397,0.22943,-0.358247,-0.00203658,-0.105242,0.418594,0.112939,-2.26838e-12,0.333205,-0.183145,0.0297514,-0.00578526,0.150358,-1.56845e-11,0.0510981,-0.14089,0.00400258
4.381,0.212863,0.105337,0.229503,-0.35815,-0.00218136,-0.104796,0.418594,0.112939,-2.26838e-12,0.333308,-0.183139,0.0300973,-0.00578526,0.150358,-1.56845e-11,0.0511249,-0.140888,0.00385494
4.382,0.212966,0.105275,0.229578,-0.358064,-0.00232173,-0.104339,0.418594,0.112939,-2.26838e-12,0.333413,-0.183133,0.0304441,-0.00578526,0.150358,-1.56845e-11,0.0511511,-0.140887,0.00370979
4.383,0.213069,0.105212,0.229653,-0.357989,-0.00245768,-0.10387,0.418594,0.112939,-2.26838e-12,0.333518,-0.183128,0.0307919,-0.00578526,0.150358,-1.56845e-11,0.0511766,-0.140886,0.00356713
4.384,0.213173,0.105148,0.22973,-0.357925,-0.00258922,-0.10339,0.418594,0.112939,-2.26838e-12,0.333625,-0.183122,0.0311405,-0.00578526,0.150358,-1.56845e-11,0.0512016,-0.140885,0.00342699
4.385,0.213276,0.105082,0.229807,-0.357873,-0.00271633,-0.102899,0.418594,0.112939,-2.26838e-12,0.333732,-0.183116,0.03149,-0.00578526,0.150358,-1.56845e-11,0.0512259,-0.140884,0.00328938
4.386,0.213379,0.105015,0.229885,-0.357831,-0.00283903,-0.102396,0.418594,0.112939,-2.26838e-12,0.333841,-0.18311,0.0318404,-0.00578526,0.150358,-1.56845e-11,0.0512496,-0.140882,0.00315431
4.387,0.213483,0.104947,0.229964,-0.357802,-0.00295731,-0.101882,0.418594,0.112939,-2.26838e-12,0.33395,-0.183104,0.0321916,-0.00578526,0.150358,-1.56845e-11,0.0512727,-0.140881,0.00302181
4.388,0.213586,0.104878,0.230044,-0.357784,-0.00307117,-0.101356,0.418594,0.112939,-2.26838e-12,0.334061,-0.183098,0.0325436,-0.00578526,0.150358,-1.56845e-11,0.0512952,-0.14088,0.0028919
4.389,0.213689,0.104807,0.230125,-0.357778,-0.0031806,-0.100818,0.418594,0.112939,-2.26838e-12,0.334172,-0.183092,0.0328964,-0.00578526,0.150358,-1.56845e-11,0.0513171,-0.140879,0.00276459
4.39,0.213792,0.104734,0.230207,-0.357784,-0.00328561,-0.100269,0.418594,0.112939,-2.26838e-12,0.334285,-0.183086,0.03325,-0.00578526,0.150358,-1.56845e-11,0.0513384,-0.140878,0.0026399
4.391,0.213896,0.104661,0.230289,-0.357802,-0.00338619,-0.0997078,0.418594,0.112939,-2.26838e-12,0.334399,-0.183079,0.0336043,-0.00578526,0.150358,-1.56845e-11,0.0513591,-0.140877,0.00251784
4.392,0.213999,0.104586,0.230372,-0.357832,-0.00348235,-0.0991351,0.418594,0.112939,-2.26838e-12,0.334514,-0.183073,0.0339594,-0.00578526,0.150358,-1.56845e-11,0.0513792,-0.140876,0.00239844
4.393,0.214102,0.10451,0.230457,-0.357875,-0.00357408,-0.0985505,0.418594,0.112939,-2.26838e-12,0.33463,-0.183067,0.0343152,-0.00578526,0.150358,-1.56845e-11,0.0513987,-0.140875,0.00228171
4.394,0.214205,0.104432,0.230542,-0.357931,-0.00366138,-0.0979542,0.418594,0.112939,-2.26838e-12,0.334746,-0.18306,0.0346717,-0.00578526,0.150358,-1.56845e-11,0.0514176,-0.140874,0.00216767
4.395,0.214308,0.104353,0.230627,-0.357999,-0.00374425,-0.0973459,0.418594,0.112939,-2.26838e-12,0.334864,-0.183054,0.0350289,-0.00578526,0.150358,-1.56845e-11,0.051436,-0.140873,0.00205634
4.396,0.214411,0.104273,0.230714,-0.35808,-0.00382268,-0.0967257,0.418594,0.112939,-2.26838e-12,0.334983,-0.183047,0.0353867,-0.00578526,0.150358,-1.56845e-11,0.0514538,-0.140873,0.00194773
4.397,0.214514,0.104191,0.230801,-0.358174,-0.00389668,-0.0960935,0.418594,0.112939,-2.26838e-12,0.335104,-0.183041,0.0357451,-0.00578526,0.150358,-1.56845e-11,0.051471,-0.140872,0.00184187
4.398,0.214618,0.104108,0.23089,-0.358281,-0.00396625,-0.0954493,0.418594,0.112939,-2.26838e-12,0.335225,-0.183034,0.0361042,-0.00578526,0.150358,-1.56845e-11,0.0514877,-0.140871,0.00173876
4.399,0.214721,0.104024,0.230979,-0.358402,-0.00403138,-0.094793,0.418594,0.112939,-2.26838e-12,0.335347,-0.183027,0.0364639,-0.00578526,0.150358,-1.56845e-11,0.0515038,-0.14087,0.00163844
4.4,0.214824,0.103938,0.231069,-0.358536,-0.00409208,-0.0941246,0.418594,0.112939,-2.26838e-12,0.33547,-0.18302,0.0368241,-0.00578526,0.150358,-1.56845e-11,0.0515193,-0.140869,0.0015409
4.401,0.214927,0.103851,0.231159,-0.358683,-0.00414835,-0.0934441,0.418594,0.112939,-2.26838e-12,0.335595,-0.183014,0.0371849,-0.00578526,0.150358,-1.56845e-11,0.0515343,-0.140869,0.00144619
4.402,0.21503,0.103763,0.231251,-0.358844,-0.00420027,-0.0927517,0.418594,0.112939,-2.26838e-12,0.33572,-0.183007,0.0375462,-0.00578526,0.150358,-1.56845e-11,0.0515488,-0.140868,0.0013543
4.403,0.215133,0.103673,0.231343,-0.359018,-0.00424793,-0.0920476,0.418594,0.112939,-2.26838e-12,0.335847,-0.183,0.0379081,-0.00578526,0.150358,-1.56845e-11,0.0515626,-0.140867,0.00126526
4.404,0.215236,0.103582,0.231436,-0.359205,-0.00429143,-0.0913322,0.418594,0.112939,-2.26838e-12,0.335975,-0.182993,0.0382704,-0.00578526,0.150358,-1.56845e-11,0.051576,-0.140867,0.00117909
4.405,0.215339,0.10349,0.23153,-0.359404,-0.00433086,-0.0906057,0.418594,0.112939,-2.26838e-12,0.336103,-0.182986,0.0386332,-0.00578526,0.150358,-1.56845e-11,0.0515888,-0.140866,0.0010958
4.406,0.215442,0.103396,0.231624,-0.359615,-0.00436629,-0.0898683,0.418594,0.112939,-2.26838e-12,0.336233,-0.182979,0.0389964,-0.00578526,0.150358,-1.56845e-11,0.0516011,-0.140866,0.00101541
4.407,0.215545,0.103301,0.231719,-0.359838,-0.00439784,-0.0891203,0.418594,0.112939,-2.26838e-12,0.336364,-0.182971,0.0393601,-0.00578526,0.150358,-1.56845e-11,0.0516129,-0.140865,0.000937936
4.408,0.215648,0.103205,0.231815,-0.360073,-0.00442558,-0.0883621,0.418594,0.112939,-2.26838e-12,0.336497,-0.182964,0.0397242,-0.00578526,0.150358,-1.56845e-11,0.0516241,-0.140864,0.000863402
4.409,0.21575,0.103107,0.231912,-0.360319,-0.0044496,-0.0875938,0.418594,0.112939,-2.26838e-12,0.33663,-0.182957,0.0400887,-0.00578526,0.150358,-1.56845e-11,0.0516348,-0.140864,0.000791822
4.41,0.215853,0.103008,0.232009,-0.360575,-0.00447001,-0.0868157,0.418594,0.112939,-2.26838e-12,0.336764,-0.182949,0.0404536,-0.00578526,0.150358,-1.56845e-11,0.051645,-0.140863,0.000723213
4.411,0.215956,0.102908,0.232107,-0.360843,-0.00448688,-0.086028,0.418594,0.112939,-2.26838e-12,0.3369,-0.182942,0.0408188,-0.00578526,0.150358,-1.56845e-11,0.0516547,-0.140863,0.000657593
4.412,0.216059,0.102806,0.232205,-0.36112,-0.00450031,-0.0852311,0.418594,0.112939,-2.26838e-12,0.337036,-0.182934,0.0411843,-0.00578526,0.150358,-1.56845e-11,0.0516639,-0.140863,0.00059498
4.413,0.216161,0.102703,0.232305,-0.361408,-0.00451039,-0.0844252,0.418594,0.112939,-2.26838e-12,0.337174,-0.182927,0.0415502,-0.00578526,0.150358,-1.56845e-11,0.0516725,-0.140862,0.000535391
4.414,0.216264,0.102599,0.232404,-0.361706,-0.00451721,-0.0836106,0.418594,0.112939,-2.26838e-12,0.337313,-0.182919,0.0419164,-0.00578526,0.150358,-1.56845e-11,0.0516807,-0.140862,0.000478845
4.415,0.216367,0.102494,0.232505,-0.362013,-0.00452086,-0.0827875,0.418594,0.112939,-2.26838e-12,0.337453,-0.182912,0.0422828,-0.00578526,0.150358,-1.56845e-11,0.0516884,-0.140861,0.000425358
4.416,0.216469,0.102387,0.232606,-0.362329,-0.00452143,-0.0819562,0.418594,0.112939,-2.26838e-12,0.337594,-0.182904,0.0426494,-0.00578526,0.150358,-1.56845e-11,0.0516955,-0.140861,0.000374947
4.417,0.216572,0.102279,0.232707,-0.362654,-0.00451902,-0.081117,0.418594,0.112939,-2.26838e-12,0.337737,-0.182896,0.0430163,-0.00578526,0.150358,-1.56845e-11,0.0517022,-0.140861,0.000327632
4.418,0.216674,0.102169,0.23281,-0.362988,-0.00451371,-0.0802701,0.418594,0.112939,-2.26838e-12,0.33788,-0.182888,0.0433834,-0.00578526,0.150358,-1.56845e-11,0.0517084,-0.14086,0.000283429
4.419,0.216776,0.102059,0.232912,-0.36333,-0.00450559,-0.0794157,0.418594,0.112939,-2.26838e-12,0.338025,-0.18288,0.0437507,-0.00578526,0.150358,-1.56845e-11,0.0517142,-0.14086,0.000242357
4.42,0.216879,0.101947,0.233015,-0.363679,-0.00449475,-0.0785542,0.418594,0.112939,-2.26838e-12,0.338171,-0.182872,0.0441182,-0.00578526,0.150358,-1.56845e-11,0.0517194,-0.14086,0.000204431
4.421,0.216981,0.101834,0.233119,-0.364037,-0.00448129,-0.0776859,0.418594,0.112939,-2.26838e-12,0.338318,-0.182864,0.0444858,-0.00578526,0.150358,-1.56845e-11,0.0517242,-0.14086,0.000169671
4.422,0.217083,0.101719,0.233223,-0.364402,-0.0044653,-0.0768109,0.418594,0.112939,-2.26838e-12,0.338466,-0.182856,0.0448536,-0.00578526,0.150358,-1.56845e-11,0.0517285,-0.140859,0.000138094
4.423,0.217185,0.101603,0.233328,-0.364774,-0.00444686,-0.0759295,0.418594,0.112939,-2.26838e-12,0.338615,-0.182848,0.0452214,-0.00578526,0.150358,-1.56845e-11,0.0517323,-0.140859,0.000109717
4.424,0.217287,0.101486,0.233433,-0.365153,-0.00442607,-0.075042,0.418594,0.112939,-2.26838e-12,0.338766,-0.18284,0.0455894,-0.00578526,0.150358,-1.56845e-11,0.0517357,-0.140859,8.45584e-05
4.425,0.217389,0.101368,0.233539,-0.365538,-0.00440302,-0.0741488,0.418594,0.112939,-2.26838e-12,0.338918,-0.182831,0.0459574,-0.00578526,0.150358,-1.56845e-11,0.0517387,-0.140859,6.26354e-05
4.426,0.217491,0.101248,0.233645,-0.365929,-0.0043778,-0.0732499,0.418594,0.112939,-2.26838e-12,0.339071,-0.182823,0.0463255,-0.00578526,0.150358,-1.56845e-11,0.0517411,-0.140859,4.39655e-05
4.427,0.217593,0.101127,0.233752,-0.366327,-0.00435049,-0.0723457,0.418594,0.112939,-2.26838e-12,0.339225,-0.182814,0.0466936,-0.00578526,0.150358,-1.56845e-11,0.0517432,-0.140859,2.85666e-05
4.428,0.217695,0.101005,0.233859,-0.36673,-0.00432119,-0.0714365,0.418594,0.112939,-2.26838e-12,0.33938,-0.182806,0.0470617,-0.00578526,0.150358,-1.56845e-11,0.0517447,-0.140859,1.64562e-05
4.429,0.217796,0.100882,0.233966,-0.367138,-0.00429,-0.0705225,0.418594,0.112939,-2.26838e-12,0.339537,-0.182797,0.0474297,-0.00578526,0.150358,-1.56845e-11,0.0517459,-0.140859,7.65182e-06
4.43,0.217898,0.100757,0.234074,-0.367551,-0.00425699,-0.069604,0.418594,0.112939,-2.26838e-12,0.339694,-0.182789,0.0477978,-0.00578526,0.150358,-1.56845e-11,0.0517466,-0.140859,2.17119e-06
4.431,0.217999,0.100631,0.234182,-0.367969,-0.00422227,-0.0686813,0.418594,0.112939,-2.26838e-12,0.339853,-0.18278,0.0481658,-0.00578526,0.150358,-1.56845e-11,0.0517469,-0.140859,3.18784e-08
4.432,0.218101,0.100504,0.234291,-0.368392,-0.00418592,-0.0677545,0.418594,0.112939,-2.26838e-12,0.340013,-0.182771,0.0485337,-0.00578526,0.150358,-1.56845e-11,0.0517469,-0.140859,6.81397e-12
4.433,0.218202,0.100375,0.2344,-0.368818,-0.00414804,-0.0668241,0.418594,0.112939,-2.26838e-12,0.340175,-0.182762,0.0489016,-0.00578526,0.150358,-1.56845e-11,0.0517469,-0.140859,6.81397e-12
4.434,0.218303,0.100246,0.234509,-0.369249,-0.0041087,-0.0658902,0.418594,0.112939,-2.26838e-12,0.340337,-0.182753,0.0492693,-0.00578526,0.150358,-1.56845e-11,0.0517469,-0.140859,6.81397e-12
4.435,0.218404,0.100115,0.234619,-0.369682,-0.00406801,-0.064953,0.418594,0.112939,-2.26838e-12,0.340501,-0.182744,0.0496369,-0.00578526,0.150358,-1.56845e-11,0.0517469,-0.140859,6.81397e-12
4.436,0.218505,0.0999825,0.234729,-0.370119,-0.00402606,-0.064013,0.418594,0.112939,-2.26838e-12,0.340666,-0.182735,0.0500043,-0.00578526,0.150358,-1.56845e-11,0.0517469,-0.140859,6.81397e-12
4.437,0.218606,0.0998491,0.234839,-0.370559,-0.00398293,-0.0630703,0.418594,0.112939,-2.26838e-12,0.340832,-0.182726,0.0503716,-0.00578526,0.150358,-1.56845e-11,0.0517469,-0.140859,6.81397e-12
4.438,0.218707,0.0997144,0.234949,-0.371002,-0.00393872,-0.0621252,0.418594,0.112939,-2.26838e-12,0.341,-0.182717,0.0507386,-0.00578526,0.150358,-1.56845e-11,0.0517469,-0.140859,6.81397e-12
4.439,0.218807,0.0995785,0.23506,-0.371447,-0.00389352,-0.0611779,0.418594,0.112939,-2.26838e-12,0.341169,-0.182708,0.0511055,-0.00578526,0.150358,-1.56845e-11,0.0517469,-0.140859,6.81397e-12
4.44,0.218908,0.0994413,0.235171,-0.371894,-0.00384741,-0.0602287,0.418594,0.112939,-2.26838e-12,0.341339,-0.182698,0.0514721,-0.00578526,0.150358,-1.56845e-11,0.0517469,-0.140859,6.81397e-12
4.441,0.219008,0.0993029,0.235283,-0.372343,-0.00380049,-0.059278,0.418594,0.112939,-2.26838e-12,0.34151,-0.182689,0.0518385,-0.00578526,0.150358,-1.56845e-11,0.0517469,-0.140859,6.81397e-12
4.442,0.219108,0.0991633,0.235394,-0.372793,-0.00375285,-0.0583259,0.418594,0.112939,-2.26838e-12,0.341682,-0.182679,0.0522046,-0.00578526,0.150358,-1.56845e-11,0.0517469,-0.140859,6.81397e-12
4.443,0.219209,0.0990225,0.235506,-0.373244,-0.00370458,-0.0573727,0.418594,0.112939,-2.26838e-12,0.341856,-0.18267,0.0525703,-0.00578526,0.150358,-1.56845e-11,0.0517469,-0.140859,6.81397e-12
4.444,0.219309,0.0988805,0.235618,-0.373697,-0.00365578,-0.0564187,0.418594,0.112939,-2.26838e-12,0.342031,-0.18266,0.0529358,-0.00578526,0.150358,-1.56845e-11,0.0517469,-0.140859,6.81397e-12
4.445,0.219409,0.0987372,0.23573,-0.374149,-0.00360652,-0.0554641,0.418594,0.112939,-2.26838e-12,0.342207,-0.182651,0.053301,-0.00578526,0.150358,-1.56845e-11,0.0517469,-0.140859,6.81397e-12
4.446,0.219508,0.0985927,0.235842,-0.374602,-0.0035569,-0.0545092,0.418594,0.112939,-2.26838e-12,0.342385,-0.182641,0.0536658,-0.00578526,0.150358,-1.56845e-11,0.0517469,-0.140859,6.81397e-12
4.447,0.219608,0.098447,0.235955,-0.375055,-0.00350702,-0.0535543,0.418594,0.112939,-2.26838e-12,0.342564,-0.182631,0.0540302,-0.00578526,0.150358,-1.56845e-11,0.0517469,-0.140859,6.81397e-12
4.448,0.219707,0.0983001,0.236067,-0.375508,-0.00345696,-0.0525997,0.418594,0.112939,-2.26838e-12,0.342744,-0.182621,0.0543942,-0.00578526,0.150358,-1.56845e-11,0.0517469,-0.140859,6.81397e-12
4.449,0.219807,0.098152,0.23618,-0.37596,-0.00340682,-0.0516455,0.418594,0.112939,-2.26838e-12,0.342925,-0.182611,0.0547578,-0.00578526,0.150358,-1.56845e-11,0.0517469,-0.140859,6.81397e-12
4.45,0.219906,0.0980026,0.236293,-0.376411,-0.00335668,-0.0506921,0.418594,0.112939,-2.26838e-12,0.343108,-0.182601,0.0551209,-0.00578526,0.150358,-1.56845e-11,0.0517469,-0.140859,6.81397e-12
4.451,0.220005,0.0978521,0.236406,-0.376861,-0.00330663,-0.0497397,0.418594,0.112939,-2.26838e-12,0.343292,-0.182591,0.0554836,-0.00578526,0.150358,-1.56845e-11,0.0517469,-0.140859,6.81397e-12
4.452,0.220104,0.0977004,0.236519,-0.377309,-0.00325677,-0.0487886,0.418594,0.112939,-2.26838e-12,0.343477,-0.182581,0.0558459,-0.00578526,0.150358,-1.56845e-11,0.0517469,-0.140859,6.81397e-12
4.453,0.220203,0.0975474,0.236633,-0.377756,-0.00320719,-0.047839,0.418594,0.112939,-2.26838e-12,0.343663,-0.182571,0.0562076,-0.00578526,0.150358,-1.56845e-11,0.0517469,-0.140859,6.81397e-12
4.454,0.220302,0.0973933,0.236746,-0.3782,-0.00315797,-0.0468913,0.418594,0.112939,-2.26838e-12,0.343851,-0.18256,0.0565688,-0.00578526,0.150358,-1.56845e-11,0.0517469,-0.140859,6.81397e-12
4.455,0.2204,0.097238,0.236859,-0.378642,-0.00310921,-0.0459456,0.418594,0.112939,-2.26838e-12,0.34404,-0.18255,0.0569295,-0.00578526,0.150358,-1.56845e-11,0.0517469,-0.140859,6.81397e-12
4.456,0.220498,0.0970815,0.236973,-0.379081,-0.00306101,-0.0450023,0.418594,0.112939,-2.26838e-12,0.344231,-0.182539,0.0572896,-0.00578526,0.150358,-1.56845e-11,0.0517469,-0.140859,6.81397e-12
4.457,0.220597,0.0969238,0.237086,-0.379517,-0.00301344,-0.0440616,0.418594,0.112939,-2.26838e-12,0.344422,-0.182529,0.0576492,-0.00578526,0.150358,-1.56845e-11,0.0517469,-0.140859,6.81397e-12
4.458,0.220695,0.0967649,0.237199,-0.37995,-0.0029666,-0.0431237,0.418594,0.112939,-2.26838e-12,0.344615,-0.182518,0.0580081,-0.00578526,0.150358,-1.56845e-11,0.0517469,-0.140859,6.81397e-12
4.459,0.220793,0.0966048,0.237313,-0.38038,-0.00292058,-0.042189,0.418594,0.112939,-2.26838e-12,0.34481,-0.182508,0.0583664,-0.00578526,0.150358,-1.56845e-11,0.0517469,-0.140859,6.81397e-12
4.46,0.22089,0.0964436,0.237426,-0.380805,-0.00287547,-0.0412577,0.418594,0.112939,-2.26838e-12,0.345006,-0.182497,0.0587241,-0.00578526,0.150358,-1.56845e-11,0.0517469,-0.140859,6.81397e-12
4.461,0.220988,0.0962812,0.23754,-0.381226,-0.00283137,-0.04033,0.418594,0.112939,-2.26838e-12,0.345203,-0.182486,0.0590811,-0.00578526,0.150358,-1.56845e-11,0.0517469,-0.140859,6.81397e-12
4.462,0.221085,0.0961176,0.237653,-0.381643,-0.00278835,-0.0394063,0.418594,0.112939,-2.26838e-12,0.345401,-0.182475,0.0594375,-0.00578526,0.150358,-1.56845e-11,0.0517469,-0.140859,6.81397e-12
4.463,0.221182,0.0959528,0.237766,-0.382055,-0.00274652,-0.0384867,0.418594,0.112939,-2.26838e-12,0.345601,-0.182464,0.0597931,-0.00578526,0.150358,-1.56845e-11,0.0517469,-0.140859,6.81397e-12
4.464,0.221279,0.0957869,0.23788,-0.382462,-0.00270597,-0.0375716,0.418594,0.112939,-2.26838e-12,0.345802,-0.182453,0.060148,-0.00578526,0.150358,-1.56845e-11,0.0517469,-0.140859,6.81397e-12
4.465,0.221376,0.0956198,0.237993,-0.382864,-0.00266678,-0.0366613,0.418594,0.112939,-2.26838e-12,0.346004,-0.182442,0.0605022,-0.00578526,0.150358,-1.56845e-11,0.0517469,-0.140859,6.81397e-12
4.466,0.221473,0.0954515,0.238106,-0.383259,-0.00262904,-0.0357559,0.418594,0.112939,-2.26838e-12,0.346208,-0.182431,0.0608557,-0.00578526,0.150358,-1.56845e-11,0.0517469,-0.140859,6.81397e-12
4.467,0.221569,0.0952821,0.238219,-0.383649,-0.00259286,-0.0348557,0.418594,0.112939,-2.26838e-12,0.346413,-0.18242,0.0612083,-0.00578526,0.150358,-1.56845e-11,0.0517469,-0.140859,6.81397e-12
4.468,0.221666,0.0951115,0.238332,-0.384033,-0.0025583,-0.0339611,0.418594,0.112939,-2.26838e-12,0.346619,-0.182408,0.0615602,-0.00578526,0.150358,-1.56845e-11,0.0517469,-0.140859,6.81397e-12
4.469,0.221762,0.0949398,0.238444,-0.38441,-0.00252548,-0.0330722,0.418594,0.112939,-2.26838e-12,0.346827,-0.182397,0.0619112,-0.00578526,0.150358,-1.56845e-11,0.0517469,-0.140859,6.81397e-12
4.47,0.221858,0.0947669,0.238557,-0.38478,-0.00249447,-0.0321893,0.418594,0.112939,-2.26838e-12,0.347036,-0.182385,0.0622614,-0.00578526,0.150358,-1.56845e-11,0.0517469,-0.140859,6.81397e-12
4.471,0.221953,0.0945929,0.238669,-0.385143,-0.00246538,-0.0313128,0.418594,0.112939,-2.26838e-12,0.347247,-0.182374,0.0626107,-0.00578526,0.150358,-1.56845e-11,0.0517469,-0.140859,6.81397e-12
4.472,0.222049,0.0944177,0.238781,-0.385498,-0.00243828,-0.0304428,0.418594,0.112939,-2.26838e-12,0.347459,-0.182362,0.0629591,-0.00578526,0.150358,-1.56845e-11,0.0517469,-0.140859,6.81397e-12
4.473,0.222144,0.0942414,0.238893,-0.385846,-0.00241327,-0.0295796,0.418594,0.112939,-2.26838e-12,0.347672,-0.18235,0.0633067,-0.00578526,0.150358,-1.56845e-11,0.0517469,-0.140859,6.81397e-12
4.474,0.222239,0.094064,0.239005,-0.386186,-0.00239045,-0.0287235,0.418594,0.112939,-2.26838e-12,0.347887,-0.182339,0.0636533,-0.00578526,0.150358,-1.56845e-11,0.0517469,-0.140859,6.81397e-12
4.475,0.222334,0.0938854,0.239117,-0.386517,-0.00236989,-0.0278748,0.418594,0.112939,-2.26838e-12,0.348103,-0.182327,0.063999,-0.00578526,0.150358,-1.56845e-11,0.0517469,-0.140859,6.81397e-12
4.476,0.222429,0.0937056,0.239228,-0.38684,-0.0023517,-0.0270337,0.418594,0.112939,-2.26838e-12,0.348321,-0.182315,0.0643437,-0.00578526,0.150358,-1.56845e-11,0.0517469,-0.140859,6.81397e-12
4.477,0.222523,0.0935248,0.239339,-0.387154,-0.00233596,-0.0262004,0.418594,0.112939,-2.26838e-12,0.348539,-0.182303,0.0646874,-0.00578526,0.150358,-1.56845e-11,0.0517469,-0.140859,6.81397e-12
4.478,0.222618,0.0933428,0.23945,-0.387458,-0.00232276,-0.0253754,0.418594,0.112939,-2.26838e-12,0.34876,-0.182291,0.0650302,-0.00578526,0.150358,-1.56845e-11,0.0517469,-0.140859,6.81397e-12
4.479,0.222712,0.0931597,0.239561,-0.387753,-0.0023122,-0.0245587,0.418594,0.112939,-2.26838e-12,0.348981,-0.182278,0.0653719,-0.00578526,0.150358,-1.56845e-11,0.0517469,-0.140859,6.81397e-12
4.48,0.222806,0.0929754,0.239671,-0.388038,-0.00230437,-0.0237507,0.418594,0.112939,-2.26838e-12,0.349204,-0.182266,0.0657125,-0.00578526,0.150358,-1.56845e-11,0.0517469,-0.140859,6.81397e-12
4.481,0.222899,0.0927901,0.239781,-0.388313,-0.00229934,-0.0229516,0.418594,0.112939,-2.26838e-12,0.349429,-0.182254,0.0660521,-0.00578526,0.150358,-1.56845e-11,0.0517469,-0.140859,6.81397e-12
4.482,0.222993,0.0926036,0.239891,-0.388578,-0.00229723,-0.0221617,0.418594,0.112939,-2.26838e-12,0.349655,-0.182242,0.0663907,-0.00578526,0.150358,-1.56845e-11,0.0517469,-0.140859,6.81397e-12
4.483,0.223086,0.092416,0.24,-0.388832,-0.00229811,-0.0213813,0.418594,0.112939,-2.26838e-12,0.349882,-0.182229,0.0667281,-0.00578526,0.150358,-1.56845e-11,0.0517469,-0.140859,6.81397e-12
4.484,0.223179,0.0922273,0.240109,-0.389074,-0.00230208,-0.0206106,0.418594,0.112939,-2.26838e-12,0.350111,-0.182216,0.0670644,-0.00578526,0.150358,-1.56845e-11,0.0517469,-0.140859,6.81397e-12
4.485,0.223272,0.0920374,0.240218,-0.389306,-0.00230923,-0.0198499,0.418594,0.112939,-2.26838e-12,0.350341,-0.182204,0.0673995,-0.00578526,0.150358,-1.56845e-11,0.0517469,-0.140859,6.81397e-12
4.486,0.223364,0.0918465,0.240326,-0.389526,-0.00231965,-0.0190994,0.418594,0.112939,-2.26838e-12,0.350572,-0.182191,0.0677335,-0.00578526,0.150358,-1.56845e-11,0.0517469,-0.140859,6.81397e-12
4.487,0.223456,0.0916545,0.240434,-0.389734,-0.00233343,-0.0183595,0.418594,0.112939,-2.26838e-12,0.350805,-0.182178,0.0680663,-0.00578526,0.150358,-1.56845e-11,0.0517469,-0.140859,6.81397e-12
4.488,0.223548,0.0914613,0.240541,-0.38993,-0.00235065,-0.0176303,0.418594,0.112939,-2.26838e-12,0.35104,-0.182165,0.0683979,-0.00578526,0.150358,-1.56845e-11,0.0517469,-0.140859,6.81397e-12
4.489,0.22364,0.0912671,0.240649,-0.390113,-0.00237142,-0.0169122,0.418594,0.112939,-2.26838e-12,0.351276,-0.182152,0.0687283,-0.00578526,0.150358,-1.56845e-11,0.0517469,-0.140859,6.81397e-12
4.49,0.223732,0.0910718,0.240755,-0.390283,-0.00239582,-0.0162054,0.418594,0.112939,-2.26838e-12,0.351513,-0.182139,0.0690574,-0.00578526,0.150358,-1.56845e-11,0.0517469,-0.140859,6.81397e-12
4.491,0.223823,0.0908754,0.240861,-0.390441,-0.00242394,-0.0155102,0.418594,0.112939,-2.26838e-12,0.351752,-0.182126,0.0693853,-0.00578526,0.150358,-1.56845e-11,0.0517469,-0.140859,6.81397e-12
4.492,0.223914,0.0906778,0.240967,-0.390585,-0.00245588,-0.0148268,0.418594,0.112939,-2.26838e-12,0.351992,-0.182113,0.0697119,-0.00578526,0.150358,-1.56845e-11,0.0517469,-0.140859,6.81397e-12
4.493,0.224005,0.0904792,0.241073,-0.390715,-0.00249172,-0.0141555,0.418594,0.112939,-2.26838e-12,0.352234,-0.1821,0.0700371,-0.00578526,0.150358,-1.56845e-11,0.0517469,-0.140859,6.81397e-12
4.494,0.224096,0.0902795,0.241177,-0.390831,-0.00253155,-0.0134965,0.418594,0.112939,-2.26838e-12,0.352477,-0.182087,0.0703611,-0.00578526,0.150358,-1.56845e-11,0.0517469,-0.140859,6.81397e-12
4.495,0.224186,0.0900788,0.241282,-0.390933,-0.00257547,-0.0128502,0.418594,0.112939,-2.26838e-12,0.352722,-0.182073,0.0706837,-0.00578526,0.150358,-1.56845e-11,0.0517469,-0.140859,6.81397e-12
4.496,0.224276,0.0898769,0.241386,-0.391021,-0.00262357,-0.0122168,0.418594,0.112939,-2.26838e-12,0.352968,-0.18206,0.0710049,-0.00578526,0.150358,-1.56845e-11,0.0517469,-0.140859,6.81397e-12
4.497,0.224366,0.089674,0.241489,-0.391093,-0.00267593,-0.0115965,0.418594,0.112939,-2.26838e-12,0.353215,-0.182046,0.0713247,-0.00578526,0.150358,-1.56845e-11,0.0517469,-0.140859,6.81397e-12
4.498,0.224455,0.08947,0.241592,-0.391151,-0.00273265,-0.0109897,0.418594,0.112939,-2.26838e-12,0.353464,-0.182032,0.0716432,-0.00578526,0.150358,-1.56845e-11,0.0517469,-0.140859,6.81397e-12
4.499,0.224545,0.0892649,0.241694,-0.391193,-0.00279382,-0.0103965,0.418594,0.112939,-2.26838e-12,0.353715,-0.182019,0.0719602,-0.00578526,0.150358,-1.56845e-11,0.0517469,-0.140859,6.81397e-12
4.5,0.224634,0.0890587,0.241796,-0.391219,-0.00285952,-0.00981725,0.418594,0.112939,-2.26838e-12,0.353967,-0.182005,0.0722758,-0.00578526,0.150358,-1.56845e-11,0.0517469,-0.140859,6.81397e-12
4.501,0.224722,0.0888515,0.241897,-0.391229,-0.00292983,-0.00925218,0.418594,0.112939,-2.26838e-12,0.35422,-0.181991,0.0725899,-0.00578526,0.150358,-1.56845e-11,0.0517469,-0.140859,6.81397e-12
4.502,0.224811,0.0886433,0.241997,-0.391223,-0.00300473,-0.00870127,0.418594,0.112939,-2.26838e-12,0.354476,-0.181977,0.0729025,-0.00578526,0.150358,-1.56845e-11,0.0517469,-0.140859,6.81397e-12
4.503,0.224899,0.0884339,0.242097,-0.391201,-0.00308415,-0.0081645,0.418594,0.112939,-2.26838e-12,0.354732,-0.181963,0.0732136,-0.00578526,0.150358,-1.56845e-11,0.0517469,-0.140859,6.81397e-12
4.504,0.224987,0.0882236,0.242197,-0.391163,-0.00316806,-0.00764182,0.418594,0.112939,-2.26838e-12,0.35499,-0.181949,0.0735232,-0.00578526,0.150358,-1.56845e-11,0.0517469,-0.140859,6.81397e-12
4.505,0.225074,0.0880121,0.242295,-0.391109,-0.0032564,-0.00713319,0.418594,0.112939,-2.26838e-12,0.35525,-0.181934,0.0738312,-0.00578526,0.150358,-1.56845e-11,0.0517469,-0.140859,6.81397e-12
4.506,0.225162,0.0877997,0.242393,-0.39104,-0.00334914,-0.00663857,0.418594,0.112939,-2.26838e-12,0.355511,-0.18192,0.0741376,-0.00578526,0.150358,-1.56845e-11,0.0517469,-0.140859,6.81397e-12
4.507,0.225249,0.0875862,0.242491,-0.390954,-0.00344621,-0.00615792,0.418594,0.112939,-2.26838e-12,0.355773,-0.181906,0.0744425,-0.00578526,0.150358,-1.56845e-11,0.0517469,-0.140859,6.81397e-12
4.508,0.225336,0.0873717,0.242588,-0.390853,-0.00354757,-0.00569121,0.418594,0.112939,-2.26838e-12,0.356037,-0.181891,0.0747458,-0.00578526,0.150358,-1.56845e-11,0.0517469,-0.140859,6.81397e-12
4.509,0.225422,0.0871562,0.242684,-0.390736,-0.00365317,-0.00523839,0.418594,0.112939,-2.26838e-12,0.356303,-0.181876,0.0750474,-0.00578526,0.150358,-1.56845e-11,0.0517469,-0.140859,6.81397e-12
4.51,0.225508,0.0869397,0.24278,-0.390603,-0.00376297,-0.00479943,0.418594,0.112939,-2.26838e-12,0.35657,-0.181862,0.0753474,-0.00578526,0.150358,-1.56845e-11,0.0517469,-0.140859,6.81397e-12
4.511,0.225594,0.0867222,0.242875,-0.390455,-0.00387691,-0.00437429,0.418594,0.112939,-2.26838e-12,0.356838,-0.181847,0.0756457,-0.00578526,0.150358,-1.56845e-11,0.0517469,-0.140859,6.81397e-12
4.512,0.22568,0.0865037,0.242969,-0.390291,-0.00399495,-0.00396293,0.418594,0.112939,-2.26838e-12,0.357109,-0.181832,0.0759423,-0.00578526,0.150358,-1.56845e-11,0.0517469,-0.140859,6.81397e-12
4.513,0.225765,0.0862842,0.243063,-0.390111,-0.00411704,-0.0035653,0.418594,0.112939,-2.26838e-12,0.35738,-0.181817,0.0762373,-0.00578526,0.150358,-1.56845e-11,0.0517469,-0.140859,6.81397e-12
4.514,0.225851,0.0860637,0.243156,-0.389916,-0.00424313,-0.00318137,0.418594,0.112939,-2.26838e-12,0.357654,-0.181802,0.0765304,-0.00578526,0.150358,-1.56845e-11,0.0517469,-0.140859,6.81397e-12
4.515,0.225935,0.0858423,0.243249,-0.389705,-0.00437317,-0.0028111,0.418594,0.112939,-2.26838e-12,0.357928,-0.181787,0.0768219,-0.00578526,0.150358,-1.56845e-11,0.0517469,-0.140859,6.81397e-12
4.516,0.22602,0.0856199,0.243341,-0.389479,-0.00450712,-0.00245446,0.418594,0.112939,-2.26838e-12,0.358205,-0.181772,0.0771116,-0.00578526,0.150358,-1.56845e-11,0.0517469,-0.140859,6.81397e-12
4.517,0.226104,0.0853965,0.243432,-0.389237,-0.00464492,-0.0021114,0.418594,0.112939,-2.26838e-12,0.358483,-0.181757,0.0773994,-0.00578526,0.150358,-1.56845e-11,0.0517469,-0.140859,6.81397e-12
4.518,0.226188,0.0851722,0.243523,-0.38898,-0.00478652,-0.00178188,0.418594,0.112939,-2.26838e-12,0.358762,-0.181741,0.0776855,-0.00578526,0.150358,-1.56845e-11,0.0517469,-0.140859,6.81397e-12
4.519,0.226272,0.0849469,0.243612,-0.388707,-0.00493189,-0.00146586,0.418594,0.112939,-2.26838e-12,0.359043,-0.181726,0.0779697,-0.00578526,0.150358,-1.56845e-11,0.0517469,-0.140859,6.81397e-12
4.52,0.226355,0.0847207,0.243702,-0.38842,-0.00508096,-0.00116331,0.418594,0.112939,-2.26838e-12,0.359326,-0.18171,0.0782521,-0.00578526,0.150358,-1.56845e-11,0.0517469,-0.140859,6.81397e-12
4.521,0.226438,0.0844936,0.24379,-0.388116,-0.0052337,-0.000874184,0.418594,0.112939,-2.26838e-12,0.35961,-0.181695,0.0785326,-0.00578526,0.150358,-1.56845e-11,0.0517469,-0.140859,6.81397e-12
4.522,0.226521,0.0842655,0.243878,-0.387798,-0.00539005,-0.000598445,0.418594,0.112939,-2.26838e-12,0.359896,-0.181679,0.0788112,-0.00578526,0.150358,-1.56845e-11,0.0517469,-0.140859,6.81397e-12
4.523,0.226603,0.0840365,0.243965,-0.387465,-0.00554997,-0.000336054,0.418594,0.112939,-2.26838e-12,0.360183,-0.181663,0.0790879,-0.00578526,0.150358,-1.56845e-11,0.0517469,-0.140859,6.81397e-12
4.524,0.226686,0.0838066,0.244052,-0.387116,-0.0057134,-8.69717e-05,0.418594,0.112939,-2.26838e-12,0.360472,-0.181647,0.0793627,-0.00578526,0.150358,-1.56845e-11,0.0517469,-0.140859,6.81397e-12
4.525,0.226767,0.0835758,0.244137,-0.386752,-0.0058803,0.000148841,0.418594,0.112939,-2.26838e-12,0.360762,-0.181632,0.0796355,-0.00578526,0.150358,-1.56845e-11,0.0517469,-0.140859,6.81397e-12
4.526,0.226849,0.0833441,0.244222,-0.386373,-0.00605062,0.000371424,0.418594,0.112939,-2.26838e-12,0.361054,-0.181615,0.0799064,-0.00578526,0.150358,-1.56845e-11,0.0517469,-0.140859,6.81397e-12
4.527,0.22693,0.0831115,0.244307,-0.385979,-0.00622431,0.000580816,0.418594,0.112939,-2.26838e-12,0.361348,-0.181599,0.0801753,-0.00578526,0.150358,-1.56845e-11,0.0517469,-0.140859,6.81397e-12
4.528,0.227011,0.082878,0.24439,-0.38557,-0.00640133,0.000777056,0.418594,0.112939,-2.26838e-12,0.361643,-0.181583,0.0804421,-0.00578526,0.150358,-1.56845e-11,0.0517469,-0.140859,6.81397e-12
4.529,0.227092,0.0826436,0.244473,-0.385146,-0.00658161,0.000960183,0.418594,0.112939,-2.26838e-12,0.36194,-0.181567,0.0807069,-0.00578526,0.150358,-1.56845e-11,0.0517469,-0.140859,6.81397e-12
4.53,0.227172,0.0824084,0.244555,-0.384707,-0.00676513,0.00113024,0.418594,0.112939,-2.26838e-12,0.362239,-0.18155,0.0809697,-0.00578526,0.150358,-1.56845e-11,0.0517469,-0.140859,6.81397e-12
4.531,0.227252,0.0821722,0.244637,-0.384253,-0.00695182,0.00128725,0.418594,0.112939,-2.26838e-12,0.362539,-0.181534,0.0812304,-0.00578526,0.150358,-1.56845e-11,0.0517469,-0.140859,6.81397e-12
4.532,0.227332,0.0819353,0.244718,-0.383784,-0.00714165,0.00143128,0.418594,0.112939,-2.26838e-12,0.362841,-0.181517,0.081489,-0.00578526,0.150358,-1.56845e-11,0.0517469,-0.140859,6.81397e-12
4.533,0.227411,0.0816975,0.244798,-0.383301,-0.00733455,0.00156234,0.418594,0.112939,-2.26838e-12,0.363144,-0.181501,0.0817454,-0.00578526,0.150358,-1.56845e-11,0.0517469,-0.140859,6.81397e-12
4.534,0.227491,0.0814588,0.244877,-0.382803,-0.00753049,0.00168049,0.418594,0.112939,-2.26838e-12,0.363449,-0.181484,0.0819998,-0.00578526,0.150358,-1.56845e-11,0.0517469,-0.140859,6.81397e-12
4.535,0.227569,0.0812193,0.244955,-0.382289,-0.00772941,0.00178576,0.418594,0.112939,-2.26838e-12,0.363755,-0.181467,0.082252,-0.00578526,0.150358,-1.56845e-11,0.0517469,-0.140859,6.81397e-12
4.536,0.227648,0.0809789,0.245033,-0.381762,-0.00793127,0.0018782,0.418594,0.112939,-2.26838e-12,0.364064,-0.18145,0.082502,-0.00578526,0.150358,-1.56845e-11,0.0517469,-0.140859,6.81397e-12
4.537,0.227726,0.0807378,0.24511,-0.381219,-0.00813602,0.00195783,0.418594,0.112939,-2.26838e-12,0.364374,-0.181433,0.0827498,-0.00578526,0.150358,-1.56845e-11,0.0517469,-0.140859,6.81397e-12
4.538,0.227804,0.0804958,0.245186,-0.380662,-0.0083436,0.0020247,0.418594,0.112939,-2.26838e-12,0.364685,-0.181416,0.0829954,-0.00578526,0.150358,-1.56845e-11,0.0517469,-0.140859,6.81397e-12
4.539,0.227881,0.080253,0.245261,-0.380091,-0.00855398,0.00207885,0.418594,0.112939,-2.26838e-12,0.364998,-0.181399,0.0832388,-0.00578526,0.150358,-1.56845e-11,0.0517469,-0.140859,6.81397e-12
4.54,0.227959,0.0800094,0.245336,-0.379504,-0.0087671,0.00212031,0.418594,0.112939,-2.26838e-12,0.365313,-0.181382,0.0834799,-0.00578526,0.150358,-1.56845e-11,0.0517469,-0.140859,6.81397e-12
4.541,0.228036,0.0797649,0.24541,-0.378904,-0.00898291,0.00214914,0.418594,0.112939,-2.26838e-12,0.365629,-0.181364,0.0837187,-0.00578526,0.150358,-1.56845e-11,0.0517469,-0.140859,6.81397e-12
4.542,0.228112,0.0795197,0.245483,-0.378288,-0.00920137,0.00216535,0.418594,0.112939,-2.26838e-12,0.365947,-0.181347,0.0839553,-0.00578526,0.150358,-1.56845e-11,0.0517469,-0.140859,6.81397e-12
4.543,0.228188,0.0792738,0.245555,-0.377659,-0.00942242,0.00216901,0.418594,0.112939,-2.26838e-12,0.366267,-0.181329,0.0841895,-0.00578526,0.150358,-1.56845e-11,0.0517469,-0.140859,6.81397e-12
4.544,0.228264,0.079027,0.245627,-0.377015,-0.00964603,0.00216013,0.418594,0.112939,-2.26838e-12,0.366589,-0.181312,0.0844214,-0.00578526,0.150358,-1.56845e-11,0.0517469,-0.140859,6.81397e-12
4.545,0.22834,0.0787794,0.245697,-0.376356,-0.00987214,0.00213877,0.418594,0.112939,-2.26838e-12,0.366912,-0.181294,0.0846509,-0.00578526,0.150358,-1.56845e-11,0.0517469,-0.140859,6.81397e-12
4.546,0.228415,0.0785311,0.245767,-0.375684,-0.0101007,0.00210496,0.418594,0.112939,-2.26838e-12,0.367236,-0.181276,0.0848781,-0.00578526,0.150358,-1.56845e-11,0.0517469,-0.140859,6.81397e-12
4.547,0.22849,0.0782821,0.245836,-0.374997,-0.0103317,0.00205875,0.418594,0.112939,-2.26838e-12,0.367563,-0.181258,0.0851029,-0.00578526,0.150358,-1.56845e-11,0.0517469,-0.140859,6.81397e-12
4.548,0.228565,0.0780322,0.245904,-0.374295,-0.010565,0.00200016,0.418594,0.112939,-2.26838e-12,0.367891,-0.18124,0.0853252,-0.00578526,0.150358,-1.56845e-11,0.0517469,-0.140859,6.81397e-12
4.549,0.228639,0.0777817,0.245972,-0.37358,-0.0108006,0.00192924,0.418594,0.112939,-2.26838e-12,0.368221,-0.181222,0.0855451,-0.00578526,0.150358,-1.56845e-11,0.0517469,-0.140859,6.81397e-12
4.55,0.228713,0.0775304,0.246038,-0.37285,-0.0110385,0.00184603,0.418594,0.112939,-2.26838e-12,0.368552,-0.181204,0.0857626,-0.00578526,0.150358,-1.56845e-11,0.0517469,-0.140859,6.81397e-12
4.551,0.228787,0.0772783,0.246104,-0.372106,-0.0112786,0.00175057,0.418594,0.112939,-2.26838e-12,0.368885,-0.181185,0.0859775,-0.00578526,0.150358,-1.56845e-11,0.0517469,-0.140859,6.81397e-12
4.552,0.22886,0.0770255,0.246169,-0.371349,-0.0115208,0.0016429,0.418594,0.112939,-2.26838e-12,0.36922,-0.181167,0.08619,-0.00578526,0.150358,-1.56845e-11,0.0517469,-0.140859,6.81397e-12
4.553,0.228933,0.0767721,0.246233,-0.370577,-0.0117652,0.00152305,0.418594,0.112939,-2.26838e-12,0.369557,-0.181149,0.0864,-0.00578526,0.150358,-1.56845e-11,0.0517469,-0.140859,6.81397e-12
4.554,0.229006,0.0765179,0.246296,-0.369791,-0.0120116,0.00139106,0.418594,0.112939,-2.26838e-12,0.369895,-0.18113,0.0866074,-0.00578526,0.150358,-1.56845e-11,0.0517469,-0.140859,6.81397e-12
4.555,0.229078,0.0762629,0.246358,-0.368991,-0.0122601,0.00124698,0.418594,0.112939,-2.26838e-12,0.370235,-0.181111,0.0868122,-0.00578526,0.150358,-1.56845e-11,0.0517469,-0.140859,6.81397e-12
4.556,0.22915,0.0760073,0.24642,-0.368177,-0.0125105,0.00109085,0.418594,0.112939,-2.26838e-12,0.370577,-0.181093,0.0870145,-0.00578526,0.150358,-1.56845e-11,0.0517469,-0.140859,6.81397e-12
4.557,0.229222,0.075751,0.24648,-0.36735,-0.0127629,0.00092269,0.418594,0.112939,-2.26838e-12,0.37092,-0.181074,0.0872142,-0.00578526,0.150358,-1.56845e-11,0.0517469,-0.140859,6.81397e-12
4.558,0.229293,0.075494,0.24654,-0.366508,-0.0130171,0.000742556,0.418594,0.112939,-2.26838e-12,0.371265,-0.181055,0.0874113,-0.00578526,0.150358,-1.56845e-11,0.0517469,-0.140859,6.81397e-12
4.559,0.229364,0.0752364,0.246599,-0.365653,-0.0132731,0.000550483,0.418594,0.112939,-2.26838e-12,0.371612,-0.181036,0.0876057,-0.00578526,0.150358,-1.56845e-11,0.0517469,-0.140859,6.81397e-12
4.56,0.229435,0.074978,0.246657,-0.364784,-0.0135309,0.000346509,0.418594,0.112939,-2.26838e-12,0.371961,-0.181017,0.0877975,-0.00578526,0.150358,-1.56845e-11,0.0517469,-0.140859,6.81397e-12
4.561,0.229505,0.074719,0.246714,-0.363901,-0.0137905,0.000130674,0.418594,0.112939,-2.26838e-12,0.372311,-0.180997,0.0879866,-0.00578526,0.150358,-1.56845e-11,0.0517469,-0.140859,6.81397e-12
4.562,0.229575,0.0744593,0.24677,-0.363004,-0.0140517,-9.69833e-05,0.418594,0.112939,-2.26838e-12,0.372663,-0.180978,0.0881729,-0.00578526,0.150358,-1.56845e-11,0.0517469,-0.140859,6.81397e-12
4.563,0.229645,0.074199,0.246826,-0.362094,-0.0143145,-0.000336424,0.418594,0.112939,-2.26838e-12,0.373017,-0.180959,0.0883566,-0.00578526,0.150358,-1.56845e-11,0.0517469,-0.140859,6.81397e-12
4.564,0.229714,0.0739381,0.24688,-0.36117,-0.014579,-0.000587608,0.418594,0.112939,-2.26838e-12,0.373372,-0.180939,0.0885375,-0.00578526,0.150358,-1.56845e-11,0.0517469,-0.140859,6.81397e-12
4.565,0.229783,0.0736764,0.246933,-0.360233,-0.0148449,-0.000850497,0.418594,0.112939,-2.26838e-12,0.37373,-0.180919,0.0887157,-0.00578526,0.150358,-1.56845e-11,0.0517469,-0.140859,6.81397e-12
4.566,0.229851,0.0734142,0.246986,-0.359282,-0.0151124,-0.00112505,0.418594,0.112939,-2.26838e-12,0.374089,-0.1809,0.0888911,-0.00578526,0.150358,-1.56845e-11,0.0517469,-0.140859,6.81397e-12
4.567,0.229919,0.0731513,0.247038,-0.358317,-0.0153812,-0.00141123,0.418594,0.112939,-2.26838e-12,0.37445,-0.18088,0.0890637,-0.00578526,0.150358,-1.56845e-11,0.0517469,-0.140859,6.81397e-12
4.568,0.229987,0.0728878,0.247088,-0.35734,-0.0156515,-0.001709,0.418594,0.112939,-2.26838e-12,0.374812,-0.18086,0.0892334,-0.00578526,0.150358,-1.56845e-11,0.0517469,-0.140859,6.81397e-12
4.569,0.230055,0.0726237,0.247138,-0.356348,-0.0159231,-0.00201832,0.418594,0.112939,-2.26838e-12,0.375176,-0.18084,0.0894003,-0.00578526,0.150358,-1.56845e-11,0.0517469,-0.140859,6.81397e-12
4.57,0.230122,0.072359,0.247187,-0.355343,-0.016196,-0.00233915,0.418594,0.112939,-2.26838e-12,0.375543,-0.18082,0.0895644,-0.00578526,0.150358,-1.56845e-11,0.0517469,-0.140859,6.81397e-12
4.571,0.230189,0.0720937,0.247235,-0.354325,-0.0164702,-0.00267145,0.418594,0.112939,-2.26838e-12,0.37591,-0.1808,0.0897256,-0.00578526,0.150358,-1.56845e-11,0.0517469,-0.140859,6.81397e-12
4.572,0.230255,0.0718278,0.247282,-0.353294,-0.0167455,-0.00301517,0.418594,0.112939,-2.26838e-12,0.37628,-0.180779,0.0898839,-0.00578526,0.150358,-1.56845e-11,0.0517469,-0.140859,6.81397e-12
4.573,0.230321,0.0715613,0.247328,-0.352249,-0.017022,-0.00337029,0.418594,0.112939,-2.26838e-12,0.376651,-0.180759,0.0900392,-0.00578526,0.150358,-1.56845e-11,0.0517469,-0.140859,6.81397e-12
4.574,0.230387,0.0712943,0.247373,-0.351192,-0.0172996,-0.00373677,0.418594,0.112939,-2.26838e-12,0.377025,-0.180738,0.0901916,-0.00578526,0.150358,-1.56845e-11,0.0517469,-0.140859,6.81397e-12
4.575,0.230452,0.0710266,0.247417,-0.35012,-0.0175782,-0.00411455,0.418594,0.112939,-2.26838e-12,0.3774,-0.180718,0.0903411,-0.00578526,0.150358,-1.56845e-11,0.0517469,-0.140859,6.81397e-12
4.576,0.230517,0.0707584,0.24746,-0.349036,-0.0178579,-0.00450362,0.418594,0.112939,-2.26838e-12,0.377776,-0.180697,0.0904875,-0.00578526,0.150358,-1.56845e-11,0.0517469,-0.140859,6.81397e-12
4.577,0.230582,0.0704896,0.247502,-0.347939,-0.0181384,-0.00490391,0.418594,0.112939,-2.26838e-12,0.378155,-0.180676,0.090631,-0.00578526,0.150358,-1.56845e-11,0.0517469,-0.140859,6.81397e-12
4.578,0.230646,0.0702203,0.247543,-0.346828,-0.0184199,-0.00531541,0.418594,0.112939,-2.26838e-12,0.378535,-0.180655,0.0907714,-0.00578526,0.150358,-1.56845e-11,0.0517469,-0.140859,6.81397e-12
4.579,0.23071,0.0699504,0.247584,-0.345705,-0.0187023,-0.00573806,0.418594,0.112939,-2.26838e-12,0.378918,-0.180634,0.0909088,-0.00578526,0.150358,-1.56845e-11,0.0517469,-0.140859,6.81397e-12
4.58,0.230773,0.06968,0.247623,-0.344569,-0.0189854,-0.00617183,0.418594,0.112939,-2.26838e-12,0.379302,-0.180613,0.0910432,-0.00578526,0.150358,-1.56845e-11,0.0517469,-0.140859,6.81397e-12
4.581,0.230837,0.0694091,0.247661,-0.343419,-0.0192694,-0.00661668,0.418594,0.112939,-2.26838e-12,0.379687,-0.180592,0.0911744,-0.00578526,0.150358,-1.56845e-11,0.0517469,-0.140859,6.81397e-12
4.582,0.230899,0.0691376,0.247698,-0.342257,-0.019554,-0.00707256,0.418594,0.112939,-2.26838e-12,0.380075,-0.180571,0.0913025,-0.00578526,0.150358,-1.56845e-11,0.0517469,-0.140859,6.81397e-12
4.583,0.230962,0.0688656,0.247735,-0.341082,-0.0198393,-0.00753945,0.418594,0.112939,-2.26838e-12,0.380464,-0.18055,0.0914276,-0.00578526,0.150358,-1.56845e-11,0.0517469,-0.140859,6.81397e-12
4.584,0.231024,0.0685931,0.24777,-0.339894,-0.0201252,-0.0080173,0.418594,0.112939,-2.26838e-12,0.380856,-0.180528,0.0915494,-0.00578526,0.150358,-1.56845e-11,0.0517469,-0.140859,6.81397e-12
4.585,0.231086,0.0683201,0.247804,-0.338693,-0.0204116,-0.00850608,0.418594,0.112939,-2.26838e-12,0.381249,-0.180506,0.0916682,-0.00578526,0.150358,-1.56845e-11,0.0517469,-0.140859,6.81397e-12
4.586,0.231147,0.0680466,0.247837,-0.337479,-0.0206986,-0.00900573,0.418594,0.112939,-2.26838e-12,0.381644,-0.180485,0.0917837,-0.00578526,0.150358,-1.56845e-11,0.0517469,-0.140859,6.81397e-12
4.587,0.231208,0.0677726,0.247869,-0.336253,-0.0209861,-0.00951624,0.418594,0.112939,-2.26838e-12,0.38204,-0.180463,0.091896,-0.00578526,0.150358,-1.56845e-11,0.0517469,-0.140859,6.81397e-12
4.588,0.231268,0.0674981,0.2479,-0.335014,-0.021274,-0.0100375,0.418594,0.112939,-2.26838e-12,0.382439,-0.180441,0.0920051,-0.00578526,0.150358,-1.56845e-11,0.0517469,-0.140859,6.81397e-12
4.589,0.231328,0.0672231,0.24793,-0.333762,-0.0215622,-0.0105696,0.418594,0.112939,-2.26838e-12,0.382839,-0.180419,0.0921109,-0.00578526,0.150358,-1.56845e-11,0.0517469,-0.140859,6.81397e-12
4.59,0.231388,0.0669477,0.24796,-0.332498,-0.0218508,-0.0111124,0.418594,0.112939,-2.26838e-12,0.383242,-0.180397,0.0922135,-0.00578526,0.150358,-1.56845e-11,0.0517469,-0.140859,6.81397e-12
4.591,0.231448,0.0666718,0.247988,-0.331221,-0.0221396,-0.0116659,0.418594,0.112939,-2.26838e-12,0.383646,-0.180375,0.0923128,-0.00578526,0.150358,-1.56845e-11,0.0517469,-0.140859,6.81397e-12
4.592,0.231507,0.0663954,0.248015,-0.329931,-0.0224287,-0.01223,0.418594,0.112939,-2.26838e-12,0.384052,-0.180352,0.0924088,-0.00578526,0.150358,-1.56845e-11,0.0517469,-0.140859,6.81397e-12
4.593,0.231565,0.0661186,0.24804,-0.32863,-0.022718,-0.0128048,0.418594,0.112939,-2.26838e-12,0.38446,-0.18033,0.0925015,-0.00578526,0.150358,-1.56845e-11,0.0517469,-0.140859,6.81397e-12
4.594,0.231624,0.0658413,0.248065,-0.327315,-0.0230073,-0.0133901,0.418594,0.112939,-2.26838e-12,0.38487,-0.180308,0.0925908,-0.00578526,0.150358,-1.56845e-11,0.0517469,-0.140859,6.81397e-12
4.595,0.231682,0.0655636,0.248089,-0.325988,-0.0232968,-0.013986,0.418594,0.112939,-2.26838e-12,0.385281,-0.180285,0.0926767,-0.00578526,0.150358,-1.56845e-11,0.0517469,-0.140859,6.81397e-12
4.596,0.231739,0.0652855,0.248112,-0.324649,-0.0235863,-0.0145923,0.418594,0.112939,-2.26838e-12,0.385695,-0.180262,0.0927593,-0.00578526,0.150358,-1.56845e-11,0.0517469,-0.140859,6.81397e-12
4.597,0.231796,0.0650069,0.248133,-0.323298,-0.0238758,-0.0152091,0.418594,0.112939,-2.26838e-12,0.38611,-0.180239,0.0928385,-0.00578526,0.150358,-1.56845e-11,0.0517469,-0.140859,6.81397e-12
4.598,0.231853,0.0647279,0.248154,-0.321934,-0.0241652,-0.0158363,0.418594,0.112939,-2.26838e-12,0.386527,-0.180217,0.0929142,-0.00578526,0.150358,-1.56845e-11,0.0517469,-0.140859,6.81397e-12
4.599,0.231909,0.0644485,0.248173,-0.320558,-0.0244545,-0.0164739,0.418594,0.112939,-2.26838e-12,0.386946,-0.180194,0.0929865,-0.00578526,0.150358,-1.56845e-11,0.0517469,-0.140859,6.81397e-12
4.6,0.231965,0.0641687,0.248192,-0.31917,-0.0247437,-0.0171218,0.418594,0.112939,-2.26838e-12,0.387367,-0.18017,0.0930553,-0.00578526,0.150358,-1.56845e-11,0.0517469,-0.140859,6.81397e-12
4.601,0.232021,0.0638885,0.248209,-0.317769,-0.0250326,-0.01778,0.418594,0.112939,-2.26838e-12,0.38779,-0.180147,0.0931206,-0.00578526,0.150358,-1.56845e-11,0.0517469,-0.140859,6.81397e-12
4.602,0.232076,0.0636079,0.248225,-0.316357,-0.0253213,-0.0184483,0.418594,0.112939,-2.26838e-12,0.388215,-0.180124,0.0931824,-0.00578526,0.150358,-1.56845e-11,0.0517469,-0.140859,6.81397e-12
4.603,0.232131,0.0633269,0.24824,-0.314933,-0.0256096,-0.0191264,0.418594,0.112939,-2.26838e-12,0.388642,-0.1801,0.0932407,-0.00578526,0.150358,-1.56845e-11,0.0517469,-0.140859,6.81397e-12
4.604,0.232185,0.0630455,0.248254,-0.313497,-0.0258977,-0.0198142,0.418594,0.112939,-2.26838e-12,0.38907,-0.180077,0.0932955,-0.00578526,0.150358,-1.56845e-11,0.0517469,-0.140859,6.81397e-12
4.605,0.232239,0.0627638,0.248267,-0.31205,-0.0261852,-0.0205115,0.418594,0.112939,-2.26838e-12,0.389501,-0.180053,0.0933466,-0.00578526,0.150358,-1.56845e-11,0.0517469,-0.140859,6.81397e-12
4.606,0.232293,0.0624817,0.248279,-0.310592,-0.0264724,-0.021218,0.418594,0.112939,-2.26838e-12,0.389933,-0.180029,0.0933942,-0.00578526,0.150358,-1.56845e-11,0.0517469,-0.140859,6.81397e-12
4.607,0.232346,0.0621992,0.24829,-0.309123,-0.0267589,-0.0219335,0.418594,0.112939,-2.26838e-12,0.390368,-0.180006,0.0934382,-0.00578526,0.150358,-1.56845e-11,0.0517469,-0.140859,6.81397e-12
4.608,0.232399,0.0619164,0.2483,-0.307643,-0.027045,-0.0226578,0.418594,0.112939,-2.26838e-12,0.390804,-0.179982,0.0934785,-0.00578526,0.150358,-1.56845e-11,0.0517469,-0.140859,6.81397e-12
4.609,0.232451,0.0616332,0.248308,-0.306153,-0.0273304,-0.0233908,0.418594,0.112939,-2.26838e-12,0.391242,-0.179958,0.0935152,-0.00578526,0.150358,-1.56845e-11,0.0517469,-0.140859,6.81397e-12
4.61,0.232503,0.0613497,0.248316,-0.304653,-0.0276151,-0.0241321,0.418594,0.112939,-2.26838e-12,0.391682,-0.179933,0.0935483,-0.00578526,0.150358,-1.56845e-11,0.0517469,-0.140859,6.81397e-12
4.611,0.232555,0.0610658,0.248322,-0.303142,-0.0278991,-0.0248816,0.418594,0.112939,-2.26838e-12,0.392124,-0.179909,0.0935776,-0.00578526,0.150358,-1.56845e-11,0.0517469,-0.140859,6.81397e-12
4.612,0.232606,0.0607817,0.248328,-0.301622,-0.0281823,-0.0256391,0.418594,0.112939,-2.26838e-12,0.392568,-0.179885,0.0936032,-0.00578526,0.150358,-1.56845e-11,0.0517469,-0.140859,6.81397e-12
4.613,0.232657,0.0604972,0.248332,-0.300092,-0.0284646,-0.0264044,0.418594,0.112939,-2.26838e-12,0.393014,-0.17986,0.0936251,-0.00578526,0.150358,-1.56845e-11,0.0517469,-0.140859,6.81397e-12
4.614,0.232707,0.0602124,0.248335,-0.298553,-0.0287461,-0.0271772,0.418594,0.112939,-2.26838e-12,0.393462,-0.179836,0.0936433,-0.00578526,0.150358,-1.56845e-11,0.0517469,-0.140859,6.81397e-12
4.615,0.232757,0.0599273,0.248338,-0.297004,-0.0290267,-0.0279573,0.418594,0.112939,-2.26838e-12,0.393912,-0.179811,0.0936576,-0.00578526,0.150358,-1.56845e-11,0.0517469,-0.140859,6.81397e-12
4.616,0.232807,0.0596418,0.248339,-0.295447,-0.0293062,-0.0287445,0.418594,0.112939,-2.26838e-12,0.394364,-0.179786,0.0936682,-0.00578526,0.150358,-1.56845e-11,0.0517469,-0.140859,6.81397e-12
4.617,0.232857,0.0593561,0.248339,-0.29388,-0.0295847,-0.0295387,0.418594,0.112939,-2.26838e-12,0.394818,-0.179761,0.093675,-0.00578526,0.150358,-1.56845e-11,0.0517469,-0.140859,6.81397e-12
4.618,0.232905,0.0590702,0.248338,-0.292305,-0.0298621,-0.0303395,0.418594,0.112939,-2.26838e-12,0.395273,-0.179736,0.0936779,-0.00578526,0.150358,-1.56845e-11,0.0517469,-0.140859,6.81397e-12
4.619,0.232954,0.0587839,0.248336,-0.290722,-0.0301384,-0.0311469,0.418594,0.112939,-2.26838e-12,0.39573,-0.179711,0.093677,-0.00578526,0.150358,-1.56845e-11,0.0517469,-0.140859,6.81397e-12
4.62,0.233002,0.0584973,0.248333,-0.289131,-0.0304135,-0.0319605,0.418594,0.112939,-2.26838e-12,0.396185,-0.179686,0.0936723,-0.00578526,0.150358,-1.56845e-11,0.0517469,-0.140859,6.81397e-12
4.621,0.23305,0.0582105,0.248329,-0.287532,-0.0306873,-0.0327802,0.418594,0.112939,-2.26838e-12,0.396637,-0.179661,0.0936637,-0.00578526,0.150358,-1.56845e-11,0.0517469,-0.140859,6.81397e-12
4.622,0.233097,0.0579235,0.248324,-0.285925,-0.0309598,-0.0336057,0.418594,0.112939,-2.26838e-12,0.397088,-0.179637,0.0936513,-0.00578526,0.150358,-1.56845e-11,0.0517469,-0.140859,6.81397e-12
4.623,0.233144,0.0576361,0.248318,-0.28431,-0.031231,-0.0344369,0.418594,0.112939,-2.26838e-12,0.397537,-0.179612,0.0936351,-0.00578526,0.150358,-1.56845e-11,0.0517469,-0.140859,6.81397e-12
4.624,0.233191,0.0573486,0.248311,-0.282689,-0.0315007,-0.0352735,0.418594,0.112939,-2.26838e-12,0.397984,-0.179587,0.0936152,-0.00578526,0.150358,-1.56845e-11,0.0517469,-0.140859,6.81397e-12
4.625,0.233237,0.0570608,0.248303,-0.28106,-0.031769,-0.0361153,0.418594,0.112939,-2.26838e-12,0.398429,-0.179563,0.0935916,-0.00578526,0.150358,-1.56845e-11,0.0517469,-0.140859,6.81397e-12
4.626,0.233283,0.0567727,0.248294,-0.279424,-0.0320357,-0.0369621,0.418594,0.112939,-2.26838e-12,0.398872,-0.179539,0.0935642,-0.00578526,0.150358,-1.56845e-11,0.0517469,-0.140859,6.81397e-12
4.627,0.233329,0.0564844,0.248284,-0.277782,-0.0323009,-0.0378138,0.418594,0.112939,-2.26838e-12,0.399313,-0.179514,0.0935331,-0.00578526,0.150358,-1.56845e-11,0.0517469,-0.140859,6.81397e-12
4.628,0.233374,0.056196,0.248273,-0.276133,-0.0325645,-0.03867,0.418594,0.112939,-2.26838e-12,0.399753,-0.17949,0.0934983,-0.00578526,0.150358,-1.56845e-11,0.0517469,-0.140859,6.81397e-12
4.629,0.233419,0.0559072,0.248261,-0.274478,-0.0328265,-0.0395305,0.418594,0.112939,-2.26838e-12,0.40019,-0.179466,0.0934599,-0.00578526,0.150358,-1.56845e-11,0.0517469,-0.140859,6.81397e-12
4.63,0.233463,0.0556183,0.248248,-0.272818,-0.0330866,-0.0403953,0.418594,0.112939,-2.26838e-12,0.400625,-0.179442,0.0934179,-0.00578526,0.150358,-1.56845e-11,0.0517469,-0.140859,6.81397e-12
4.631,0.233507,0.0553292,0.248234,-0.271151,-0.0333451,-0.0412639,0.418594,0.112939,-2.26838e-12,0.401059,-0.179419,0.0933722,-0.00578526,0.150358,-1.56845e-11,0.0517469,-0.140859,6.81397e-12
4.632,0.233551,0.0550399,0.248219,-0.269479,-0.0336017,-0.0421364,0.418594,0.112939,-2.26838e-12,0.40149,-0.179395,0.0933229,-0.00578526,0.150358,-1.56845e-11,0.0517469,-0.140859,6.81397e-12
4.633,0.233594,0.0547504,0.248203,-0.267801,-0.0338564,-0.0430123,0.418594,0.112939,-2.26838e-12,0.40192,-0.179371,0.09327,-0.00578526,0.150358,-1.56845e-11,0.0517469,-0.140859,6.81397e-12
4.634,0.233637,0.0544608,0.248186,-0.266118,-0.0341092,-0.0438916,0.418594,0.112939,-2.26838e-12,0.402348,-0.179348,0.0932136,-0.00578526,0.150358,-1.56845e-11,0.0517469,-0.140859,6.81397e-12
4.635,0.233679,0.0541709,0.248168,-0.264431,-0.03436,-0.0447739,0.418594,0.112939,-2.26838e-12,0.402773,-0.179324,0.0931536,-0.00578526,0.150358,-1.56845e-11,0.0517469,-0.140859,6.81397e-12
4.636,0.233721,0.0538809,0.248149,-0.262738,-0.0346087,-0.0456592,0.418594,0.112939,-2.26838e-12,0.403197,-0.179301,0.0930902,-0.00578526,0.150358,-1.56845e-11,0.0517469,-0.140859,6.81397e-12
4.637,0.233763,0.0535908,0.248129,-0.261041,-0.0348554,-0.0465471,0.418594,0.112939,-2.26838e-12,0.403619,-0.179278,0.0930232,-0.00578526,0.150358,-1.56845e-11,0.0517469,-0.140859,6.81397e-12
4.638,0.233804,0.0533004,0.248108,-0.25934,-0.0350999,-0.0474375,0.418594,0.112939,-2.26838e-12,0.404039,-0.179255,0.0929527,-0.00578526,0.150358,-1.56845e-11,0.0517469,-0.140859,6.81397e-12
4.639,0.233845,0.05301,0.248086,-0.257635,-0.0353423,-0.0483301,0.418594,0.112939,-2.26838e-12,0.404458,-0.179232,0.0928788,-0.00578526,0.150358,-1.56845e-11,0.0517469,-0.140859,6.81397e-12
4.64,0.233886,0.0527194,0.248063,-0.255926,-0.0355824,-0.0492248,0.418594,0.112939,-2.26838e-12,0.404874,-0.179209,0.0928014,-0.00578526,0.150358,-1.56845e-11,0.0517469,-0.140859,6.81397e-12
4.641,0.233926,0.0524286,0.248039,-0.254213,-0.0358202,-0.0501213,0.418594,0.112939,-2.26838e-12,0.405289,-0.179186,0.0927207,-0.00578526,0.150358,-1.56845e-11,0.0517469,-0.140859,6.81397e-12
4.642,0.233966,0.0521378,0.248014,-0.252497,-0.0360556,-0.0510195,0.418594,0.112939,-2.26838e-12,0.405701,-0.179164,0.0926365,-0.00578526,0.150358,-1.56845e-11,0.0517469,-0.140859,6.81397e-12
4.643,0.234006,0.0518468,0.247988,-0.250778,-0.0362887,-0.051919,0.418594,0.112939,-2.26838e-12,0.406112,-0.179141,0.092549,-0.00578526,0.150358,-1.56845e-11,0.0517469,-0.140859,6.81397e-12
4.644,0.234045,0.0515557,0.247961,-0.249055,-0.0365193,-0.0528198,0.418594,0.112939,-2.26838e-12,0.406521,-0.179119,0.0924581,-0.00578526,0.150358,-1.56845e-11,0.0517469,-0.140859,6.81397e-12
4.645,0.234083,0.0512645,0.247934,-0.24733,-0.0367474,-0.0537215,0.418594,0.112939,-2.26838e-12,0.406928,-0.179096,0.0923638,-0.00578526,0.150358,-1.56845e-11,0.0517469,-0.140859,6.81397e-12
4.646,0.234122,0.0509732,0.247905,-0.245602,-0.036973,-0.054624,0.418594,0.112939,-2.26838e-12,0.407333,-0.179074,0.0922663,-0.00578526,0.150358,-1.56845e-11,0.0517469,-0.140859,6.81397e-12
4.647,0.23416,0.0506818,0.247875,-0.243872,-0.0371959,-0.0555271,0.418594,0.112939,-2.26838e-12,0.407736,-0.179052,0.0921654,-0.00578526,0.150358,-1.56845e-11,0.0517469,-0.140859,6.81397e-12
4.648,0.234197,0.0503903,0.247845,-0.24214,-0.0374162,-0.0564305,0.418594,0.112939,-2.26838e-12,0.408138,-0.17903,0.0920613,-0.00578526,0.150358,-1.56845e-11,0.0517469,-0.140859,6.81397e-12
4.649,0.234235,0.0500987,0.247813,-0.240406,-0.0376337,-0.057334,0.418594,0.112939,-2.26838e-12,0.408537,-0.179008,0.0919539,-0.00578526,0.150358,-1.56845e-11,0.0517469,-0.140859,6.81397e-12
4.65,0.234272,0.0498071,0.247781,-0.23867,-0.0378485,-0.0582375,0.418594,0.112939,-2.26838e-12,0.408935,-0.178986,0.0918433,-0.00578526,0.150358,-1.56845e-11,0.0517469,-0.140859,6.81397e-12
4.651,0.234308,0.0495154,0.247748,-0.236932,-0.0380605,-0.0591407,0.418594,0.112939,-2.26838e-12,0.409331,-0.178964,0.0917294,-0.00578526,0.150358,-1.56845e-11,0.0517469,-0.140859,6.81397e-12
4.652,0.234344,0.0492236,0.247713,-0.235193,-0.0382696,-0.0600434,0.418594,0.112939,-2.26838e-12,0.409725,-0.178943,0.0916124,-0.00578526,0.150358,-1.56845e-11,0.0517469,-0.140859,6.81397e-12
4.653,0.23438,0.0489318,0.247678,-0.233454,-0.0384758,-0.0609454,0.418594,0.112939,-2.26838e-12,0.410117,-0.178921,0.0914922,-0.00578526,0.150358,-1.56845e-11,0.0517469,-0.140859,6.81397e-12
4.654,0.234415,0.04864,0.247642,-0.231713,-0.038679,-0.0618464,0.418594,0.112939,-2.26838e-12,0.410507,-0.1789,0.0913688,-0.00578526,0.150358,-1.56845e-11,0.0517469,-0.140859,6.81397e-12
4.655,0.23445,0.0483481,0.247605,-0.229971,-0.0388791,-0.0627464,0.418594,0.112939,-2.26838e-12,0.410896,-0.178878,0.0912423,-0.00578526,0.150358,-1.56845e-11,0.0517469,-0.140859,6.81397e-12
4.656,0.234485,0.0480561,0.247567,-0.22823,-0.0390762,-0.063645,0.418594,0.112939,-2.26838e-12,0.411283,-0.178857,0.0911127,-0.00578526,0.150358,-1.56845e-11,0.0517469,-0.140859,6.81397e-12
4.657,0.234519,0.0477642,0.247528,-0.226488,-0.0392702,-0.064542,0.418594,0.112939,-2.26838e-12,0.411668,-0.178836,0.09098,-0.00578526,0.150358,-1.56845e-11,0.0517469,-0.140859,6.81397e-12
4.658,0.234553,0.0474722,0.247488,-0.224745,-0.039461,-0.0654373,0.418594,0.112939,-2.26838e-12,0.412051,-0.178815,0.0908442,-0.00578526,0.150358,-1.56845e-11,0.0517469,-0.140859,6.81397e-12
4.659,0.234587,0.0471802,0.247447,-0.223004,-0.0396485,-0.0663306,0.418594,0.112939,-2.26838e-12,0.412432,-0.178794,0.0907054,-0.00578526,0.150358,-1.56845e-11,0.0517469,-0.140859,6.81397e-12
4.66,0.23462,0.0468882,0.247406,-0.221262,-0.0398328,-0.0672217,0.418594,0.112939,-2.26838e-12,0.412812,-0.178773,0.0905635,-0.00578526,0.150358,-1.56845e-11,0.0517469,-0.140859,6.81397e-12
4.661,0.234653,0.0465962,0.247363,-0.219521,-0.0400137,-0.0681104,0.418594,0.112939,-2.26838e-12,0.413189,-0.178752,0.0904186,-0.00578526,0.150358,-1.56845e-11,0.0517469,-0.140859,6.81397e-12
4.662,0.234685,0.0463042,0.24732,-0.217781,-0.0401912,-0.0689965,0.418594,0.112939,-2.26838e-12,0.413565,-0.178732,0.0902707,-0.00578526,0.150358,-1.56845e-11,0.0517469,-0.140859,6.81397e-12
4.663,0.234717,0.0460123,0.247276,-0.216042,-0.0403653,-0.0698797,0.418594,0.112939,-2.26838e-12,0.413939,-0.178711,0.0901199,-0.00578526,0.150358,-1.56845e-11,0.0517469,-0.140859,6.81397e-12
4.664,0.234749,0.0457203,0.247231,-0.214304,-0.0405359,-0.07076,0.418594,0.112939,-2.26838e-12,0.414312,-0.178691,0.0899661,-0.00578526,0.150358,-1.56845e-11,0.0517469,-0.140859,6.81397e-12
4.665,0.234781,0.0454284,0.247184,-0.212568,-0.0407029,-0.071637,0.418594,0.112939,-2.26838e-12,0.414682,-0.17867,0.0898093,-0.00578526,0.150358,-1.56845e-11,0.0517469,-0.140859,6.81397e-12
4.666,0.234812,0.0451365,0.247138,-0.210833,-0.0408664,-0.0725105,0.418594,0.112939,-2.26838e-12,0.415051,-0.17865,0.0896497,-0.00578526,0.150358,-1.56845e-11,0.0517469,-0.140859,6.81397e-12
4.667,0.234842,0.0448446,0.24709,-0.209101,-0.0410261,-0.0733803,0.418594,0.112939,-2.26838e-12,0.415418,-0.17863,0.0894871,-0.00578526,0.150358,-1.56845e-11,0.0517469,-0.140859,6.81397e-12
4.668,0.234873,0.0445528,0.247041,-0.20737,-0.0411822,-0.0742463,0.418594,0.112939,-2.26838e-12,0.415783,-0.17861,0.0893217,-0.00578526,0.150358,-1.56845e-11,0.0517469,-0.140859,6.81397e-12
4.669,0.234902,0.0442611,0.246991,-0.205642,-0.0413345,-0.0751082,0.418594,0.112939,-2.26838e-12,0.416147,-0.17859,0.0891535,-0.00578526,0.150358,-1.56845e-11,0.0517469,-0.140859,6.81397e-12
4.67,0.234932,0.0439694,0.246941,-0.203916,-0.041483,-0.0759657,0.418594,0.112939,-2.26838e-12,0.416509,-0.17857,0.0889824,-0.00578526,0.150358,-1.56845e-11,0.0517469,-0.140859,6.81397e-12
4.671,0.234961,0.0436778,0.24689,-0.202193,-0.0416277,-0.0768188,0.418594,0.112939,-2.26838e-12,0.416869,-0.17855,0.0888085,-0.00578526,0.150358,-1.56845e-11,0.0517469,-0.140859,6.81397e-12
4.672,0.23499,0.0433862,0.246837,-0.200473,-0.0417684,-0.0776671,0.418594,0.112939,-2.26838e-12,0.417227,-0.178531,0.0886318,-0.00578526,0.150358,-1.56845e-11,0.0517469,-0.140859,6.81397e-12
4.673,0.235019,0.0430948,0.246784,-0.198756,-0.0419052,-0.0785105,0.418594,0.112939,-2.26838e-12,0.417583,-0.178511,0.0884523,-0.00578526,0.150358,-1.56845e-11,0.0517469,-0.140859,6.81397e-12
4.674,0.235047,0.0428034,0.246731,-0.197043,-0.0420379,-0.0793487,0.418594,0.112939,-2.26838e-12,0.417938,-0.178492,0.0882701,-0.00578526,0.150358,-1.56845e-11,0.0517469,-0.140859,6.81397e-12
4.675,0.235074,0.0425121,0.246676,-0.195333,-0.0421666,-0.0801816,0.418594,0.112939,-2.26838e-12,0.418291,-0.178472,0.0880851,-0.00578526,0.150358,-1.56845e-11,0.0517469,-0.140859,6.81397e-12
4.676,0.235102,0.0422209,0.24662,-0.193627,-0.0422911,-0.0810088,0.418594,0.112939,-2.26838e-12,0.418642,-0.178453,0.0878974,-0.00578526,0.150358,-1.56845e-11,0.0517469,-0.140859,6.81397e-12
4.677,0.235129,0.0419298,0.246564,-0.191925,-0.0424115,-0.0818303,0.418594,0.112939,-2.26838e-12,0.418992,-0.178434,0.0877071,-0.00578526,0.150358,-1.56845e-11,0.0517469,-0.140859,6.81397e-12
4.678,0.235156,0.0416389,0.246506,-0.190228,-0.0425277,-0.0826458,0.418594,0.112939,-2.26838e-12,0.419339,-0.178415,0.0875141,-0.00578526,0.150358,-1.56845e-11,0.0517469,-0.140859,6.81397e-12
4.679,0.235182,0.041348,0.246448,-0.188534,-0.0426395,-0.0834551,0.418594,0.112939,-2.26838e-12,0.419685,-0.178396,0.0873184,-0.00578526,0.150358,-1.56845e-11,0.0517469,-0.140859,6.81397e-12
4.68,0.235208,0.0410573,0.246389,-0.186846,-0.0427471,-0.084258,0.418594,0.112939,-2.26838e-12,0.42003,-0.178377,0.0871201,-0.00578526,0.150358,-1.56845e-11,0.0517469,-0.140859,6.81397e-12
4.681,0.235233,0.0407667,0.24633,-0.185162,-0.0428502,-0.0850542,0.418594,0.112939,-2.26838e-12,0.420372,-0.178358,0.0869192,-0.00578526,0.150358,-1.56845e-11,0.0517469,-0.140859,6.81397e-12
4.682,0.235259,0.0404763,0.246269,-0.183483,-0.0429489,-0.0858436,0.418594,0.112939,-2.26838e-12,0.420713,-0.178339,0.0867157,-0.00578526,0.150358,-1.56845e-11,0.0517469,-0.140859,6.81397e-12
4.683,0.235284,0.040186,0.246208,-0.18181,-0.0430432,-0.0866259,0.418594,0.112939,-2.26838e-12,0.421052,-0.17832,0.0865096,-0.00578526,0.150358,-1.56845e-11,0.0517469,-0.140859,6.81397e-12
4.684,0.235308,0.0398958,0.246145,-0.180142,-0.0431328,-0.087401,0.418594,0.112939,-2.26838e-12,0.42139,-0.178302,0.086301,-0.00578526,0.150358,-1.56845e-11,0.0517469,-0.140859,6.81397e-12
4.685,0.235332,0.0396059,0.246082,-0.17848,-0.0432179,-0.0881686,0.418594,0.112939,-2.26838e-12,0.421726,-0.178284,0.0860898,-0.00578526,0.150358,-1.56845e-11,0.0517469,-0.140859,6.81397e-12
4.686,0.235356,0.0393161,0.246018,-0.176824,-0.0432984,-0.0889285,0.418594,0.112939,-2.26838e-12,0.42206,-0.178265,0.0858762,-0.00578526,0.150358,-1.56845e-11,0.0517469,-0.140859,6.81397e-12
4.687,0.23538,0.0390264,0.245953,-0.175174,-0.0433741,-0.0896804,0.418594,0.112939,-2.26838e-12,0.422392,-0.178247,0.08566,-0.00578526,0.150358,-1.56845e-11,0.0517469,-0.140859,6.81397e-12
4.688,0.235403,0.038737,0.245888,-0.173531,-0.0434451,-0.0904243,0.418594,0.112939,-2.26838e-12,0.422723,-0.178229,0.0854414,-0.00578526,0.150358,-1.56845e-11,0.0517469,-0.140859,6.81397e-12
4.689,0.235425,0.0384477,0.245822,-0.171894,-0.0435113,-0.0911598,0.418594,0.112939,-2.26838e-12,0.423052,-0.178211,0.0852203,-0.00578526,0.150358,-1.56845e-11,0.0517469,-0.140859,6.81397e-12
4.69,0.235448,0.0381586,0.245754,-0.170264,-0.0435727,-0.0918868,0.418594,0.112939,-2.26838e-12,0.423379,-0.178193,0.0849968,-0.00578526,0.150358,-1.56845e-11,0.0517469,-0.140859,6.81397e-12
4.691,0.23547,0.0378698,0.245687,-0.168641,-0.0436291,-0.0926051,0.418594,0.112939,-2.26838e-12,0.423705,-0.178175,0.0847709,-0.00578526,0.150358,-1.56845e-11,0.0517469,-0.140859,6.81397e-12
4.692,0.235492,0.0375811,0.245618,-0.167025,-0.0436806,-0.0933144,0.418594,0.112939,-2.26838e-12,0.424029,-0.178157,0.0845426,-0.00578526,0.150358,-1.56845e-11,0.0517469,-0.140859,6.81397e-12
4.693,0.235513,0.0372926,0.245548,-0.165416,-0.043727,-0.0940145,0.418594,0.112939,-2.26838e-12,0.424351,-0.178139,0.084312,-0.00578526,0.150358,-1.56845e-11,0.0517469,-0.140859,6.81397e-12
4.694,0.235534,0.0370044,0.245478,-0.163816,-0.0437684,-0.0947052,0.418594,0.112939,-2.26838e-12,0.424672,-0.178122,0.084079,-0.00578526,0.150358,-1.56845e-11,0.0517469,-0.140859,6.81397e-12
4.695,0.235555,0.0367164,0.245407,-0.162223,-0.0438047,-0.0953863,0.418594,0.112939,-2.26838e-12,0.424991,-0.178104,0.0838437,-0.00578526,0.150358,-1.56845e-11,0.0517469,-0.140859,6.81397e-12
4.696,0.235575,0.0364286,0.245335,-0.160638,-0.0438359,-0.0960577,0.418594,0.112939,-2.26838e-12,0.425308,-0.178087,0.083606,-0.00578526,0.150358,-1.56845e-11,0.0517469,-0.140859,6.81397e-12
4.697,0.235595,0.0361411,0.245262,-0.159061,-0.0438618,-0.096719,0.418594,0.112939,-2.26838e-12,0.425623,-0.178069,0.0833661,-0.00578526,0.150358,-1.56845e-11,0.0517469,-0.140859,6.81397e-12
4.698,0.235615,0.0358538,0.245189,-0.157494,-0.0438824,-0.09737,0.418594,0.112939,-2.26838e-12,0.425937,-0.178052,0.0831239,-0.00578526,0.150358,-1.56845e-11,0.0517469,-0.140859,6.81397e-12
4.699,0.235634,0.0355668,0.245114,-0.155934,-0.0438977,-0.0980107,0.418594,0.112939,-2.26838e-12,0.42625,-0.178035,0.0828795,-0.00578526,0.150358,-1.56845e-11,0.0517469,-0.140859,6.81397e-12
4.7,0.235653,0.0352801,0.245039,-0.154384,-0.0439076,-0.0986406,0.418594,0.112939,-2.26838e-12,0.426561,-0.178018,0.0826328,-0.00578526,0.150358,-1.56845e-11,0.0517469,-0.140859,6.81397e-12
4.701,0.235671,0.0349936,0.244964,-0.152843,-0.0439121,-0.0992598,0.418594,0.112939,-2.26838e-12,0.42687,-0.178001,0.082384,-0.00578526,0.150358,-1.56845e-11,0.0517469,-0.140859,6.81397e-12
4.702,0.23569,0.0347073,0.244887,-0.151311,-0.0439112,-0.099868,0.418594,0.112939,-2.26838e-12,0.427177,-0.177984,0.0821329,-0.00578526,0.150358,-1.56845e-11,0.0517469,-0.140859,6.81397e-12
4.703,0.235707,0.0344214,0.24481,-0.149788,-0.043905,-0.100465,0.418594,0.112939,-2.26838e-12,0.427483,-0.177967,0.0818797,-0.00578526,0.150358,-1.56845e-11,0.0517469,-0.140859,6.81397e-12
4.704,0.235725,0.0341357,0.244732,-0.148274,-0.0438933,-0.101052,0.418594,0.112939,-2.26838e-12,0.427787,-0.177951,0.0816244,-0.00578526,0.150358,-1.56845e-11,0.0517469,-0.140859,6.81397e-12
4.705,0.235742,0.0338503,0.244653,-0.14677,-0.0438763,-0.101627,0.418594,0.112939,-2.26838e-12,0.42809,-0.177934,0.0813669,-0.00578526,0.150358,-1.56845e-11,0.0517469,-0.140859,6.81397e-12
4.706,0.235759,0.0335652,0.244574,-0.145275,-0.043854,-0.102192,0.418594,0.112939,-2.26838e-12,0.428391,-0.177917,0.0811073,-0.00578526,0.150358,-1.56845e-11,0.0517469,-0.140859,6.81397e-12
4.707,0.235775,0.0332803,0.244494,-0.143789,-0.0438264,-0.102745,0.418594,0.112939,-2.26838e-12,0.42869,-0.177901,0.0808456,-0.00578526,0.150358,-1.56845e-11,0.0517469,-0.140859,6.81397e-12
4.708,0.235792,0.0329958,0.244413,-0.142313,-0.0437935,-0.103288,0.418594,0.112939,-2.26838e-12,0.428988,-0.177885,0.0805819,-0.00578526,0.150358,-1.56845e-11,0.0517469,-0.140859,6.81397e-12
4.709,0.235808,0.0327115,0.244331,-0.140846,-0.0437553,-0.103819,0.418594,0.112939,-2.26838e-12,0.429284,-0.177868,0.0803161,-0.00578526,0.150358,-1.56845e-11,0.0517469,-0.140859,6.81397e-12
4.71,0.235823,0.0324275,0.244249,-0.139389,-0.0437119,-0.104339,0.418594,0.112939,-2.26838e-12,0.429578,-0.177852,0.0800483,-0.00578526,0.150358,-1.56845e-11,0.0517469,-0.140859,6.81397e-12
4.711,0.235838,0.0321439,0.244166,-0.13794,-0.0436633,-0.104849,0.418594,0.112939,-2.26838e-12,0.429871,-0.177836,0.0797785,-0.00578526,0.150358,-1.56845e-11,0.0517469,-0.140859,6.81397e-12
4.712,0.235853,0.0318605,0.244083,-0.136502,-0.0436094,-0.105347,0.418594,0.112939,-2.26838e-12,0.430163,-0.17782,0.0795067,-0.00578526,0.150358,-1.56845e-11,0.0517469,-0.140859,6.81397e-12
4.713,0.235868,0.0315774,0.243999,-0.135073,-0.0435504,-0.105834,0.418594,0.112939,-2.26838e-12,0.430452,-0.177804,0.079233,-0.00578526,0.150358,-1.56845e-11,0.0517469,-0.140859,6.81397e-12
4.714,0.235882,0.0312946,0.243914,-0.133653,-0.0434862,-0.10631,0.418594,0.112939,-2.26838e-12,0.43074,-0.177788,0.0789573,-0.00578526,0.150358,-1.56845e-11,0.0517469,-0.140859,6.81397e-12
4.715,0.235896,0.0310121,0.243828,-0.132243,-0.0434169,-0.106775,0.418594,0.112939,-2.26838e-12,0.431027,-0.177773,0.0786797,-0.00578526,0.150358,-1.56845e-11,0.0517469,-0.140859,6.81397e-12
4.716,0.235909,0.0307299,0.243742,-0.130842,-0.0433425,-0.107228,0.418594,0.112939,-2.26838e-12,0.431312,-0.177757,0.0784002,-0.00578526,0.150358,-1.56845e-11,0.0517469,-0.140859,6.81397e-12
4.717,0.235923,0.0304481,0.243656,-0.129451,-0.0432629,-0.107671,0.418594,0.112939,-2.26838e-12,0.431595,-0.177741,0.0781188,-0.00578526,0.150358,-1.56845e-11,0.0517469,-0.140859,6.81397e-12
4.718,0.235936,0.0301665,0.243569,-0.12807,-0.0431783,-0.108102,0.418594,0.112939,-2.26838e-12,0.431877,-0.177726,0.0778355,-0.00578526,0.150358,-1.56845e-11,0.0517469,-0.140859,6.81397e-12
4.719,0.235948,0.0298852,0.243481,-0.126699,-0.0430886,-0.108522,0.418594,0.112939,-2.26838e-12,0.432158,-0.177711,0.0775504,-0.00578526,0.150358,-1.56845e-11,0.0517469,-0.140859,6.81397e-12
4.72,0.235961,0.0296043,0.243393,-0.125337,-0.0429939,-0.10893,0.418594,0.112939,-2.26838e-12,0.432436,-0.177695,0.0772635,-0.00578526,0.150358,-1.56845e-11,0.0517469,-0.140859,6.81397e-12
4.721,0.235973,0.0293237,0.243304,-0.123984,-0.0428942,-0.109328,0.418594,0.112939,-2.26838e-12,0.432713,-0.17768,0.0769747,-0.00578526,0.150358,-1.56845e-11,0.0517469,-0.140859,6.81397e-12
4.722,0.235985,0.0290434,0.243215,-0.122642,-0.0427895,-0.109714,0.418594,0.112939,-2.26838e-12,0.432989,-0.177665,0.0766842,-0.00578526,0.150358,-1.56845e-11,0.0517469,-0.140859,6.81397e-12
4.723,0.235996,0.0287634,0.243125,-0.121309,-0.0426798,-0.110089,0.418594,0.112939,-2.26838e-12,0.433263,-0.17765,0.076392,-0.00578526,0.150358,-1.56845e-11,0.0517469,-0.140859,6.81397e-12
4.724,0.236007,0.0284838,0.243034,-0.119986,-0.0425651,-0.110452,0.418594,0.112939,-2.26838e-12,0.433536,-0.177635,0.076098,-0.00578526,0.150358,-1.56845e-11,0.0517469,-0.140859,6.81397e-12
4.725,0.236018,0.0282044,0.242944,-0.118673,-0.0424455,-0.110804,0.418594,0.112939,-2.26838e-12,0.433807,-0.17762,0.0758022,-0.00578526,0.150358,-1.56845e-11,0.0517469,-0.140859,6.81397e-12
4.726,0.236029,0.0279254,0.242852,-0.11737,-0.042321,-0.111144,0.418594,0.112939,-2.26838e-12,0.434076,-0.177605,0.0755048,-0.00578526,0.150358,-1.56845e-11,0.0517469,-0.140859,6.81397e-12
4.727,0.236039,0.0276468,0.24276,-0.116077,-0.0421916,-0.111474,0.418594,0.112939,-2.26838e-12,0.434344,-0.177591,0.0752057,-0.00578526,0.150358,-1.56845e-11,0.0517469,-0.140859,6.81397e-12
4.728,0.236049,0.0273684,0.242668,-0.114794,-0.0420574,-0.111791,0.418594,0.112939,-2.26838e-12,0.43461,-0.177576,0.0749049,-0.00578526,0.150358,-1.56845e-11,0.0517469,-0.140859,6.81397e-12
4.729,0.236058,0.0270904,0.242575,-0.11352,-0.0419183,-0.112098,0.418594,0.112939,-2.26838e-12,0.434875,-0.177561,0.0746025,-0.00578526,0.150358,-1.56845e-11,0.0517469,-0.140859,6.81397e-12
4.73,0.236068,0.0268128,0.242482,-0.112257,-0.0417743,-0.112392,0.418594,0.112939,-2.26838e-12,0.435139,-0.177547,0.0742985,-0.00578526,0.150358,-1.56845e-11,0.0517469,-0.140859,6.81397e-12
4.731,0.236077,0.0265355,0.242388,-0.111003,-0.0416256,-0.112676,0.418594,0.112939,-2.26838e-12,0.4354,-0.177533,0.0739929,-0.00578526,0.150358,-1.56845e-11,0.0517469,-0.140859,6.81397e-12
4.732,0.236086,0.0262585,0.242294,-0.10976,-0.041472,-0.112947,0.418594,0.112939,-2.26838e-12,0.435661,-0.177518,0.0736857,-0.00578526,0.150358,-1.56845e-11,0.0517469,-0.140859,6.81397e-12
4.733,0.236094,0.0259819,0.2422,-0.108527,-0.0413137,-0.113208,0.418594,0.112939,-2.26838e-12,0.43592,-0.177504,0.0733769,-0.00578526,0.150358,-1.56845e-11,0.0517469,-0.140859,6.81397e-12
4.734,0.236103,0.0257056,0.242105,-0.107303,-0.0411506,-0.113456,0.418594,0.112939,-2.26838e-12,0.436177,-0.17749,0.0730666,-0.00578526,0.150358,-1.56845e-11,0.0517469,-0.140859,6.81397e-12
4.735,0.236111,0.0254297,0.242009,-0.10609,-0.0409828,-0.113693,0.418594,0.112939,-2.26838e-12,0.436433,-0.177476,0.0727548,-0.00578526,0.150358,-1.56845e-11,0.0517469,-0.140859,6.81397e-12
4.736,0.236118,0.0251542,0.241914,-0.104887,-0.0408103,-0.113919,0.418594,0.112939,-2.26838e-12,0.436687,-0.177462,0.0724415,-0.00578526,0.150358,-1.56845e-11,0.0517469,-0.140859,6.81397e-12
4.737,0.236126,0.024879,0.241818,-0.103694,-0.0406331,-0.114132,0.418594,0.112939,-2.26838e-12,0.43694,-0.177448,0.0721267,-0.00578526,0.150358,-1.56845e-11,0.0517469,-0.140859,6.81397e-12
4.738,0.236133,0.0246041,0.241721,-0.102512,-0.0404513,-0.114335,0.418594,0.112939,-2.26838e-12,0.437191,-0.177434,0.0718104,-0.00578526,0.150358,-1.56845e-11,0.0517469,-0.140859,6.81397e-12
4.739,0.23614,0.0243296,0.241625,-0.101339,-0.0402648,-0.114525,0.418594,0.112939,-2.26838e-12,0.437441,-0.17742,0.0714927,-0.00578526,0.150358,-1.56845e-11,0.0517469,-0.140859,6.81397e-12
4.74,0.236147,0.0240555,0.241527,-0.100177,-0.0400737,-0.114704,0.418594,0.112939,-2.26838e-12,0.437689,-0.177407,0.0711736,-0.00578526,0.150358,-1.56845e-11,0.0517469,-0.140859,6.81397e-12
4.741,0.236153,0.0237818,0.24143,-0.0990251,-0.0398779,-0.114871,0.418594,0.112939,-2.26838e-12,0.437936,-0.177393,0.0708531,-0.00578526,0.150358,-1.56845e-11,0.0517469,-0.140859,6.81397e-12
4.742,0.236159,0.0235084,0.241332,-0.0978835,-0.0396776,-0.115026,0.418594,0.112939,-2.26838e-12,0.438182,-0.17738,0.0705312,-0.00578526,0.150358,-1.56845e-11,0.0517469,-0.140859,6.81397e-12
4.743,0.236165,0.0232354,0.241234,-0.0967523,-0.0394727,-0.11517,0.418594,0.112939,-2.26838e-12,0.438425,-0.177366,0.070208,-0.00578526,0.150358,-1.56845e-11,0.0517469,-0.140859,6.81397e-12
4.744,0.236171,0.0229628,0.241136,-0.0956314,-0.0392633,-0.115302,0.418594,0.112939,-2.26838e-12,0.438668,-0.177353,0.0698834,-0.00578526,0.150358,-1.56845e-11,0.0517469,-0.140859,6.81397e-12
4.745,0.236176,0.0226905,0.241037,-0.0945209,-0.0390494,-0.115422,0.418594,0.112939,-2.26838e-12,0.438909,-0.17734,0.0695575,-0.00578526,0.150358,-1.56845e-11,0.0517469,-0.140859,6.81397e-12
4.746,0.236181,0.0224186,0.240938,-0.0934209,-0.0388309,-0.11553,0.418594,0.112939,-2.26838e-12,0.439149,-0.177327,0.0692303,-0.00578526,0.150358,-1.56845e-11,0.0517469,-0.140859,6.81397e-12
4.747,0.236186,0.0221471,0.240839,-0.0923313,-0.038608,-0.115626,0.418594,0.112939,-2.26838e-12,0.439387,-0.177314,0.0689019,-0.00578526,0.150358,-1.56845e-11,0.0517469,-0.140859,6.81397e-12
4.748,0.236191,0.021876,0.24074,-0.0912522,-0.0383806,-0.115711,0.418594,0.112939,-2.26838e-12,0.439623,-0.177301,0.0685722,-0.00578526,0.150358,-1.56845e-11,0.0517469,-0.140859,6.81397e-12
4.749,0.236195,0.0216053,0.24064,-0.0901836,-0.0381488,-0.115783,0.418594,0.112939,-2.26838e-12,0.439859,-0.177288,0.0682412,-0.00578526,0.150358,-1.56845e-11,0.0517469,-0.140859,6.81397e-12
4.75,0.236199,0.021335,0.24054,-0.0891256,-0.0379126,-0.115844,0.418594,0.112939,-2.26838e-12,0.440092,-0.177275,0.067909,-0.00578526,0.150358,-1.56845e-11,0.0517469,-0.140859,6.81397e-12
4.751,0.236203,0.021065,0.24044,-0.0880781,-0.0376719,-0.115893,0.418594,0.112939,-2.26838e-12,0.440325,-0.177262,0.0675757,-0.00578526,0.150358,-1.56845e-11,0.0517469,-0.140859,6.81397e-12
4.752,0.236207,0.0207955,0.24034,-0.0870412,-0.0374269,-0.11593,0.418594,0.112939,-2.26838e-12,0.440556,-0.177249,0.0672411,-0.00578526,0.150358,-1.56845e-11,0.0517469,-0.140859,6.81397e-12
4.753,0.23621,0.0205263,0.24024,-0.0860149,-0.0371775,-0.115955,0.418594,0.112939,-2.26838e-12,0.440785,-0.177237,0.0669054,-0.00578526,0.150358,-1.56845e-11,0.0517469,-0.140859,6.81397e-12
4.754,0.236214,0.0202576,0.240139,-0.0849993,-0.0369238,-0.115967,0.418594,0.112939,-2.26838e-12,0.441013,-0.177224,0.0665686,-0.00578526,0.150358,-1.56845e-11,0.0517469,-0.140859,6.81397e-12
4.755,0.236217,0.0199892,0.240038,-0.0839944,-0.0366658,-0.115968,0.418594,0.112939,-2.26838e-12,0.44124,-0.177212,0.0662307,-0.00578526,0.150358,-1.56845e-11,0.0517469,-0.140859,6.81397e-12
4.756,0.236219,0.0197213,0.239937,-0.0830002,-0.0364035,-0.115957,0.418594,0.112939,-2.26838e-12,0.441465,-0.177199,0.0658916,-0.00578526,0.150358,-1.56845e-11,0.0517469,-0.140859,6.81397e-12
4.757,0.236222,0.0194538,0.239836,-0.0820167,-0.0361369,-0.115934,0.418594,0.112939,-2.26838e-12,0.441689,-0.177187,0.0655515,-0.00578526,0.150358,-1.56845e-11,0.0517469,-0.140859,6.81397e-12
4.758,0.236224,0.0191866,0.239735,-0.081044,-0.035866,-0.115899,0.418594,0.112939,-2.26838e-12,0.441911,-0.177175,0.0652104,-0.00578526,0.150358,-1.56845e-11,0.0517469,-0.140859,6.81397e-12
4.759,0.236226,0.0189199,0.239633,-0.080082,-0.0355909,-0.115851,0.418594,0.112939,-2.26838e-12,0.442132,-0.177163,0.0648682,-0.00578526,0.150358,-1.56845e-11,0.0517469,-0.140859,6.81397e-12
4.76,0.236228,0.0186536,0.239532,-0.0791309,-0.0353116,-0.115792,0.418594,0.112939,-2.26838e-12,0.442352,-0.177151,0.064525,-0.00578526,0.150358,-1.56845e-11,0.0517469,-0.140859,6.81397e-12
4.761,0.23623,0.0183877,0.23943,-0.0781906,-0.0350281,-0.11572,0.418594,0.112939,-2.26838e-12,0.44257,-0.177139,0.0641808,-0.00578526,0.150358,-1.56845e-11,0.0517469,-0.140859,6.81397e-12
4.762,0.236231,0.0181223,0.239329,-0.0772613,-0.0347405,-0.115636,0.418594,0.112939,-2.26838e-12,0.442787,-0.177127,0.0638356,-0.00578526,0.150358,-1.56845e-11,0.0517469,-0.140859,6.81397e-12
4.763,0.236232,0.0178572,0.239227,-0.0763428,-0.0344486,-0.11554,0.418594,0.112939,-2.26838e-12,0.443002,-0.177115,0.0634894,-0.00578526,0.150358,-1.56845e-11,0.0517469,-0.140859,6.81397e-12
4.764,0.236233,0.0175926,0.239125,-0.0754352,-0.0341527,-0.115432,0.418594,0.112939,-2.26838e-12,0.443216,-0.177103,0.0631424,-0.00578526,0.150358,-1.56845e-11,0.0517469,-0.140859,6.81397e-12
4.765,0.236234,0.0173284,0.239023,-0.0745387,-0.0338526,-0.115311,0.418594,0.112939,-2.26838e-12,0.443429,-0.177092,0.0627944,-0.00578526,0.150358,-1.56845e-11,0.0517469,-0.140859,6.81397e-12
4.766,0.236235,0.0170646,0.238921,-0.0736531,-0.0335485,-0.115179,0.418594,0.112939,-2.26838e-12,0.44364,-0.17708,0.0624456,-0.00578526,0.150358,-1.56845e-11,0.0517469,-0.140859,6.81397e-12
4.767,0.236235,0.0168013,0.238819,-0.0727785,-0.0332403,-0.115034,0.418594,0.112939,-2.26838e-12,0.44385,-0.177069,0.0620958,-0.00578526,0.150358,-1.56845e-11,0.0517469,-0.140859,6.81397e-12
4.768,0.236235,0.0165384,0.238717,-0.071915,-0.032928,-0.114877,0.418594,0.112939,-2.26838e-12,0.444059,-0.177057,0.0617452,-0.00578526,0.150358,-1.56845e-11,0.0517469,-0.140859,6.81397e-12
4.769,0.236235,0.016276,0.238615,-0.0710625,-0.0326117,-0.114707,0.418594,0.112939,-2.26838e-12,0.444266,-0.177046,0.0613938,-0.00578526,0.150358,-1.56845e-11,0.0517469,-0.140859,6.81397e-12
4.77,0.236235,0.0160139,0.238513,-0.0702212,-0.0322914,-0.114525,0.418594,0.112939,-2.26838e-12,0.444472,-0.177034,0.0610416,-0.00578526,0.150358,-1.56845e-11,0.0517469,-0.140859,6.81397e-12
4.771,0.236234,0.0157524,0.238411,-0.069391,-0.0319671,-0.114331,0.418594,0.112939,-2.26838e-12,0.444676,-0.177023,0.0606886,-0.00578526,0.150358,-1.56845e-11,0.0517469,-0.140859,6.81397e-12
4.772,0.236234,0.0154912,0.238309,-0.0685719,-0.0316389,-0.114124,0.418594,0.112939,-2.26838e-12,0.444879,-0.177012,0.0603348,-0.00578526,0.150358,-1.56845e-11,0.0517469,-0.140859,6.81397e-12
4.773,0.236233,0.0152305,0.238207,-0.0677641,-0.0313067,-0.113905,0.418594,0.112939,-2.26838e-12,0.445081,-0.177001,0.0599802,-0.00578526,0.150358,-1.56845e-11,0.0517469,-0.140859,6.81397e-12
4.774,0.236232,0.0149703,0.238105,-0.0669674,-0.0309706,-0.113674,0.418594,0.112939,-2.26838e-12,0.445281,-0.17699,0.059625,-0.00578526,0.150358,-1.56845e-11,0.0517469,-0.140859,6.81397e-12
4.775,0.236231,0.0147105,0.238003,-0.066182,-0.0306305,-0.11343,0.418594,0.112939,-2.26838e-12,0.44548,-0.176979,0.059269,-0.00578526,0.150358,-1.56845e-11,0.0517469,-0.140859,6.81397e-12
4.776,0.236229,0.0144512,0.237901,-0.0654079,-0.0302866,-0.113174,0.418594,0.112939,-2.26838e-12,0.445678,-0.176968,0.0589123,-0.00578526,0.150358,-1.56845e-11,0.0517469,-0.140859,6.81397e-12
4.777,0.236228,0.0141923,0.237799,-0.0646451,-0.0299389,-0.112905,0.418594,0.112939,-2.26838e-12,0.445874,-0.176957,0.058555,-0.00578526,0.150358,-1.56845e-11,0.0517469,-0.140859,6.81397e-12
4.778,0.236226,0.0139339,0.237698,-0.0638936,-0.0295872,-0.112624,0.418594,0.112939,-2.26838e-12,0.44607,-0.176947,0.058197,-0.00578526,0.150358,-1.56845e-11,0.0517469,-0.140859,6.81397e-12
4.779,0.236224,0.0136759,0.237596,-0.0631535,-0.0292318,-0.11233,0.418594,0.112939,-2.26838e-12,0.446263,-0.176936,0.0578384,-0.00578526,0.150358,-1.56845e-11,0.0517469,-0.140859,6.81397e-12
4.78,0.236222,0.0134184,0.237495,-0.0624247,-0.0288726,-0.112024,0.418594,0.112939,-2.26838e-12,0.446456,-0.176925,0.0574791,-0.00578526,0.150358,-1.56845e-11,0.0517469,-0.140859,6.81397e-12
4.781,0.23622,0.0131614,0.237393,-0.0617074,-0.0285095,-0.111705,0.418594,0.112939,-2.26838e-12,0.446647,-0.176915,0.0571193,-0.00578526,0.150358,-1.56845e-11,0.0517469,-0.140859,6.81397e-12
4.782,0.236217,0.0129049,0.237292,-0.0610015,-0.0281428,-0.111373,0.418594,0.112939,-2.26838e-12,0.446837,-0.176904,0.0567589,-0.00578526,0.150358,-1.56845e-11,0.0517469,-0.140859,6.81397e-12
4.783,0.236215,0.0126488,0.237191,-0.0603071,-0.0277723,-0.111029,0.418594,0.112939,-2.26838e-12,0.447025,-0.176894,0.056398,-0.00578526,0.150358,-1.56845e-11,0.0517469,-0.140859,6.81397e-12
4.784,0.236212,0.0123932,0.23709,-0.0596242,-0.027398,-0.110673,0.418594,0.112939,-2.26838e-12,0.447212,-0.176884,0.0560365,-0.00578526,0.150358,-1.56845e-11,0.0517469,-0.140859,6.81397e-12
4.785,0.236209,0.012138,0.236989,-0.0589528,-0.0270201,-0.110303,0.418594,0.112939,-2.26838e-12,0.447398,-0.176874,0.0556746,-0.00578526,0.150358,-1.56845e-11,0.0517469,-0.140859,6.81397e-12
4.786,0.236206,0.0118834,0.236888,-0.0582929,-0.0266385,-0.109921,0.418594,0.112939,-2.26838e-12,0.447583,-0.176863,0.0553121,-0.00578526,0.150358,-1.56845e-11,0.0517469,-0.140859,6.81397e-12
4.787,0.236203,0.0116292,0.236788,-0.0576447,-0.0262532,-0.109527,0.418594,0.112939,-2.26838e-12,0.447766,-0.176853,0.0549492,-0.00578526,0.150358,-1.56845e-11,0.0517469,-0.140859,6.81397e-12
4.788,0.236199,0.0113755,0.236688,-0.0570081,-0.0258643,-0.109119,0.418594,0.112939,-2.26838e-12,0.447948,-0.176843,0.0545858,-0.00578526,0.150358,-1.56845e-11,0.0517469,-0.140859,6.81397e-12
4.789,0.236195,0.0111223,0.236588,-0.0563831,-0.0254718,-0.108699,0.418594,0.112939,-2.26838e-12,0.448129,-0.176834,0.054222,-0.00578526,0.150358,-1.56845e-11,0.0517469,-0.140859,6.81397e-12
4.79,0.236192,0.0108696,0.236488,-0.0557697,-0.0250757,-0.108266,0.418594,0.112939,-2.26838e-12,0.448309,-0.176824,0.0538578,-0.00578526,0.150358,-1.56845e-11,0.0517469,-0.140859,6.81397e-12
4.791,0.236188,0.0106174,0.236388,-0.0551681,-0.024676,-0.107821,0.418594,0.112939,-2.26838e-12,0.448487,-0.176814,0.0534932,-0.00578526,0.150358,-1.56845e-11,0.0517469,-0.140859,6.81397e-12
4.792,0.236184,0.0103656,0.236289,-0.0545782,-0.0242727,-0.107362,0.418594,0.112939,-2.26838e-12,0.448664,-0.176804,0.0531283,-0.00578526,0.150358,-1.56845e-11,0.0517469,-0.140859,6.81397e-12
4.793,0.23618,0.0101144,0.23619,-0.0540001,-0.0238659,-0.106891,0.418594,0.112939,-2.26838e-12,0.448839,-0.176794,0.052763,-0.00578526,0.150358,-1.56845e-11,0.0517469,-0.140859,6.81397e-12
4.794,0.236175,0.00986368,0.236091,-0.0534337,-0.0234556,-0.106407,0.418594,0.112939,-2.26838e-12,0.449014,-0.176785,0.0523973,-0.00578526,0.150358,-1.56845e-11,0.0517469,-0.140859,6.81397e-12
4.795,0.236171,0.00961345,0.235992,-0.0528792,-0.0230419,-0.10591,0.418594,0.112939,-2.26838e-12,0.449187,-0.176775,0.0520314,-0.00578526,0.150358,-1.56845e-11,0.0517469,-0.140859,6.81397e-12
4.796,0.236166,0.00936372,0.235894,-0.0523365,-0.0226246,-0.1054,0.418594,0.112939,-2.26838e-12,0.449359,-0.176766,0.0516652,-0.00578526,0.150358,-1.56845e-11,0.0517469,-0.140859,6.81397e-12
4.797,0.236161,0.0091145,0.235796,-0.0518056,-0.0222039,-0.104877,0.418594,0.112939,-2.26838e-12,0.449529,-0.176757,0.0512987,-0.00578526,0.150358,-1.56845e-11,0.0517469,-0.140859,6.81397e-12
4.798,0.236156,0.00886579,0.235698,-0.0512867,-0.0217798,-0.104341,0.418594,0.112939,-2.26838e-12,0.449699,-0.176747,0.050932,-0.00578526,0.150358,-1.56845e-11,0.0517469,-0.140859,6.81397e-12
4.799,0.236151,0.00861759,0.235601,-0.0507796,-0.0213522,-0.103793,0.418594,0.112939,-2.26838e-12,0.449867,-0.176738,0.050565,-0.00578526,0.150358,-1.56845e-11,0.0517469,-0.140859,6.81397e-12
4.8,0.236146,0.0083699,0.235504,-0.0502846,-0.0209213,-0.103231,0.418594,0.112939,-2.26838e-12,0.450034,-0.176729,0.0501979,-0.00578526,0.150358,-1.56845e-11,0.0517469,-0.140859,6.81397e-12
4.801,0.236141,0.00812273,0.235407,-0.0498014,-0.020487,-0.102657,0.418594,0.112939,-2.26838e-12,0.450199,-0.17672,0.0498305,-0.00578526,0.150358,-1.56845e-11,0.0517469,-0.140859,6.81397e-12
4.802,0.236135,0.00787607,0.235311,-0.04933,-0.0200493,-0.102069,0.418594,0.112939,-2.26838e-12,0.450364,-0.176711,0.049463,-0.00578526,0.150358,-1.56845e-11,0.0517469,-0.140859,6.81397e-12
4.803,0.23613,0.00762992,0.235215,-0.0488701,-0.0196084,-0.10147,0.418594,0.112939,-2.26838e-12,0.450527,-0.176702,0.0490953,-0.00578526,0.150358,-1.56845e-11,0.0517469,-0.140859,6.81397e-12
4.804,0.236124,0.00738427,0.235119,-0.0484215,-0.0191642,-0.100857,0.418594,0.112939,-2.26838e-12,0.450689,-0.176693,0.0487276,-0.00578526,0.150358,-1.56845e-11,0.0517469,-0.140859,6.81397e-12
4.805,0.236118,0.00713912,0.235024,-0.0479839,-0.0187168,-0.100233,0.418594,0.112939,-2.26838e-12,0.45085,-0.176684,0.0483597,-0.00578526,0.150358,-1.56845e-11,0.0517469,-0.140859,6.81397e-12
4.806,0.236112,0.00689446,0.234929,-0.0475571,-0.0182661,-0.099597,0.418594,0.112939,-2.26838e-12,0.451009,-0.176675,0.0479917,-0.00578518,0.150358,7.58649e-07,0.0517469,-0.140859,6.81397e-12
4.807,0.236106,0.00665029,0.234834,-0.0471409,-0.0178123,-0.0989493,0.418594,0.112939,-2.26838e-12,0.451168,-0.176667,0.0476237,-0.0057847,0.150358,5.26736e-06,0.0517469,-0.140859,6.81397e-12
4.808,0.2361,0.00640661,0.23474,-0.0467349,-0.0173554,-0.0982901,0.418594,0.112939,-2.26838e-12,0.451325,-0.176658,0.0472556,-0.00578377,0.150358,1.38134e-05,0.0517469,-0.140859,6.81397e-12
4.809,0.236094,0.00616341,0.234647,-0.046339,-0.0168954,-0.0976198,0.418594,0.112939,-2.26838e-12,0.451481,-0.176649,0.0468875,-0.0057824,0.150358,2.63755e-05,0.0517469,-0.140859,6.81397e-12
4.81,0.236087,0.00592068,0.234553,-0.045953,-0.0164323,-0.0969385,0.418594,0.112939,-2.26838e-12,0.451636,-0.176641,0.0465194,-0.00578058,0.150358,4.29322e-05,0.0517469,-0.140859,6.81397e-12
4.811,0.236081,0.00567843,0.23446,-0.0455766,-0.0159662,-0.0962464,0.418594,0.112939,-2.26838e-12,0.451789,-0.176632,0.0461513,-0.00577831,0.150358,6.34623e-05,0.0517469,-0.140859,6.81397e-12
4.812,0.236074,0.00543665,0.234368,-0.0452095,-0.0154971,-0.0955439,0.418594,0.112939,-2.26838e-12,0.451942,-0.176624,0.0457833,-0.00577558,0.150358,8.79444e-05,0.0517469,-0.140859,6.81397e-12
4.813,0.236067,0.00519533,0.234276,-0.0448516,-0.0150251,-0.094831,0.418594,0.112939,-2.26838e-12,0.452093,-0.176616,0.0454153,-0.00577239,0.150358,0.000116357,0.0517469,-0.140859,6.81397e-12
4.814,0.23606,0.00495446,0.234185,-0.0445025,-0.0145501,-0.0941081,0.418594,0.112939,-2.26838e-12,0.452243,-0.176608,0.0450474,-0.00576874,0.150358,0.000148679,0.0517469,-0.140859,6.81397e-12
4.815,0.236053,0.00471405,0.234094,-0.0441621,-0.0140723,-0.0933753,0.418594,0.112939,-2.26838e-12,0.452392,-0.176599,0.0446796,-0.00576461,0.150359,0.000184889,0.0517469,-0.140859,6.81397e-12
4.816,0.236046,0.0044741,0.234003,-0.0438301,-0.0135915,-0.0926329,0.418594,0.112939,-2.26838e-12,0.452539,-0.176591,0.0443119,-0.00576001,0.150359,0.000224966,0.0517469,-0.140859,6.81397e-12
4.817,0.236039,0.00423458,0.233913,-0.0435062,-0.013108,-0.0918811,0.418594,0.112939,-2.26838e-12,0.452686,-0.176583,0.0439444,-0.00575494,0.150359,0.000268888,0.0517469,-0.140859,6.81397e-12
4.818,0.236031,0.00399551,0.233824,-0.0431903,-0.0126217,-0.0911202,0.418594,0.112939,-2.26838e-12,0.452831,-0.176575,0.043577,-0.00574938,0.150359,0.000316635,0.0517469,-0.140859,6.81397e-12
4.819,0.236024,0.00375687,0.233735,-0.0428821,-0.0121326,-0.0903503,0.418594,0.112939,-2.26838e-12,0.452975,-0.176567,0.0432098,-0.00574334,0.15036,0.000368183,0.0517469,-0.140859,6.81397e-12
4.82,0.236016,0.00351867,0.233647,-0.0425814,-0.0116408,-0.0895717,0.418594,0.112939,-2.26838e-12,0.453118,-0.17656,0.0428427,-0.0057368,0.15036,0.000423514,0.0517469,-0.140859,6.81397e-12
4.821,0.236009,0.0032809,0.233559,-0.0422878,-0.0111464,-0.0887846,0.418594,0.112939,-2.26838e-12,0.45326,-0.176552,0.042476,-0.00572978,0.150361,0.000482604,0.0517469,-0.140859,6.81397e-12
4.822,0.236001,0.00304354,0.233472,-0.0420013,-0.0106493,-0.0879892,0.418594,0.112939,-2.26838e-12,0.453401,-0.176544,0.0421094,-0.00572225,0.150361,0.000545433,0.0517469,-0.140859,6.81397e-12
4.823,0.235993,0.00280661,0.233385,-0.0417214,-0.0101495,-0.0871858,0.418594,0.112939,-2.26838e-12,0.45354,-0.176536,0.0417431,-0.00571423,0.150361,0.000611979,0.0517469,-0.140859,6.81397e-12
4.824,0.235985,0.00257009,0.233299,-0.0414481,-0.00964723,-0.0863745,0.418594,0.112939,-2.26838e-12,0.453678,-0.176529,0.0413771,-0.00570569,0.150362,0.000682221,0.0517469,-0.140859,6.81397e-12
4.825,0.235977,0.00233399,0.233213,-0.0411811,-0.00914238,-0.0855556,0.418594,0.112939,-2.26838e-12,0.453816,-0.176521,0.0410114,-0.00569665,0.150362,0.000756138,0.0517469,-0.140859,6.81397e-12
4.826,0.235969,0.00209828,0.233128,-0.0409201,-0.00863502,-0.0847294,0.418594,0.112939,-2.26838e-12,0.453952,-0.176514,0.040646,-0.00568709,0.150363,0.000833709,0.0517469,-0.140859,6.81397e-12
4.827,0.235961,0.00186298,0.233044,-0.0406648,-0.00812518,-0.083896,0.418594,0.112939,-2.26838e-12,0.454087,-0.176506,0.0402809,-0.00567702,0.150363,0.000914911,0.0517469,-0.140859,6.81397e-12
4.828,0.235952,0.00162808,0.23296,-0.0404151,-0.0076129,-0.0830558,0.418594,0.112939,-2.26838e-12,0.454221,-0.176499,0.0399163,-0.00566642,0.150364,0.000999724,0.0517469,-0.140859,6.81397e-12
4.829,0.235944,0.00139357,0.232877,-0.0401708,-0.00709822,-0.0822088,0.418594,0.112939,-2.26838e-12,0.454353,-0.176492,0.0395519,-0.0056553,0.150365,0.00108813,0.0517469,-0.140859,6.81397e-12
4.83,0.235936,0.00115944,0.232794,-0.0399315,-0.00658116,-0.0813553,0.418594,0.112939,-2.26838e-12,0.454485,-0.176484,0.039188,-0.00564364,0.150365,0.0011801,0.0517469,-0.140859,6.81397e-12
4.831,0.235927,0.000925701,0.232712,-0.039697,-0.00606176,-0.0804956,0.418594,0.112939,-2.26838e-12,0.454616,-0.176477,0.0388246,-0.00563145,0.150366,0.00127561,0.0517469,-0.140859,6.81397e-12
4.832,0.235918,0.00069234,0.232631,-0.0394671,-0.00554006,-0.0796298,0.418594,0.112939,-2.26838e-12,0.454745,-0.17647,0.0384615,-0.00561873,0.150366,0.00137466,0.0517469,-0.140859,6.81397e-12
4.833,0.235909,0.000459354,0.23255,-0.0392416,-0.00501609,-0.0787583,0.418594,0.112939,-2.26838e-12,0.454873,-0.176463,0.0380989,-0.00560546,0.150367,0.0014772,0.0517469,-0.140859,6.81397e-12
4.834,0.235901,0.000226738,0.23247,-0.0390202,-0.00448988,-0.0778811,0.418594,0.112939,-2.26838e-12,0.455,-0.176456,0.0377368,-0.00559164,0.150368,0.00158323,0.0517469,-0.140859,6.81397e-12
4.835,0.235892,-5.51229e-06,0.232391,-0.0388027,-0.00396147,-0.0769986,0.418594,0.112939,-2.26838e-12,0.455127,-0.176449,0.0373752,-0.00557727,0.150369,0.00169272,0.0517469,-0.140859,6.81397e-12
4.836,0.235883,-0.000237401,0.232313,-0.0385889,-0.0034309,-0.076111,0.418594,0.112939,-2.26838e-12,0.455252,-0.176442,0.0370142,-0.00556234,0.15037,0.00180565,0.0517469,-0.140859,6.81397e-12
4.837,0.235874,-0.000468933,0.232235,-0.0383784,-0.00289819,-0.0752185,0.418594,0.112939,-2.26838e-12,0.455375,-0.176436,0.0366536,-0.00554686,0.15037,0.001922,0.0517469,-0.140859,6.81397e-12
4.838,0.235864,-0.000700112,0.232158,-0.0381711,-0.00236338,-0.0743213,0.418594,0.112939,-2.26838e-12,0.455498,-0.176429,0.0362937,-0.00553082,0.150371,0.00204175,0.0517469,-0.140859,6.81397e-12
4.839,0.235855,-0.000930942,0.232081,-0.0379668,-0.00182651,-0.0734197,0.418594,0.112939,-2.26838e-12,0.45562,-0.176422,0.0359343,-0.0055142,0.150372,0.00216487,0.0517469,-0.140859,6.81397e-12
4.84,0.235846,-0.00116143,0.232005,-0.0377651,-0.00128761,-0.0725138,0.418594,0.112939,-2.26838e-12,0.455741,-0.176415,0.0355755,-0.00549702,0.150373,0.00229135,0.0517469,-0.140859,6.81397e-12
4.841,0.235836,-0.00139158,0.23193,-0.0375659,-0.000746718,-0.0716039,0.418594,0.112939,-2.26838e-12,0.45586,-0.176409,0.0352173,-0.00547926,0.150374,0.00242116,0.0517469,-0.140859,6.81397e-12
4.842,0.235827,-0.00162139,0.231856,-0.0373689,-0.000203862,-0.0706902,0.418594,0.112939,-2.26838e-12,0.455979,-0.176402,0.0348598,-0.00546092,0.150375,0.00255428,0.0517469,-0.140859,6.81397e-12
4.843,0.235817,-0.00185087,0.231783,-0.0371739,0.000340921,-0.069773,0.418594,0.112939,-2.26838e-12,0.456096,-0.176396,0.034503,-0.00544199,0.150376,0.0026907,0.0517469,-0.140859,6.81397e-12
4.844,0.235808,-0.00208003,0.23171,-0.0369806,0.000887596,-0.0688525,0.418594,0.112939,-2.26838e-12,0.456213,-0.17639,0.0341468,-0.00542248,0.150377,0.00283038,0.0517469,-0.140859,6.81397e-12
4.845,0.235798,-0.00230886,0.231638,-0.0367889,0.00143613,-0.0679288,0.418594,0.112939,-2.26838e-12,0.456328,-0.176383,0.0337914,-0.00540238,0.150378,0.00297331,0.0517469,-0.140859,6.81397e-12
4.846,0.235788,-0.00253738,0.231567,-0.0365984,0.00198648,-0.0670023,0.418594,0.112939,-2.26838e-12,0.456442,-0.176377,0.0334366,-0.00538168,0.150379,0.00311947,0.0517469,-0.140859,6.81397e-12
4.847,0.235779,-0.00276558,0.231497,-0.0364089,0.00253863,-0.0660731,0.418594,0.112939,-2.26838e-12,0.456556,-0.176371,0.0330826,-0.00536038,0.15038,0.00326883,0.0517469,-0.140859,6.81397e-12
4.848,0.235769,-0.00299348,0.231427,-0.0362202,0.00309253,-0.0651414,0.418594,0.112939,-2.26838e-12,0.456668,-0.176365,0.0327294,-0.00533848,0.150382,0.00342138,0.0517469,-0.140859,6.81397e-12
4.849,0.235759,-0.00322107,0.231359,-0.036032,0.00364815,-0.0642076,0.418594,0.112939,-2.26838e-12,0.456779,-0.176358,0.032377,-0.00531596,0.150383,0.00357709,0.0517469,-0.140859,6.81397e-12
4.85,0.235749,-0.00344837,0.231291,-0.0358442,0.00420546,-0.0632717,0.418594,0.112939,-2.26838e-12,0.456889,-0.176352,0.0320253,-0.00529284,0.150384,0.00373594,0.0517469,-0.140859,6.81397e-12
4.851,0.235739,-0.00367536,0.231224,-0.0356564,0.00476442,-0.0623341,0.418594,0.112939,-2.26838e-12,0.456998,-0.176346,0.0316745,-0.0052691,0.150385,0.00389791,0.0517469,-0.140859,6.81397e-12
4.852,0.235729,-0.00390207,0.231158,-0.0354685,0.005325,-0.061395,0.418594,0.112939,-2.26838e-12,0.457106,-0.17634,0.0313246,-0.00524474,0.150387,0.00406298,0.0517469,-0.140859,6.81397e-12
4.853,0.235718,-0.00412849,0.231092,-0.0352802,0.00588716,-0.0604546,0.418594,0.112939,-2.26838e-12,0.457213,-0.176335,0.0309755,-0.00521975,0.150388,0.00423113,0.0517469,-0.140859,6.81397e-12
4.854,0.235708,-0.00435463,0.231028,-0.0350912,0.00645087,-0.059513,0.418594,0.112939,-2.26838e-12,0.457319,-0.176329,0.0306273,-0.00519414,0.150389,0.00440233,0.0517469,-0.140859,6.81397e-12
4.855,0.235698,-0.00458049,0.230964,-0.0349014,0.00701609,-0.0585706,0.418594,0.112939,-2.26838e-12,0.457424,-0.176323,0.03028,-0.00516789,0.150391,0.00457657,0.0517469,-0.140859,6.81397e-12
4.856,0.235688,-0.00480608,0.230902,-0.0347104,0.00758279,-0.0576276,0.418594,0.112939,-2.26838e-12,0.457528,-0.176317,0.0299336,-0.00514101,0.150392,0.00475382,0.0517469,-0.140859,6.81397e-12
4.857,0.235677,-0.0050314,0.23084,-0.0345181,0.00815094,-0.0566842,0.418594,0.112939,-2.26838e-12,0.457631,-0.176312,0.0295882,-0.00511349,0.150394,0.00493406,0.0517469,-0.140859,6.81397e-12
4.858,0.235667,-0.00525645,0.230779,-0.0343241,0.00872051,-0.0557405,0.418594,0.112939,-2.26838e-12,0.457733,-0.176306,0.0292437,-0.00508532,0.150395,0.00511728,0.0517469,-0.140859,6.81397e-12
4.859,0.235656,-0.00548125,0.230719,-0.0341284,0.00929144,-0.0547969,0.418594,0.112939,-2.26838e-12,0.457834,-0.176301,0.0289002,-0.0050565,0.150397,0.00530344,0.0517469,-0.140859,6.81397e-12
4.86,0.235646,-0.00570579,0.23066,-0.0339306,0.00986373,-0.0538536,0.418594,0.112939,-2.26838e-12,0.457934,-0.176295,0.0285578,-0.00502703,0.150398,0.00549253,0.0517469,-0.140859,6.81397e-12
4.861,0.235635,-0.00593008,0.230602,-0.0337304,0.0104373,-0.0529108,0.418594,0.112939,-2.26838e-12,0.458033,-0.17629,0.0282163,-0.0049969,0.1504,0.00568453,0.0517469,-0.140859,6.81397e-12
4.862,0.235625,-0.00615412,0.230545,-0.0335277,0.0110122,-0.0519686,0.418594,0.112939,-2.26838e-12,0.458131,-0.176284,0.0278759,-0.00496611,0.150401,0.00587941,0.0517469,-0.140859,6.81397e-12
4.863,0.235614,-0.00637792,0.230489,-0.0333223,0.0115883,-0.0510274,0.418594,0.112939,-2.26838e-12,0.458228,-0.176279,0.0275366,-0.00493465,0.150403,0.00607716,0.0517469,-0.140859,6.81397e-12
4.864,0.235603,-0.00660149,0.230434,-0.0331138,0.0121656,-0.0500874,0.418594,0.112939,-2.26838e-12,0.458324,-0.176274,0.0271984,-0.00490253,0.150405,0.00627775,0.0517469,-0.140859,6.81397e-12
4.865,0.235592,-0.00682482,0.23038,-0.032902,0.0127441,-0.0491487,0.418594,0.112939,-2.26838e-12,0.458419,-0.176268,0.0268613,-0.00486973,0.150407,0.00648116,0.0517469,-0.140859,6.81397e-12
4.866,0.235582,-0.00704792,0.230327,-0.0326868,0.0133237,-0.0482116,0.418594,0.112939,-2.26838e-12,0.458513,-0.176263,0.0265253,-0.00483625,0.150408,0.00668738,0.0517469,-0.140859,6.81397e-12
4.867,0.235571,-0.00727079,0.230275,-0.0324678,0.0139044,-0.0472764,0.418594,0.112939,-2.26838e-12,0.458606,-0.176258,0.0261904,-0.0048021,0.15041,0.00689637,0.0517469,-0.140859,6.81397e-12
4.868,0.23556,-0.00749345,0.230224,-0.0322448,0.0144862,-0.0463432,0.418594,0.112939,-2.26838e-12,0.458698,-0.176253,0.0258567,-0.00476725,0.150412,0.00710812,0.0517469,-0.140859,6.81397e-12
4.869,0.235549,-0.00771589,0.230173,-0.0320177,0.015069,-0.0454123,0.418594,0.112939,-2.26838e-12,0.45879,-0.176248,0.0255243,-0.00473172,0.150414,0.0073226,0.0517469,-0.140859,6.81397e-12
4.87,0.235538,-0.00793812,0.230124,-0.031786,0.0156529,-0.0444839,0.418594,0.112939,-2.26838e-12,0.45888,-0.176243,0.025193,-0.00469549,0.150416,0.0075398,0.0517469,-0.140859,6.81397e-12
4.871,0.235527,-0.00816015,0.230076,-0.0315497,0.0162376,-0.0435583,0.418594,0.112939,-2.26838e-12,0.458969,-0.176238,0.0248629,-0.00465857,0.150418,0.00775969,0.0517469,-0.140859,6.81397e-12
4.872,0.235516,-0.00838197,0.230029,-0.0313085,0.0168234,-0.0426356,0.418594,0.112939,-2.26838e-12,0.459057,-0.176233,0.0245341,-0.00462094,0.15042,0.00798225,0.0517469,-0.140859,6.81397e-12
4.873,0.235505,-0.00860359,0.229983,-0.031062,0.01741,-0.041716,0.418594,0.112939,-2.26838e-12,0.459145,-0.176229,0.0242066,-0.00458261,0.150422,0.00820747,0.0517469,-0.140859,6.81397e-12
4.874,0.235494,-0.00882502,0.229939,-0.0308102,0.0179975,-0.0407999,0.418594,0.112939,-2.26838e-12,0.459231,-0.176224,0.0238804,-0.00454356,0.150424,0.00843531,0.0517469,-0.140859,6.81397e-12
4.875,0.235483,-0.00904627,0.229895,-0.0305527,0.0185858,-0.0398874,0.418594,0.112939,-2.26838e-12,0.459317,-0.176219,0.0235555,-0.0045038,0.150426,0.00866577,0.0517469,-0.140859,6.81397e-12
4.876,0.235472,-0.00926732,0.229852,-0.0302894,0.0191749,-0.0389788,0.418594,0.112939,-2.26838e-12,0.459401,-0.176214,0.0232319,-0.00446333,0.150428,0.00889881,0.0517469,-0.140859,6.81397e-12
4.877,0.235461,-0.0094882,0.229811,-0.0300199,0.0197647,-0.0380742,0.418594,0.112939,-2.26838e-12,0.459485,-0.17621,0.0229096,-0.00442213,0.150431,0.00913441,0.0517469,-0.140859,6.81397e-12
4.878,0.23545,-0.0097089,0.22977,-0.0297441,0.0203553,-0.0371739,0.418594,0.112939,-2.26838e-12,0.459568,-0.176205,0.0225887,-0.0043802,0.150433,0.00937256,0.0517469,-0.140859,6.81397e-12
4.879,0.235439,-0.00992943,0.229731,-0.0294617,0.0209466,-0.0362782,0.418594,0.112939,-2.26838e-12,0.45965,-0.176201,0.0222693,-0.00433754,0.150435,0.00961323,0.0517469,-0.140859,6.81397e-12
4.88,0.235428,-0.0101498,0.229693,-0.0291724,0.0215385,-0.0353872,0.418594,0.112939,-2.26838e-12,0.45973,-0.176196,0.0219512,-0.00429415,0.150437,0.0098564,0.0517469,-0.140859,6.81397e-12
4.881,0.235417,-0.01037,0.229656,-0.0288761,0.0221311,-0.0345012,0.418594,0.112939,-2.26838e-12,0.45981,-0.176192,0.0216346,-0.00425002,0.15044,0.0101021,0.0517469,-0.140859,6.81397e-12
4.882,0.235405,-0.01059,0.22962,-0.0285725,0.0227242,-0.0336204,0.418594,0.112939,-2.26838e-12,0.459889,-0.176188,0.0213194,-0.00420515,0.150442,0.0103502,0.0517469,-0.140859,6.81397e-12
4.883,0.235394,-0.0108099,0.229585,-0.0282613,0.0233179,-0.032745,0.418594,0.112939,-2.26838e-12,0.459968,-0.176183,0.0210057,-0.00415953,0.150445,0.0106007,0.0517469,-0.140859,6.81397e-12
4.884,0.235383,-0.0110297,0.229551,-0.0279423,0.0239121,-0.0318752,0.418594,0.112939,-2.26838e-12,0.460045,-0.176179,0.0206935,-0.00411316,0.150447,0.0108537,0.0517469,-0.140859,6.81397e-12
4.885,0.235372,-0.0112493,0.229519,-0.0276153,0.0245068,-0.0310114,0.418594,0.112939,-2.26838e-12,0.460121,-0.176175,0.0203828,-0.00406603,0.15045,0.011109,0.0517469,-0.140859,6.81397e-12
4.886,0.235361,-0.0114687,0.229488,-0.0272801,0.0251019,-0.0301536,0.418594,0.112939,-2.26838e-12,0.460197,-0.176171,0.0200736,-0.00401814,0.150452,0.0113668,0.0517469,-0.140859,6.81397e-12
4.887,0.235349,-0.011688,0.229458,-0.0269363,0.0256975,-0.0293021,0.418594,0.112939,-2.26838e-12,0.460271,-0.176167,0.019766,-0.00396949,0.150455,0.0116269,0.0517469,-0.140859,6.81397e-12
4.888,0.235338,-0.0119072,0.229429,-0.0265838,0.0262934,-0.0284572,0.418594,0.112939,-2.26838e-12,0.460345,-0.176163,0.0194599,-0.00392008,0.150458,0.0118893,0.0517469,-0.140859,6.81397e-12
4.889,0.235327,-0.0121263,0.229402,-0.0262223,0.0268897,-0.0276191,0.418594,0.112939,-2.26838e-12,0.460418,-0.176159,0.0191555,-0.00386989,0.15046,0.012154,0.0517469,-0.140859,6.81397e-12
4.89,0.235316,-0.0123452,0.229375,-0.0258516,0.0274863,-0.0267879,0.418594,0.112939,-2.26838e-12,0.46049,-0.176155,0.0188526,-0.00381892,0.150463,0.012421,0.0517469,-0.140859,6.81397e-12
4.891,0.235305,-0.012564,0.22935,-0.0254715,0.0280832,-0.025964,0.418594,0.112939,-2.26838e-12,0.460561,-0.176151,0.0185514,-0.00376718,0.150466,0.0126903,0.0517469,-0.140859,6.81397e-12
4.892,0.235293,-0.0127828,0.229327,-0.0250817,0.0286803,-0.0251475,0.418594,0.112939,-2.26838e-12,0.460631,-0.176147,0.0182519,-0.00371465,0.150469,0.0129618,0.0517469,-0.140859,6.81397e-12
4.893,0.235282,-0.0130013,0.229304,-0.0246819,0.0292777,-0.0243387,0.418594,0.112939,-2.26838e-12,0.4607,-0.176143,0.017954,-0.00366133,0.150471,0.0132356,0.0517469,-0.140859,6.81397e-12
4.894,0.235271,-0.0132198,0.229283,-0.024272,0.0298752,-0.0235378,0.418594,0.112939,-2.26838e-12,0.460769,-0.176139,0.0176578,-0.00360722,0.150474,0.0135115,0.0517469,-0.140859,6.81397e-12
4.895,0.23526,-0.0134382,0.229263,-0.0238516,0.0304729,-0.022745,0.418594,0.112939,-2.26838e-12,0.460836,-0.176136,0.0173634,-0.00355232,0.150477,0.0137897,0.0517469,-0.140859,6.81397e-12
4.896,0.235248,-0.0136565,0.229244,-0.0234206,0.0310706,-0.0219606,0.418594,0.112939,-2.26838e-12,0.460903,-0.176132,0.0170707,-0.00349662,0.15048,0.0140699,0.0517469,-0.140859,6.81397e-12
4.897,0.235237,-0.0138747,0.229227,-0.0229788,0.0316684,-0.0211847,0.418594,0.112939,-2.26838e-12,0.460969,-0.176128,0.0167797,-0.00344011,0.150483,0.0143524,0.0517469,-0.140859,6.81397e-12
4.898,0.235226,-0.0140928,0.229211,-0.0225258,0.0322663,-0.0204176,0.418594,0.112939,-2.26838e-12,0.461034,-0.176125,0.0164905,-0.00338279,0.150486,0.0146369,0.0517469,-0.140859,6.81397e-12
4.899,0.235215,-0.0143109,0.229196,-0.0220614,0.0328642,-0.0196595,0.418594,0.112939,-2.26838e-12,0.461098,-0.176121,0.0162031,-0.00332466,0.150489,0.0149236,0.0517469,-0.140859,6.81397e-12
4.9,0.235204,-0.0145288,0.229183,-0.0215855,0.033462,-0.0189107,0.418594,0.112939,-2.26838e-12,0.461162,-0.176118,0.0159175,-0.00326571,0.150493,0.0152123,0.0517469,-0.140859,6.81397e-12
4.901,0.235193,-0.0147467,0.229171,-0.0210978,0.0340598,-0.0181712,0.418594,0.112939,-2.26838e-12,0.461224,-0.176114,0.0156338,-0.00320595,0.150496,0.0155031,0.0517469,-0.140859,6.81397e-12
4.902,0.235181,-0.0149645,0.22916,-0.0205983,0.0346574,-0.0174412,0.418594,0.112939,-2.26838e-12,0.461286,-0.176111,0.0153519,-0.00314536,0.150499,0.0157959,0.0517469,-0.140859,6.81397e-12
4.903,0.23517,-0.0151823,0.22915,-0.0200873,0.0352549,-0.0167204,0.418594,0.112939,-2.26838e-12,0.461347,-0.176108,0.0150718,-0.00308394,0.150502,0.0160907,0.0517469,-0.140859,6.81397e-12
4.904,0.235159,-0.0154,0.229142,-0.0195648,0.035852,-0.0160088,0.418594,0.112939,-2.26838e-12,0.461407,-0.176104,0.0147937,-0.00302168,0.150506,0.0163875,0.0517469,-0.140859,6.81397e-12
4.905,0.235148,-0.0156176,0.229136,-0.0190309,0.0364488,-0.0153064,0.418594,0.112939,-2.26838e-12,0.461466,-0.176101,0.0145175,-0.00295859,0.150509,0.0166863,0.0517469,-0.140859,6.81397e-12
4.906,0.235137,-0.0158352,0.22913,-0.0184857,0.0370452,-0.0146129,0.418594,0.112939,-2.26838e-12,0.461525,-0.176098,0.0142433,-0.00289466,0.150512,0.016987,0.0517469,-0.140859,6.81397e-12
4.907,0.235126,-0.0160528,0.229126,-0.0179294,0.037641,-0.0139284,0.418594,0.112939,-2.26838e-12,0.461583,-0.176095,0.013971,-0.00282989,0.150516,0.0172896,0.0517469,-0.140859,6.81397e-12
4.908,0.235115,-0.0162703,0.229123,-0.0173621,0.0382363,-0.0132527,0.418594,0.112939,-2.26838e-12,0.46164,-0.176092,0.0137006,-0.00276426,0.150519,0.0175942,0.0517469,-0.140859,6.81397e-12
4.909,0.235104,-0.0164877,0.229121,-0.0167839,0.0388309,-0.0125858,0.418594,0.112939,-2.26838e-12,0.461696,-0.176088,0.0134323,-0.00269778,0.150523,0.0179006,0.0517469,-0.140859,6.81397e-12
4.91,0.235093,-0.0167052,0.229121,-0.0161948,0.0394248,-0.0119275,0.418594,0.112939,-2.26838e-12,0.461751,-0.176085,0.013166,-0.00263045,0.150527,0.0182089,0.0517469,-0.140859,6.81397e-12
4.911,0.235082,-0.0169226,0.229122,-0.0155951,0.040018,-0.0112778,0.418594,0.112939,-2.26838e-12,0.461805,-0.176082,0.0129017,-0.00256225,0.15053,0.0185191,0.0517469,-0.140859,6.81397e-12
4.912,0.235071,-0.01714,0.229124,-0.0149849,0.0406102,-0.0106365,0.418594,0.112939,-2.26838e-12,0.461859,-0.176079,0.0126395,-0.00249319,0.150534,0.018831,0.0517469,-0.140859,6.81397e-12
4.913,0.23506,-0.0173575,0.229127,-0.0143642,0.0412015,-0.0100037,0.418594,0.112939,-2.26838e-12,0.461912,-0.176077,0.0123794,-0.00242325,0.150538,0.0191448,0.0517469,-0.140859,6.81397e-12
4.914,0.23505,-0.0175749,0.229132,-0.0137332,0.0417918,-0.0093791,0.418594,0.112939,-2.26838e-12,0.461964,-0.176074,0.0121213,-0.00235245,0.150542,0.0194603,0.0517469,-0.140859,6.81397e-12
4.915,0.235039,-0.0177923,0.229138,-0.0130919,0.0423811,-0.00876274,0.418594,0.112939,-2.26838e-12,0.462015,-0.176071,0.0118654,-0.00228076,0.150545,0.0197776,0.0517469,-0.140859,6.81397e-12
4.916,0.235028,-0.0180097,0.229145,-0.0124406,0.0429691,-0.00815451,0.418594,0.112939,-2.26838e-12,0.462066,-0.176068,0.0116116,-0.0022082,0.150549,0.0200966,0.0517469,-0.140859,6.81397e-12
4.917,0.235017,-0.0182271,0.229153,-0.0117793,0.043556,-0.0075543,0.418594,0.112939,-2.26838e-12,0.462116,-0.176065,0.01136,-0.00213474,0.150553,0.0204173,0.0517469,-0.140859,6.81397e-12
4.918,0.235007,-0.0184445,0.229162,-0.0111081,0.0441415,-0.00696203,0.418594,0.112939,-2.26838e-12,0.462165,-0.176063,0.0111106,-0.0020604,0.150557,0.0207397,0.0517469,-0.140859,6.81397e-12
4.919,0.234996,-0.018662,0.229172,-0.0104272,0.0447256,-0.00637761,0.418594,0.112939,-2.26838e-12,0.462213,-0.17606,0.0108633,-0.00198517,0.150561,0.0210638,0.0517469,-0.140859,6.81397e-12
4.92,0.234986,-0.0188794,0.229184,-0.0097366,0.0453084,-0.00580095,0.418594,0.112939,-2.26838e-12,0.462261,-0.176057,0.0106183,-0.00190903,0.150565,0.0213896,0.0517469,-0.140859,6.81397e-12
4.921,0.234975,-0.019097,0.229197,-0.00903652,0.0458895,-0.00523195,0.418594,0.112939,-2.26838e-12,0.462308,-0.176055,0.0103755,-0.00183199,0.150569,0.0217169,0.0517469,-0.140859,6.81397e-12
4.922,0.234965,-0.0193145,0.229211,-0.00832704,0.0464691,-0.00467054,0.418594,0.112939,-2.26838e-12,0.462354,-0.176052,0.010135,-0.00175405,0.150574,0.0220459,0.0517469,-0.140859,6.81397e-12
4.923,0.234954,-0.0195321,0.229226,-0.00760828,0.0470471,-0.00411661,0.418594,0.112939,-2.26838e-12,0.462399,-0.17605,0.00989677,-0.0016752,0.150578,0.0223764,0.0517469,-0.140859,6.81397e-12
4.924,0.234944,-0.0197497,0.229242,-0.00688035,0.0476233,-0.00357008,0.418594,0.112939,-2.26838e-12,0.462443,-0.176047,0.00966084,-0.00159543,0.150582,0.0227086,0.0517469,-0.140859,6.81397e-12
4.925,0.234934,-0.0199674,0.229259,-0.00614336,0.0481976,-0.00303087,0.418594,0.112939,-2.26838e-12,0.462487,-0.176045,0.00942722,-0.00151474,0.150586,0.0230422,0.0517469,-0.140859,6.81397e-12
4.926,0.234923,-0.0201852,0.229278,-0.00539744,0.0487701,-0.00249887,0.418594,0.112939,-2.26838e-12,0.46253,-0.176043,0.00919595,-0.00143313,0.150591,0.0233774,0.0517469,-0.140859,6.81397e-12
4.927,0.234913,-0.020403,0.229297,-0.0046427,0.0493407,-0.001974,0.418594,0.112939,-2.26838e-12,0.462573,-0.17604,0.00896704,-0.0013506,0.150595,0.0237141,0.0517469,-0.140859,6.81397e-12
4.928,0.234903,-0.0206209,0.229317,-0.00387925,0.0499092,-0.00145616,0.418594,0.112939,-2.26838e-12,0.462614,-0.176038,0.00874051,-0.00126713,0.1506,0.0240522,0.0517469,-0.140859,6.81397e-12
4.929,0.234893,-0.0208388,0.229339,-0.00310722,0.0504756,-0.000945284,0.418594,0.112939,-2.26838e-12,0.462655,-0.176036,0.00851638,-0.00118273,0.150604,0.0243918,0.0517469,-0.140859,6.81397e-12
4.93,0.234883,-0.0210568,0.229362,-0.00232671,0.0510398,-0.000441263,0.418594,0.112939,-2.26838e-12,0.462696,-0.176034,0.00829468,-0.00109739,0.150609,0.0247329,0.0517469,-0.140859,6.81397e-12
4.931,0.234873,-0.021275,0.229385,-0.00153784,0.0516018,5.59871e-05,0.418594,0.112939,-2.26838e-12,0.462735,-0.176031,0.00807541,-0.0010111,0.150613,0.0250753,0.0517469,-0.140859,6.81397e-12
4.932,0.234864,-0.0214932,0.22941,-0.000740737,0.0521614,0.000546557,0.418594,0.112939,-2.26838e-12,0.462774,-0.176029,0.00785861,-0.000923869,0.150618,0.0254192,0.0517469,-0.140859,6.81397e-12
4.933,0.234854,-0.0217115,0.229436,6.4495e-05,0.0527187,0.00103054,0.418594,0.112939,-2.26838e-12,0.462812,-0.176027,0.0076443,-0.000835685,0.150623,0.0257644,0.0517469,-0.140859,6.81397e-12
4.934,0.234844,-0.0219299,0.229462,0.000877736,0.0532735,0.00150802,0.418594,0.112939,-2.26838e-12,0.462849,-0.176025,0.00743248,-0.000746547,0.150628,0.026111,0.0517469,-0.140859,6.81397e-12
4.935,0.234835,-0.0221484,0.22949,0.00169887,0.0538257,0.00197908,0.418594,0.112939,-2.26838e-12,0.462886,-0.176023,0.00722319,-0.000656449,0.150632,0.0264589,0.0517469,-0.140859,6.81397e-12
4.936,0.234825,-0.022367,0.229519,0.00252778,0.0543753,0.00244383,0.418594,0.112939,-2.26838e-12,0.462922,-0.176021,0.00701644,-0.000565387,0.150637,0.0268081,0.0517469,-0.140859,6.81397e-12
4.937,0.234816,-0.0225857,0.229549,0.00336436,0.0549223,0.00290235,0.418594,0.112939,-2.26838e-12,0.462957,-0.176019,0.00681226,-0.000473357,0.150642,0.0271586,0.0517469,-0.140859,6.81397e-12
4.938,0.234806,-0.0228046,0.229579,0.00420848,0.0554665,0.00335472,0.418594,0.112939,-2.26838e-12,0.462992,-0.176017,0.00661066,-0.000380356,0.150647,0.0275103,0.0517469,-0.140859,6.81397e-12
4.939,0.234797,-0.0230236,0.229611,0.00506003,0.0560078,0.00380104,0.418594,0.112939,-2.26838e-12,0.463026,-0.176015,0.00641167,-0.000286379,0.150652,0.0278633,0.0517469,-0.140859,6.81397e-12
4.94,0.234788,-0.0232427,0.229643,0.00591889,0.0565463,0.0042414,0.418594,0.112939,-2.26838e-12,0.463059,-0.176014,0.0062153,-0.000191422,0.150657,0.0282175,0.0517469,-0.140859,6.81397e-12
4.941,0.234779,-0.0234619,0.229677,0.00678495,0.0570818,0.00467589,0.418594,0.112939,-2.26838e-12,0.463092,-0.176012,0.00602157,-9.54815e-05,0.150663,0.0285729,0.0517469,-0.140859,6.81397e-12
4.942,0.23477,-0.0236813,0.229711,0.00765809,0.0576142,0.0051046,0.418594,0.112939,-2.26838e-12,0.463124,-0.17601,0.00583051,1.44754e-06,0.150668,0.0289295,0.0517469,-0.140859,6.81397e-12
4.943,0.234761,-0.0239009,0.229747,0.0085382,0.0581435,0.00552762,0.418594,0.112939,-2.26838e-12,0.463155,-0.176008,0.00564213,9.93688e-05,0.150673,0.0292873,0.0517469,-0.140859,6.81397e-12
4.944,0.234752,-0.0241206,0.229783,0.00942516,0.0586696,0.00594503,0.418594,0.112939,-2.26838e-12,0.463186,-0.176007,0.00545646,0.000198286,0.150678,0.0296462,0.0517469,-0.140859,6.81397e-12
4.945,0.234744,-0.0243404,0.22982,0.0103188,0.0591925,0.00635693,0.418594,0.112939,-2.26838e-12,0.463216,-0.176005,0.00527352,0.000298204,0.150684,0.0300062,0.0517469,-0.140859,6.81397e-12
4.946,0.234735,-0.0245604,0.229858,0.0112192,0.059712,0.0067634,0.418594,0.112939,-2.26838e-12,0.463245,-0.176003,0.00509332,0.000399126,0.150689,0.0303673,0.0517469,-0.140859,6.81397e-12
4.947,0.234727,-0.0247806,0.229897,0.012126,0.0602281,0.00716455,0.418594,0.112939,-2.26838e-12,0.463274,-0.176002,0.00491588,0.000501057,0.150694,0.0307295,0.0517469,-0.140859,6.81397e-12
4.948,0.234718,-0.025001,0.229937,0.0130392,0.0607407,0.00756045,0.418594,0.112939,-2.26838e-12,0.463302,-0.176,0.00474124,0.000604001,0.1507,0.0310927,0.0517469,-0.140859,6.81397e-12
4.949,0.23471,-0.0252215,0.229978,0.0139586,0.0612497,0.00795119,0.418594,0.112939,-2.26838e-12,0.463329,-0.175999,0.00456939,0.000707961,0.150706,0.0314569,0.0517469,-0.140859,6.81397e-12
4.95,0.234702,-0.0254423,0.23002,0.0148843,0.0617551,0.00833688,0.418594,0.112939,-2.26838e-12,0.463356,-0.175997,0.00440038,0.000812942,0.150711,0.0318222,0.0517469,-0.140859,6.81397e-12
4.951,0.234694,-0.0256632,0.230062,0.0158159,0.0622568,0.00871759,0.418594,0.112939,-2.26838e-12,0.463382,-0.175996,0.00423421,0.000918947,0.150717,0.0321884,0.0517469,-0.140859,6.81397e-12
4.952,0.234686,-0.0258843,0.230105,0.0167535,0.0627547,0.00909341,0.418594,0.112939,-2.26838e-12,0.463408,-0.175994,0.00407091,0.00102598,0.150723,0.0325557,0.0517469,-0.140859,6.81397e-12
4.953,0.234678,-0.0261056,0.230149,0.0176969,0.0632488,0.00946445,0.418594,0.112939,-2.26838e-12,0.463433,-0.175993,0.0039105,0.00113405,0.150728,0.0329238,0.0517469,-0.140859,6.81397e-12
4.954,0.23467,-0.0263271,0.230194,0.018646,0.063739,0.00983077,0.418594,0.112939,-2.26838e-12,0.463457,-0.175992,0.00375299,0.00124315,0.150734,0.0332929,0.0517469,-0.140859,6.81397e-12
4.955,0.234662,-0.0265488,0.23024,0.0196006,0.0642251,0.0101925,0.418594,0.112939,-2.26838e-12,0.463481,-0.17599,0.00359841,0.0013533,0.15074,0.0336629,0.0517469,-0.140859,6.81397e-12
4.956,0.234655,-0.0267708,0.230286,0.0205607,0.0647072,0.0105497,0.418594,0.112939,-2.26838e-12,0.463504,-0.175989,0.00344678,0.00146449,0.150746,0.0340337,0.0517469,-0.140859,6.81397e-12
4.957,0.234647,-0.0269929,0.230334,0.0215262,0.0651852,0.0109024,0.418594,0.112939,-2.26838e-12,0.463526,-0.175988,0.00329811,0.00157673,0.150752,0.0344054,0.0517469,-0.140859,6.81397e-12
4.958,0.23464,-0.0272153,0.230382,0.0224969,0.0656589,0.0112508,0.418594,0.112939,-2.26838e-12,0.463548,-0.175987,0.00315244,0.00169003,0.150758,0.034778,0.0517469,-0.140859,6.81397e-12
4.959,0.234633,-0.027438,0.23043,0.0234727,0.0661283,0.011595,0.418594,0.112939,-2.26838e-12,0.463569,-0.175986,0.00300977,0.00180438,0.150764,0.0351514,0.0517469,-0.140859,6.81397e-12
4.96,0.234626,-0.0276608,0.23048,0.0244535,0.0665934,0.011935,0.418594,0.112939,-2.26838e-12,0.46359,-0.175984,0.00287013,0.00191979,0.150771,0.0355255,0.0517469,-0.140859,6.81397e-12
4.961,0.234619,-0.0278839,0.23053,0.0254391,0.0670541,0.0122709,0.418594,0.112939,-2.26838e-12,0.46361,-0.175983,0.00273354,0.00203627,0.150777,0.0359005,0.0517469,-0.140859,6.81397e-12
4.962,0.234612,-0.0281073,0.230581,0.0264296,0.0675102,0.0126028,0.418594,0.112939,-2.26838e-12,0.463629,-0.175982,0.00260002,0.00215382,0.150783,0.0362762,0.0517469,-0.140859,6.81397e-12
4.963,0.234606,-0.0283309,0.230633,0.0274246,0.0679618,0.0129308,0.418594,0.112939,-2.26838e-12,0.463648,-0.175981,0.00246959,0.00227244,0.150789,0.0366526,0.0517469,-0.140859,6.81397e-12
4.964,0.234599,-0.0285547,0.230685,0.0284243,0.0684087,0.0132551,0.418594,0.112939,-2.26838e-12,0.463667,-0.17598,0.00234227,0.00239214,0.150796,0.0370297,0.0517469,-0.140859,6.81397e-12
4.965,0.234593,-0.0287789,0.230739,0.0294283,0.0688509,0.0135756,0.418594,0.112939,-2.26838e-12,0.463684,-0.175979,0.00221807,0.00251293,0.150802,0.0374076,0.0517469,-0.140859,6.81397e-12
4.966,0.234587,-0.0290033,0.230792,0.0304366,0.0692883,0.0138925,0.418594,0.112939,-2.26838e-12,0.463701,-0.175978,0.00209703,0.0026348,0.150809,0.037786,0.0517469,-0.140859,6.81397e-12
4.967,0.234581,-0.0292279,0.230847,0.0314491,0.0697208,0.0142058,0.418594,0.112939,-2.26838e-12,0.463718,-0.175977,0.00197916,0.00275775,0.150815,0.0381652,0.0517469,-0.140859,6.81397e-12
4.968,0.234575,-0.0294529,0.230902,0.0324657,0.0701483,0.0145157,0.418594,0.112939,-2.26838e-12,0.463734,-0.175977,0.00186447,0.00288181,0.150822,0.0385449,0.0517469,-0.140859,6.81397e-12
4.969,0.234569,-0.0296781,0.230958,0.0334862,0.0705709,0.0148223,0.418594,0.112939,-2.26838e-12,0.46375,-0.175976,0.001753,0.00300696,0.150829,0.0389253,0.0517469,-0.140859,6.81397e-12
4.97,0.234563,-0.0299037,0.231014,0.0345106,0.0709884,0.0151255,0.418594,0.112939,-2.26838e-12,0.463765,-0.175975,0.00164476,0.00313321,0.150836,0.0393062,0.0517469,-0.140859,6.81397e-12
4.971,0.234558,-0.0301295,0.231072,0.0355387,0.0714007,0.0154256,0.418594,0.112939,-2.26838e-12,0.463779,-0.175974,0.00153977,0.00326058,0.150842,0.0396877,0.0517469,-0.140859,6.81397e-12
4.972,0.234552,-0.0303556,0.231129,0.0365703,0.0718078,0.0157226,0.418594,0.112939,-2.26838e-12,0.463793,-0.175973,0.00143805,0.00338905,0.150849,0.0400698,0.0517469,-0.140859,6.81397e-12
4.973,0.234547,-0.030582,0.231188,0.0376055,0.0722095,0.0160167,0.418594,0.112939,-2.26838e-12,0.463806,-0.175973,0.00133962,0.00351863,0.150856,0.0404523,0.0517469,-0.140859,6.81397e-12
4.974,0.234542,-0.0308088,0.231247,0.0386441,0.0726059,0.0163078,0.418594,0.112939,-2.26838e-12,0.463819,-0.175972,0.00124451,0.00364934,0.150863,0.0408354,0.0517469,-0.140859,6.81397e-12
4.975,0.234537,-0.0310358,0.231306,0.0396859,0.0729969,0.016596,0.418594,0.112939,-2.26838e-12,0.463831,-0.175971,0.00115272,0.00378117,0.15087,0.0412189,0.0517469,-0.140859,6.81397e-12
4.976,0.234532,-0.0312632,0.231366,0.0407308,0.0733823,0.0168816,0.418594,0.112939,-2.26838e-12,0.463843,-0.175971,0.00106429,0.00391412,0.150877,0.0416029,0.0517469,-0.140859,6.81397e-12
4.977,0.234528,-0.0314909,0.231427,0.0417788,0.0737621,0.0171645,0.418594,0.112939,-2.26838e-12,0.463854,-0.17597,0.000979226,0.00404821,0.150885,0.0419873,0.0517469,-0.140859,6.81397e-12
4.978,0.234523,-0.0317189,0.231489,0.0428296,0.0741362,0.0174449,0.418594,0.112939,-2.26838e-12,0.463865,-0.175969,0.000897557,0.00418343,0.150892,0.0423721,0.0517469,-0.140859,6.81397e-12
4.979,0.234519,-0.0319473,0.23155,0.0438833,0.0745046,0.0177228,0.418594,0.112939,-2.26838e-12,0.463875,-0.175969,0.000819301,0.00431979,0.150899,0.0427574,0.0517469,-0.140859,6.81397e-12
4.98,0.234515,-0.032176,0.231613,0.0449397,0.0748672,0.0179984,0.418594,0.112939,-2.26838e-12,0.463884,-0.175968,0.000744477,0.00445729,0.150907,0.0431429,0.0517469,-0.140859,6.81397e-12
4.981,0.234511,-0.0324051,0.231676,0.0459986,0.0752239,0.0182716,0.418594,0.112939,-2.26838e-12,0.463894,-0.175968,0.000673106,0.00459594,0.150914,0.0435289,0.0517469,-0.140859,6.81397e-12
4.982,0.234507,-0.0326345,0.231739,0.0470599,0.0755746,0.0185427,0.418594,0.112939,-2.26838e-12,0.463902,-0.175967,0.000605209,0.00473575,0.150921,0.0439151,0.0517469,-0.140859,6.81397e-12
4.983,0.234503,-0.0328643,0.231803,0.0481236,0.0759193,0.0188117,0.418594,0.112939,-2.26838e-12,0.46391,-0.175967,0.000540805,0.00487671,0.150929,0.0443017,0.0517469,-0.140859,6.81397e-12
4.984,0.2345,-0.0330944,0.231868,0.0491895,0.0762579,0.0190786,0.418594,0.112939,-2.26838e-12,0.463918,-0.175966,0.000479914,0.00501882,0.150937,0.0446885,0.0517469,-0.140859,6.81397e-12
4.985,0.234497,-0.033325,0.231933,0.0502574,0.0765903,0.0193437,0.418594,0.112939,-2.26838e-12,0.463925,-0.175966,0.000422557,0.0051621,0.150944,0.0450756,0.0517469,-0.140859,6.81397e-12
4.986,0.234494,-0.0335559,0.231999,0.0513274,0.0769165,0.0196069,0.418594,0.112939,-2.26838e-12,0.463932,-0.175966,0.000368755,0.00530655,0.150952,0.045463,0.0517469,-0.140859,6.81397e-12
4.987,0.234491,-0.0337871,0.232065,0.0523992,0.0772363,0.0198684,0.418594,0.112939,-2.26838e-12,0.463938,-0.175965,0.000318526,0.00545218,0.15096,0.0458505,0.0517469,-0.140859,6.81397e-12
4.988,0.234488,-0.0340188,0.232131,0.0534728,0.0775498,0.0201282,0.418594,0.112939,-2.26838e-12,0.463943,-0.175965,0.000271892,0.00559897,0.150968,0.0462383,0.0517469,-0.140859,6.81397e-12
4.989,0.234485,-0.0342508,0.232198,0.054548,0.0778567,0.0203865,0.418594,0.112939,-2.26838e-12,0.463949,-0.175965,0.000228872,0.00574695,0.150976,0.0466262,0.0517469,-0.140859,6.81397e-12
4.99,0.234483,-0.0344833,0.232265,0.0556248,0.0781571,0.0206433,0.418594,0.112939,-2.26838e-12,0.463953,-0.175964,0.000189487,0.00589611,0.150984,0.0470143,0.0517469,-0.140859,6.81397e-12
4.991,0.234481,-0.0347161,0.232333,0.0567029,0.0784509,0.0208987,0.418594,0.112939,-2.26838e-12,0.463958,-0.175964,0.000153758,0.00604646,0.150992,0.0474026,0.0517469,-0.140859,6.81397e-12
4.992,0.234479,-0.0349493,0.232401,0.0577823,0.078738,0.0211528,0.418594,0.112939,-2.26838e-12,0.463961,-0.175964,0.000121703,0.00619801,0.151,0.0477909,0.0517469,-0.140859,6.81397e-12
4.993,0.234477,-0.035183,0.23247,0.0588629,0.0790184,0.0214057,0.418594,0.112939,-2.26838e-12,0.463965,-0.175964,9.33439e-05,0.00635074,0.151008,0.0481793,0.0517469,-0.140859,6.81397e-12
4.994,0.234475,-0.0354171,0.232539,0.0599445,0.0792919,0.0216575,0.418594,0.112939,-2.26838e-12,0.463968,-0.175964,6.87004e-05,0.00650468,0.151016,0.0485678,0.0517469,-0.140859,6.81397e-12
4.995,0.234474,-0.0356516,0.232609,0.0610271,0.0795585,0.0219083,0.418594,0.112939,-2.26838e-12,0.46397,-0.175964,4.77928e-05,0.00665983,0.151025,0.0489564,0.0517469,-0.140859,6.81397e-12
4.996,0.234472,-0.0358865,0.232679,0.0621105,0.0798181,0.0221582,0.418594,0.112939,-2.26838e-12,0.463972,-0.175963,3.06413e-05,0.00681618,0.151033,0.0493449,0.0517469,-0.140859,6.81397e-12
4.997,0.234471,-0.0361219,0.232749,0.0631946,0.0800706,0.0224072,0.418594,0.112939,-2.26838e-12,0.463974,-0.175963,1.72661e-05,0.00697375,0.151041,0.0497335,0.0517469,-0.140859,6.81397e-12
4.998,0.234471,-0.0363577,0.232819,0.0642793,0.0803161,0.0226555,0.418594,0.112939,-2.26838e-12,0.463975,-0.175963,7.68728e-06,0.00713253,0.15105,0.0501221,0.0517469,-0.140859,6.81397e-12
4.999,0.23447,-0.0365939,0.23289,0.0653644,0.0805543,0.0229031,0.418594,0.112939,-2.26838e-12,0.463975,-0.175963,1.9252e-06,0.00729253,0.151058,0.0505106,0.0517469,-0.140859,6.81397e-12
5,0.234469,-0.0368306,0.232962,0.06645,0.0807853,0.0231501,0.418594,0.112939,-2.26838e-12,0.463975,-0.175963,1.19927e-11,0.00745376,0.151067,0.0508991,0.0517469,-0.140859,6.81397e-12
5.001,0.234469,-0.0370677,0.233033,0.0675357,0.0810089,0.0233966,0.418594,0.112939,-2.26838e-12,0.463975,-0.175963,1.19927e-11,0.00761622,0.151076,0.0512875,0.0517469,-0.140859,6.81397e-12
5.002,0.234469,-0.0373053,0.233105,0.0686218,0.0812253,0.0236425,0.418594,0.112939,-2.26838e-12,0.463975,-0.175963,1.19927e-11,0.00777991,0.151085,0.0516757,0.0517469,-0.140859,6.81397e-12
5.003,0.234469,-0.0375434,0.233178,0.0697082,0.0814343,0.0238877,0.418594,0.112939,-2.26838e-12,0.463975,-0.175963,1.19927e-11,0.00794484,0.151093,0.0520639,0.0517469,-0.140859,6.81397e-12
5.004,0.234469,-0.0377818,0.23325,0.0707949,0.0816362,0.0241321,0.418594,0.112939,-2.26838e-12,0.463975,-0.175963,1.19927e-11,0.00811101,0.151102,0.0524519,0.0517469,-0.140859,6.81397e-12
5.005,0.23447,-0.0380208,0.233323,0.071882,0.081831,0.0243756,0.418594,0.112939,-2.26838e-12,0.463975,-0.175963,1.19927e-11,0.00827842,0.151111,0.0528398,0.0517469,-0.140859,6.81397e-12
5.006,0.234471,-0.0382602,0.233396,0.0729695,0.0820186,0.024618,0.418594,0.112939,-2.26838e-12,0.463975,-0.175963,1.19927e-11,0.00844708,0.15112,0.0532274,0.0517469,-0.140859,6.81397e-12
5.007,0.234472,-0.0385,0.23347,0.0740575,0.0821992,0.0248593,0.418594,0.112939,-2.26838e-12,0.463975,-0.175963,1.19927e-11,0.008617,0.151129,0.0536149,0.0517469,-0.140859,6.81397e-12
5.008,0.234473,-0.0387403,0.233544,0.0751459,0.0823728,0.0250993,0.418594,0.112939,-2.26838e-12,0.463975,-0.175963,1.19927e-11,0.00878818,0.151139,0.0540021,0.0517469,-0.140859,6.81397e-12
5.009,0.234474,-0.038981,0.233618,0.0762349,0.0825394,0.0253379,0.418594,0.112939,-2.26838e-12,0.463975,-0.175963,1.19927e-11,0.00896062,0.151148,0.0543891,0.0517469,-0.140859,6.81397e-12
5.01,0.234476,-0.0392221,0.233692,0.0773245,0.0826991,0.0255751,0.418594,0.112939,-2.26838e-12,0.463975,-0.175963,1.19927e-11,0.00913432,0.151157,0.0547758,0.0517469,-0.140859,6.81397e-12
5.011,0.234478,-0.0394637,0.233766,0.0784146,0.082852,0.0258106,0.418594,0.112939,-2.26838e-12,0.463975,-0.175963,1.19927e-11,0.00930929,0.151167,0.0551622,0.0517469,-0.140859,6.81397e-12
5.012,0.23448,-0.0397058,0.233841,0.0795053,0.082998,0.0260444,0.418594,0.112939,-2.26838e-12,0.463975,-0.175963,1.19927e-11,0.00948554,0.151176,0.0555483,0.0517469,-0.140859,6.81397e-12
5.013,0.234482,-0.0399482,0.233916,0.0805968,0.0831373,0.0262764,0.418594,0.112939,-2.26838e-12,0.463975,-0.175963,1.19927e-11,0.00966306,0.151186,0.0559341,0.0517469,-0.140859,6.81397e-12
5.014,0.234484,-0.0401911,0.233991,0.0816889,0.0832699,0.0265064,0.418594,0.112939,-2.26838e-12,0.463975,-0.175963,1.19927e-11,0.00984187,0.151195,0.0563195,0.0517469,-0.140859,6.81397e-12
5.015,0.234487,-0.0404344,0.234066,0.0827817,0.0833958,0.0267344,0.418594,0.112939,-2.26838e-12,0.463975,-0.175963,1.19927e-11,0.010022,0.151205,0.0567045,0.0517469,-0.140859,6.81397e-12
5.016,0.23449,-0.0406782,0.234142,0.0838753,0.0835151,0.0269603,0.418594,0.112939,-2.26838e-12,0.463975,-0.175963,1.19927e-11,0.0102034,0.151214,0.0570892,0.0517469,-0.140859,6.81397e-12
5.017,0.234493,-0.0409224,0.234217,0.0849698,0.0836278,0.0271839,0.418594,0.112939,-2.26838e-12,0.463975,-0.175963,1.19927e-11,0.010386,0.151224,0.0574734,0.0517469,-0.140859,6.81397e-12
5.018,0.234496,-0.041167,0.234293,0.086065,0.0837341,0.027405,0.418594,0.112939,-2.26838e-12,0.463975,-0.175963,1.19927e-11,0.01057,0.151234,0.0578571,0.0517469,-0.140859,6.81397e-12
5.019,0.2345,-0.041412,0.234369,0.0871611,0.0838338,0.0276237,0.418594,0.112939,-2.26838e-12,0.463975,-0.175963,1.19927e-11,0.0107553,0.151244,0.0582404,0.0517469,-0.140859,6.81397e-12
5.02,0.234504,-0.0416574,0.234445,0.0882582,0.0839271,0.0278398,0.418594,0.112939,-2.26838e-12,0.463975,-0.175963,1.19927e-11,0.0109419,0.151254,0.0586233,0.0517469,-0.140859,6.81397e-12
5.021,0.234507,-0.0419033,0.234521,0.0893561,0.0840141,0.0280531,0.418594,0.112939,-2.26838e-12,0.463975,-0.175963,1.19927e-11,0.0111298,0.151264,0.0590056,0.0517469,-0.140859,6.81397e-12
5.022,0.234512,-0.0421496,0.234598,0.0904551,0.0840947,0.0282637,0.418594,0.112939,-2.26838e-12,0.463975,-0.175963,1.19927e-11,0.011319,0.151274,0.0593874,0.0517469,-0.140859,6.81397e-12
5.023,0.234516,-0.0423963,0.234674,0.0915551,0.0841691,0.0284712,0.418594,0.112939,-2.26838e-12,0.463975,-0.175963,1.19927e-11,0.0115095,0.151284,0.0597686,0.0517469,-0.140859,6.81397e-12
5.024,0.234521,-0.0426435,0.234751,0.0926561,0.0842372,0.0286758,0.418594,0.112939,-2.26838e-12,0.463975,-0.175963,1.19927e-11,0.0117014,0.151295,0.0601493,0.0517469,-0.140859,6.81397e-12
5.025,0.234526,-0.042891,0.234827,0.0937582,0.0842992,0.0288771,0.418594,0.112939,-2.26838e-12,0.463975,-0.175963,1.19927e-11,0.0118946,0.151305,0.0605293,0.0517469,-0.140859,6.81397e-12
5.026,0.234531,-0.043139,0.234904,0.0948614,0.084355,0.0290752,0.418594,0.112939,-2.26838e-12,0.463975,-0.175963,1.19927e-11,0.0120891,0.151316,0.0609088,0.0517469,-0.140859,6.81397e-12
5.027,0.234536,-0.0433873,0.234981,0.0959657,0.0844047,0.0292699,0.418594,0.112939,-2.26838e-12,0.463975,-0.175963,1.19927e-11,0.0122849,0.151326,0.0612876,0.0517469,-0.140859,6.81397e-12
5.028,0.234542,-0.0436361,0.235057,0.0970713,0.0844484,0.029461,0.418594,0.112939,-2.26838e-12,0.463975,-0.175963,1.19927e-11,0.0124821,0.151337,0.0616658,0.0517469,-0.140859,6.81397e-12
5.029,0.234547,-0.0438853,0.235134,0.0981781,0.0844862,0.0296486,0.418594,0.112939,-2.26838e-12,0.463975,-0.175963,1.19927e-11,0.0126806,0.151347,0.0620433,0.0517469,-0.140859,6.81397e-12
5.03,0.234553,-0.0441349,0.235211,0.0992861,0.084518,0.0298324,0.418594,0.112939,-2.26838e-12,0.463975,-0.175963,1.19927e-11,0.0128805,0.151358,0.0624201,0.0517469,-0.140859,6.81397e-12
5.031,0.23456,-0.0443849,0.235288,0.100395,0.0845439,0.0300124,0.418594,0.112939,-2.26838e-12,0.463975,-0.175963,1.19927e-11,0.0130817,0.151369,0.0627961,0.0517469,-0.140859,6.81397e-12
5.032,0.234566,-0.0446353,0.235365,0.101506,0.084564,0.0301884,0.418594,0.112939,-2.26838e-12,0.463975,-0.175963,1.19927e-11,0.0132843,0.15138,0.0631715,0.0517469,-0.140859,6.81397e-12
5.033,0.234573,-0.0448861,0.235442,0.102618,0.0845783,0.0303604,0.418594,0.112939,-2.26838e-12,0.463975,-0.175963,1.19927e-11,0.0134883,0.151391,0.063546,0.0517469,-0.140859,6.81397e-12
5.034,0.23458,-0.0451373,0.235518,0.103731,0.0845868,0.0305282,0.418594,0.112939,-2.26838e-12,0.463975,-0.175963,1.19927e-11,0.0136936,0.151402,0.0639198,0.0517469,-0.140859,6.81397e-12
5.035,0.234587,-0.0453889,0.235595,0.104846,0.0845897,0.0306917,0.418594,0.112939,-2.26838e-12,0.463975,-0.175963,1.19927e-11,0.0139003,0.151413,0.0642928,0.0517469,-0.140859,6.81397e-12
5.036,0.234594,-0.0456409,0.235672,0.105963,0.0845869,0.0308508,0.418594,0.112939,-2.26838e-12,0.463975,-0.175963,1.19927e-11,0.0141083,0.151424,0.0646649,0.0517469,-0.140859,6.81397e-12
5.037,0.234602,-0.0458932,0.235749,0.10708,0.0845785,0.0310053,0.418594,0.112939,-2.26838e-12,0.463975,-0.175963,1.19927e-11,0.0143177,0.151435,0.0650362,0.0517469,-0.140859,6.81397e-12
5.038,0.23461,-0.046146,0.235826,0.1082,0.0845646,0.0311553,0.418594,0.112939,-2.26838e-12,0.463975,-0.175963,1.19927e-11,0.0145285,0.151446,0.0654067,0.0517469,-0.140859,6.81397e-12
5.039,0.234618,-0.0463992,0.235902,0.109321,0.0845452,0.0313005,0.418594,0.112939,-2.26838e-12,0.463975,-0.175963,1.19927e-11,0.0147407,0.151458,0.0657762,0.0517469,-0.140859,6.81397e-12
5.04,0.234626,-0.0466528,0.235979,0.110443,0.0845203,0.0314409,0.418594,0.112939,-2.26838e-12,0.463975,-0.175963,1.19927e-11,0.0149543,0.151469,0.0661449,0.0517469,-0.140859,6.81397e-12
5.041,0.234635,-0.0469067,0.236055,0.111567,0.0844901,0.0315763,0.418594,0.112939,-2.26838e-12,0.463975,-0.175963,1.19927e-11,0.0151693,0.151481,0.0665126,0.0517469,-0.140859,6.81397e-12
5.042,0.234644,-0.0471611,0.236132,0.112693,0.0844545,0.0317067,0.418594,0.112939,-2.26838e-12,0.463975,-0.175963,1.19927e-11,0.0153857,0.151492,0.0668793,0.0517469,-0.140859,6.81397e-12
5.043,0.234653,-0.0474158,0.236208,0.113821,0.0844136,0.0318318,0.418594,0.112939,-2.26838e-12,0.463975,-0.175963,1.19927e-11,0.0156034,0.151504,0.0672451,0.0517469,-0.140859,6.81397e-12
5.044,0.234662,-0.0476709,0.236284,0.11495,0.0843674,0.0319517,0.418594,0.112939,-2.26838e-12,0.463975,-0.175963,1.19927e-11,0.0158226,0.151516,0.0676098,0.0517469,-0.140859,6.81397e-12
5.045,0.234671,-0.0479264,0.23636,0.116081,0.0843161,0.0320662,0.418594,0.112939,-2.26838e-12,0.463975,-0.175963,1.19927e-11,0.0160432,0.151527,0.0679736,0.0517469,-0.140859,6.81397e-12
5.046,0.234681,-0.0481823,0.236436,0.117214,0.0842596,0.0321751,0.418594,0.112939,-2.26838e-12,0.463975,-0.175963,1.19927e-11,0.0162652,0.151539,0.0683363,0.0517469,-0.140859,6.81397e-12
5.047,0.234691,-0.0484385,0.236512,0.118349,0.084198,0.0322784,0.418594,0.112939,-2.26838e-12,0.463975,-0.175963,1.19927e-11,0.0164886,0.151551,0.068698,0.0517469,-0.140859,6.81397e-12
5.048,0.234702,-0.0486951,0.236587,0.119486,0.0841313,0.032376,0.418594,0.112939,-2.26838e-12,0.463975,-0.175963,1.19927e-11,0.0167134,0.151563,0.0690585,0.0517469,-0.140859,6.81397e-12
5.049,0.234712,-0.0489521,0.236663,0.120624,0.0840596,0.0324677,0.418594,0.112939,-2.26838e-12,0.463975,-0.175963,1.19927e-11,0.0169397,0.151576,0.069418,0.0517469,-0.140859,6.81397e-12
5.05,0.234723,-0.0492095,0.236738,0.121765,0.083983,0.0325534,0.418594,0.112939,-2.26838e-12,0.463975,-0.175963,1.19927e-11,0.0171674,0.151588,0.0697764,0.0517469,-0.140859,6.81397e-12
5.051,0.234734,-0.0494673,0.236813,0.122907,0.0839014,0.0326331,0.418594,0.112939,-2.26838e-12,0.463975,-0.175963,1.19927e-11,0.0173965,0.1516,0.0701335,0.0517469,-0.140859,6.81397e-12
5.052,0.234745,-0.0497254,0.236888,0.124052,0.083815,0.0327065,0.418594,0.112939,-2.26838e-12,0.463975,-0.175963,1.19927e-11,0.0176271,0.151612,0.0704896,0.0517469,-0.140859,6.81397e-12
5.053,0.234757,-0.0499839,0.236962,0.125198,0.0837238,0.0327737,0.418594,0.112939,-2.26838e-12,0.463975,-0.175963,1.19927e-11,0.0178591,0.151625,0.0708444,0.0517469,-0.140859,6.81397e-12
5.054,0.234769,-0.0502427,0.237037,0.126347,0.0836278,0.0328344,0.418594,0.112939,-2.26838e-12,0.463975,-0.175963,1.19927e-11,0.0180925,0.151637,0.071198,0.0517469,-0.140859,6.81397e-12
5.055,0.234781,-0.0505019,0.237111,0.127498,0.0835271,0.0328886,0.418594,0.112939,-2.26838e-12,0.463975,-0.175963,1.19927e-11,0.0183274,0.15165,0.0715504,0.0517469,-0.140859,6.81397e-12
5.056,0.234793,-0.0507615,0.237185,0.128651,0.0834217,0.0329362,0.418594,0.112939,-2.26838e-12,0.463975,-0.175963,1.19927e-11,0.0185637,0.151663,0.0719016,0.0517469,-0.140859,6.81397e-12
5.057,0.234805,-0.0510215,0.237258,0.129806,0.0833117,0.0329771,0.418594,0.112939,-2.26838e-12,0.463975,-0.175963,1.19927e-11,0.0188016,0.151675,0.0722515,0.0517469,-0.140859,6.81397e-12
5.058,0.234818,-0.0512818,0.237332,0.130964,0.0831971,0.033011,0.418594,0.112939,-2.26838e-12,0.463975,-0.175963,1.19927e-11,0.0190408,0.151688,0.0726,0.0517469,-0.140859,6.81397e-12
5.059,0.234831,-0.0515424,0.237405,0.132124,0.0830781,0.033038,0.418594,0.112939,-2.26838e-12,0.463975,-0.175963,1.19927e-11,0.0192816,0.151701,0.0729473,0.0517469,-0.140859,6.81397e-12
5.06,0.234845,-0.0518034,0.237478,0.133286,0.0829545,0.0330579,0.418594,0.112939,-2.26838e-12,0.463975,-0.175963,1.19927e-11,0.0195238,0.151714,0.0732932,0.0517469,-0.140859,6.81397e-12
5.061,0.234858,-0.0520648,0.23755,0.13445,0.0828265,0.0330706,0.418594,0.112939,-2.26838e-12,0.463975,-0.175963,1.19927e-11,0.0197674,0.151727,0.0736378,0.0517469,-0.140859,6.81397e-12
5.062,0.234872,-0.0523266,0.237622,0.135617,0.0826942,0.033076,0.418594,0.112939,-2.26838e-12,0.463975,-0.175963,1.19927e-11,0.0200126,0.15174,0.0739809,0.0517469,-0.140859,6.81397e-12
5.063,0.234886,-0.0525886,0.237694,0.136786,0.0825575,0.033074,0.418594,0.112939,-2.26838e-12,0.463975,-0.175963,1.19927e-11,0.0202592,0.151753,0.0743227,0.0517469,-0.140859,6.81397e-12
5.064,0.234901,-0.0528511,0.237766,0.137958,0.0824165,0.0330644,0.418594,0.112939,-2.26838e-12,0.463975,-0.175963,1.19927e-11,0.0205074,0.151767,0.0746631,0.0517469,-0.140859,6.81397e-12
5.065,0.234915,-0.0531139,0.237837,0.139132,0.0822714,0.0330472,0.418594,0.112939,-2.26838e-12,0.463975,-0.175963,1.19927e-11,0.020757,0.15178,0.075002,0.0517469,-0.140859,6.81397e-12
5.066,0.23493,-0.053377,0.237908,0.140308,0.082122,0.0330222,0.418594,0.112939,-2.26838e-12,0.463975,-0.175963,1.19927e-11,0.0210081,0.151794,0.0753394,0.0517469,-0.140859,6.81397e-12
5.067,0.234945,-0.0536405,0.237978,0.141487,0.0819685,0.0329894,0.418594,0.112939,-2.26838e-12,0.463975,-0.175963,1.19927e-11,0.0212607,0.151807,0.0756754,0.0517469,-0.140859,6.81397e-12
5.068,0.234961,-0.0539043,0.238048,0.142669,0.0818109,0.0329486,0.418594,0.112939,-2.26838e-12,0.463975,-0.175963,1.19927e-11,0.0215148,0.151821,0.0760098,0.0517469,-0.140859,6.81397e-12
5.069,0.234976,-0.0541684,0.238118,0.143854,0.0816493,0.0328996,0.418594,0.112939,-2.26838e-12,0.463975,-0.175963,1.19927e-11,0.0217704,0.151834,0.0763427,0.0517469,-0.140859,6.81397e-12
5.07,0.234992,-0.054433,0.238187,0.145041,0.0814837,0.0328425,0.418594,0.112939,-2.26838e-12,0.463975,-0.175963,1.19927e-11,0.0220276,0.151848,0.0766741,0.0517469,-0.140859,6.81397e-12
5.071,0.235009,-0.0546978,0.238256,0.14623,0.0813142,0.0327771,0.418594,0.112939,-2.26838e-12,0.463975,-0.175963,1.19927e-11,0.0222862,0.151862,0.0770039,0.0517469,-0.140859,6.81397e-12
5.072,0.235025,-0.054963,0.238325,0.147423,0.0811407,0.0327032,0.418594,0.112939,-2.26838e-12,0.463975,-0.175963,1.19927e-11,0.0225464,0.151876,0.077332,0.0517469,-0.140859,6.81397e-12
5.073,0.235042,-0.0552285,0.238393,0.148618,0.0809635,0.0326208,0.418594,0.112939,-2.26838e-12,0.463975,-0.175963,1.19927e-11,0.0228081,0.15189,0.0776586,0.0517469,-0.140859,6.81397e-12
5.074,0.235059,-0.0554943,0.23846,0.149816,0.0807824,0.0325297,0.418594,0.112939,-2.26838e-12,0.463975,-0.175963,1.19927e-11,0.0230713,0.151904,0.0779836,0.0517469,-0.140859,6.81397e-12
5.075,0.235076,-0.0557605,0.238528,0.151017,0.0805976,0.0324299,0.418594,0.112939,-2.26838e-12,0.463975,-0.175963,1.19927e-11,0.023336,0.151918,0.0783068,0.0517469,-0.140859,6.81397e-12
5.076,0.235094,-0.056027,0.238594,0.152221,0.0804091,0.0323212,0.418594,0.112939,-2.26838e-12,0.463975,-0.175963,1.19927e-11,0.0236023,0.151933,0.0786284,0.0517469,-0.140859,6.81397e-12
5.077,0.235112,-0.0562939,0.238661,0.153428,0.080217,0.0322035,0.418594,0.112939,-2.26838e-12,0.463975,-0.175963,1.19927e-11,0.0238702,0.151947,0.0789483,0.0517469,-0.140859,6.81397e-12
5.078,0.23513,-0.0565611,0.238726,0.154637,0.0800213,0.0320766,0.418594,0.112939,-2.26838e-12,0.463975,-0.175963,1.19927e-11,0.0241395,0.151961,0.0792665,0.0517469,-0.140859,6.81397e-12
5.079,0.235148,-0.0568286,0.238792,0.15585,0.079822,0.0319406,0.418594,0.112939,-2.26838e-12,0.463975,-0.175963,1.19927e-11,0.0244104,0.151976,0.079583,0.0517469,-0.140859,6.81397e-12
5.08,0.235167,-0.0570964,0.238856,0.157065,0.0796192,0.0317953,0.418594,0.112939,-2.26838e-12,0.463975,-0.175963,1.19927e-11,0.0246829,0.151991,0.0798976,0.0517469,-0.140859,6.81397e-12
5.081,0.235186,-0.0573645,0.238921,0.158284,0.079413,0.0316405,0.418594,0.112939,-2.26838e-12,0.463975,-0.175963,1.19927e-11,0.0249569,0.152005,0.0802105,0.0517469,-0.140859,6.81397e-12
5.082,0.235205,-0.057633,0.238985,0.159506,0.0792034,0.0314762,0.418594,0.112939,-2.26838e-12,0.463975,-0.175963,1.19927e-11,0.0252325,0.15202,0.0805216,0.0517469,-0.140859,6.81397e-12
5.083,0.235224,-0.0579018,0.239048,0.16073,0.0789904,0.0313022,0.418594,0.112939,-2.26838e-12,0.463975,-0.175963,1.19927e-11,0.0255097,0.152035,0.0808308,0.0517469,-0.140859,6.81397e-12
5.084,0.235244,-0.0581709,0.23911,0.161958,0.0787741,0.0311184,0.418594,0.112939,-2.26838e-12,0.463975,-0.175963,1.19927e-11,0.0257884,0.15205,0.0811382,0.0517469,-0.140859,6.81397e-12
5.085,0.235264,-0.0584403,0.239173,0.16319,0.0785546,0.0309247,0.418594,0.112939,-2.26838e-12,0.463975,-0.175963,1.19927e-11,0.0260687,0.152065,0.0814437,0.0517469,-0.140859,6.81397e-12
5.086,0.235285,-0.0587101,0.239234,0.164424,0.0783318,0.0307211,0.418594,0.112939,-2.26838e-12,0.463975,-0.175963,1.19927e-11,0.0263505,0.15208,0.0817474,0.0517469,-0.140859,6.81397e-12
5.087,0.235305,-0.0589801,0.239295,0.165662,0.0781059,0.0305073,0.418594,0.112939,-2.26838e-12,0.463975,-0.175963,1.19927e-11,0.026634,0.152095,0.0820491,0.0517469,-0.140859,6.81397e-12
5.088,0.235326,-0.0592505,0.239355,0.166902,0.0778769,0.0302833,0.418594,0.112939,-2.26838e-12,0.463975,-0.175963,1.19927e-11,0.026919,0.15211,0.0823489,0.0517469,-0.140859,6.81397e-12
5.089,0.235347,-0.0595211,0.239415,0.168147,0.0776448,0.030049,0.418594,0.112939,-2.26838e-12,0.463975,-0.175963,1.19927e-11,0.0272056,0.152126,0.0826467,0.0517469,-0.140859,6.81397e-12
5.09,0.235369,-0.0597921,0.239474,0.169394,0.0774097,0.0298042,0.418594,0.112939,-2.26838e-12,0.463975,-0.175963,1.19927e-11,0.0274938,0.152141,0.0829425,0.0517469,-0.140859,6.81397e-12
5.091,0.235391,-0.0600634,0.239533,0.170645,0.0771717,0.0295489,0.418594,0.112939,-2.26838e-12,0.463975,-0.175963,1.19927e-11,0.0277836,0.152157,0.0832364,0.0517469,-0.140859,6.81397e-12
5.092,0.235413,-0.060335,0.239591,0.1719,0.0769307,0.0292829,0.418594,0.112939,-2.26838e-12,0.463975,-0.175963,1.19927e-11,0.028075,0.152172,0.0835282,0.0517469,-0.140859,6.81397e-12
5.093,0.235435,-0.0606069,0.239648,0.173158,0.0766869,0.0290061,0.418594,0.112939,-2.26838e-12,0.463975,-0.175963,1.19927e-11,0.028368,0.152188,0.083818,0.0517469,-0.140859,6.81397e-12
5.094,0.235458,-0.0608791,0.239705,0.174419,0.0764403,0.0287185,0.418594,0.112939,-2.26838e-12,0.463975,-0.175963,1.19927e-11,0.0286627,0.152204,0.0841057,0.0517469,-0.140859,6.81397e-12
5.095,0.235481,-0.0611516,0.239761,0.175684,0.0761909,0.0284198,0.418594,0.112939,-2.26838e-12,0.463975,-0.175963,1.19927e-11,0.0289589,0.15222,0.0843913,0.0517469,-0.140859,6.81397e-12
5.096,0.235504,-0.0614244,0.239816,0.176952,0.0759387,0.02811,0.418594,0.112939,-2.26838e-12,0.463975,-0.175963,1.19927e-11,0.0292567,0.152236,0.0846749,0.0517469,-0.140859,6.81397e-12
5.097,0.235527,-0.0616975,0.239871,0.178224,0.0756839,0.027789,0.418594,0.112939,-2.26838e-12,0.463975,-0.175963,1.19927e-11,0.0295562,0.152252,0.0849563,0.0517469,-0.140859,6.81397e-12
5.098,0.235551,-0.0619709,0.239925,0.1795,0.0754265,0.0274566,0.418594,0.112939,-2.26838e-12,0.463975,-0.175963,1.19927e-11,0.0298573,0.152268,0.0852355,0.0517469,-0.140859,6.81397e-12
5.099,0.235575,-0.0622445,0.239978,0.18078,0.0751665,0.0271128,0.418594,0.112939,-2.26838e-12,0.463975,-0.175963,1.19927e-11,0.03016,0.152284,0.0855126,0.0517469,-0.140859,6.81397e-12
5.1,0.2356,-0.0625185,0.240031,0.182063,0.074904,0.0267575,0.418594,0.112939,-2.26838e-12,0.463975,-0.175963,1.19927e-11,0.0304644,0.1523,0.0857875,0.0517469,-0.140859,6.81397e-12
5.101,0.235625,-0.0627928,0.240082,0.18335,0.074639,0.0263904,0.418594,0.112939,-2.26838e-12,0.463975,-0.175963,1.19927e-11,0.0307704,0.152317,0.0860601,0.0517469,-0.140859,6.81397e-12
5.102,0.23565,-0.0630673,0.240133,0.18464,0.0743716,0.0260118,0.418594,0.112939,-2.26838e-12,0.463975,-0.175963,1.19927e-11,0.031078,0.152333,0.0863306,0.0517469,-0.140859,6.81397e-12
5.103,0.235675,-0.0633421,0.240184,0.185934,0.0741018,0.0256217,0.418594,0.112939,-2.26838e-12,0.463975,-0.175963,1.19927e-11,0.0313873,0.15235,0.0865988,0.0517469,-0.140859,6.81397e-12
5.104,0.2357,-0.0636172,0.240233,0.187232,0.0738297,0.0252202,0.418594,0.112939,-2.26838e-12,0.463975,-0.175963,1.19927e-11,0.0316983,0.152367,0.0868647,0.0517469,-0.140859,6.81397e-12
5.105,0.235726,-0.0638926,0.240282,0.188533,0.0735554,0.0248075,0.418594,0.112939,-2.26838e-12,0.463975,-0.175963,1.19927e-11,0.0320109,0.152383,0.0871283,0.0517469,-0.140859,6.81397e-12
5.106,0.235752,-0.0641682,0.24033,0.189837,0.0732788,0.0243834,0.418594,0.112939,-2.26838e-12,0.463975,-0.175963,1.19927e-11,0.0323251,0.1524,0.0873896,0.0517469,-0.140859,6.81397e-12
5.107,0.235779,-0.0644441,0.240378,0.191145,0.0730002,0.0239483,0.418594,0.112939,-2.26838e-12,0.463975,-0.175963,1.19927e-11,0.032641,0.152417,0.0876485,0.0517469,-0.140859,6.81397e-12
5.108,0.235806,-0.0647202,0.240424,0.192456,0.0727194,0.0235022,0.418594,0.112939,-2.26838e-12,0.463975,-0.175963,1.19927e-11,0.0329586,0.152434,0.0879051,0.0517469,-0.140859,6.81397e-12
5.109,0.235833,-0.0649966,0.24047,0.19377,0.0724365,0.0230451,0.418594,0.112939,-2.26838e-12,0.463975,-0.175963,1.19927e-11,0.0332778,0.152451,0.0881593,0.0517469,-0.140859,6.81397e-12
5.11,0.23586,-0.0652732,0.240516,0.195087,0.0721517,0.0225772,0.418594,0.112939,-2.26838e-12,0.463975,-0.175963,1.19927e-11,0.0335988,0.152468,0.0884111,0.0517469,-0.140859,6.81397e-12
5.111,0.235888,-0.06555,0.24056,0.196407,0.071865,0.0220985,0.418594,0.112939,-2.26838e-12,0.463975,-0.175963,1.19927e-11,0.0339214,0.152486,0.0886605,0.0517469,-0.140859,6.81397e-12
5.112,0.235916,-0.0658271,0.240604,0.19773,0.0715764,0.0216092,0.418594,0.112939,-2.26838e-12,0.463975,-0.175963,1.19927e-11,0.0342456,0.152503,0.0889074,0.0517469,-0.140859,6.81397e-12
5.113,0.235944,-0.0661043,0.240647,0.199056,0.071286,0.0211093,0.418594,0.112939,-2.26838e-12,0.463975,-0.175963,1.19927e-11,0.0345716,0.152521,0.0891518,0.0517469,-0.140859,6.81397e-12
5.114,0.235973,-0.0663818,0.240689,0.200384,0.0709938,0.020599,0.418594,0.112939,-2.26838e-12,0.463975,-0.175963,1.19927e-11,0.0348993,0.152538,0.0893938,0.0517469,-0.140859,6.81397e-12
5.115,0.236001,-0.0666595,0.24073,0.201715,0.0706999,0.0200783,0.418594,0.112939,-2.26838e-12,0.463975,-0.175963,1.19927e-11,0.0352286,0.152556,0.0896333,0.0517469,-0.140859,6.81397e-12
5.116,0.236031,-0.0669374,0.240771,0.203049,0.0704044,0.0195473,0.418594,0.112939,-2.26838e-12,0.463975,-0.175963,1.19927e-11,0.0355597,0.152573,0.0898702,0.0517469,-0.140859,6.81397e-12
5.117,0.23606,-0.0672155,0.240811,0.204385,0.0701073,0.0190061,0.418594,0.112939,-2.26838e-12,0.463975,-0.175963,1.19927e-11,0.0358924,0.152591,0.0901045,0.0517469,-0.140859,6.81397e-12
5.118,0.23609,-0.0674937,0.24085,0.205724,0.0698086,0.0184549,0.418594,0.112939,-2.26838e-12,0.463975,-0.175963,1.19927e-11,0.0362269,0.152609,0.0903363,0.0517469,-0.140859,6.81397e-12
5.119,0.23612,-0.0677722,0.240889,0.207065,0.0695084,0.0178936,0.418594,0.112939,-2.26838e-12,0.463975,-0.175963,1.19927e-11,0.0365631,0.152627,0.0905655,0.0517469,-0.140859,6.81397e-12
5.12,0.23615,-0.0680508,0.240926,0.208409,0.0692068,0.0173224,0.418594,0.112939,-2.26838e-12,0.463975,-0.175963,1.19927e-11,0.036901,0.152645,0.0907921,0.0517469,-0.140859,6.81397e-12
5.121,0.236181,-0.0683296,0.240963,0.209754,0.0689038,0.0167415,0.418594,0.112939,-2.26838e-12,0.463975,-0.175963,1.19927e-11,0.0372406,0.152664,0.091016,0.0517469,-0.140859,6.81397e-12
5.122,0.236212,-0.0686086,0.240999,0.211102,0.0685995,0.0161508,0.418594,0.112939,-2.26838e-12,0.463975,-0.175963,1.19927e-11,0.0375819,0.152682,0.0912373,0.0517469,-0.140859,6.81397e-12
5.123,0.236243,-0.0688877,0.241035,0.212452,0.068294,0.0155504,0.418594,0.112939,-2.26838e-12,0.463975,-0.175963,1.19927e-11,0.037925,0.1527,0.0914559,0.0517469,-0.140859,6.81397e-12
5.124,0.236274,-0.069167,0.241069,0.213803,0.0679872,0.0149406,0.418594,0.112939,-2.26838e-12,0.463975,-0.175963,1.19927e-11,0.0382698,0.152719,0.0916718,0.0517469,-0.140859,6.81397e-12
5.125,0.236306,-0.0694464,0.241103,0.215157,0.0676793,0.0143213,0.418594,0.112939,-2.26838e-12,0.463975,-0.175963,1.19927e-11,0.0386163,0.152737,0.0918849,0.0517469,-0.140859,6.81397e-12
5.126,0.236338,-0.0697259,0.241136,0.216512,0.0673702,0.0136926,0.418594,0.112939,-2.26838e-12,0.463975,-0.175963,1.19927e-11,0.0389646,0.152756,0.0920953,0.0517469,-0.140859,6.81397e-12
5.127,0.236371,-0.0700056,0.241169,0.217869,0.0670601,0.0130547,0.418594,0.112939,-2.26838e-12,0.463975,-0.175963,1.19927e-11,0.0393146,0.152775,0.092303,0.0517469,-0.140859,6.81397e-12
5.128,0.236403,-0.0702855,0.2412,0.219228,0.0667491,0.0124077,0.418594,0.112939,-2.26838e-12,0.463975,-0.175963,1.19927e-11,0.0396663,0.152794,0.0925078,0.0517469,-0.140859,6.81397e-12
5.129,0.236436,-0.0705654,0.241231,0.220589,0.066437,0.0117516,0.418594,0.112939,-2.26838e-12,0.463975,-0.175963,1.19927e-11,0.0400198,0.152813,0.0927099,0.0517469,-0.140859,6.81397e-12
5.13,0.23647,-0.0708454,0.241261,0.221951,0.0661241,0.0110865,0.418594,0.112939,-2.26838e-12,0.463975,-0.175963,1.19927e-11,0.0403751,0.152832,0.0929091,0.0517469,-0.140859,6.81397e-12
5.131,0.236503,-0.0711256,0.24129,0.223314,0.0658104,0.0104125,0.418594,0.112939,-2.26838e-12,0.463975,-0.175963,1.19927e-11,0.0407321,0.152851,0.0931055,0.0517469,-0.140859,6.81397e-12
5.132,0.236537,-0.0714059,0.241318,0.224679,0.0654959,0.00972971,0.418594,0.112939,-2.26838e-12,0.463975,-0.175963,1.19927e-11,0.0410909,0.15287,0.0932989,0.0517469,-0.140859,6.81397e-12
5.133,0.236571,-0.0716862,0.241346,0.226044,0.0651807,0.00903825,0.418594,0.112939,-2.26838e-12,0.463975,-0.175963,1.19927e-11,0.0414515,0.152889,0.0934895,0.0517469,-0.140859,6.81397e-12
5.134,0.236606,-0.0719667,0.241373,0.227412,0.0648648,0.00833819,0.418594,0.112939,-2.26838e-12,0.463975,-0.175963,1.19927e-11,0.0418138,0.152909,0.0936772,0.0517469,-0.140859,6.81397e-12
5.135,0.23664,-0.0722472,0.241399,0.22878,0.0645483,0.00762962,0.418594,0.112939,-2.26838e-12,0.463975,-0.175963,1.19927e-11,0.0421779,0.152928,0.0938619,0.0517469,-0.140859,6.81397e-12
5.136,0.236675,-0.0725278,0.241424,0.230149,0.0642313,0.00691264,0.418594,0.112939,-2.26838e-12,0.463975,-0.175963,1.19927e-11,0.0425438,0.152948,0.0940437,0.0517469,-0.140859,6.81397e-12
5.137,0.236711,-0.0728085,0.241448,0.23152,0.0639137,0.00618733,0.418594,0.112939,-2.26838e-12,0.463975,-0.175963,1.19927e-11,0.0429115,0.152968,0.0942225,0.0517469,-0.140859,6.81397e-12
5.138,0.236746,-0.0730893,0.241472,0.232891,0.0635957,0.0054538,0.418594,0.112939,-2.26838e-12,0.463975,-0.175963,1.19927e-11,0.0432809,0.152987,0.0943983,0.0517469,-0.140859,6.81397e-12
5.139,0.236782,-0.0733701,0.241495,0.234263,0.0632773,0.00471213,0.418594,0.112939,-2.26838e-12,0.463975,-0.175963,1.19927e-11,0.0436522,0.153007,0.0945711,0.0517469,-0.140859,6.81397e-12
5.14,0.236818,-0.073651,0.241517,0.235636,0.0629586,0.00396242,0.418594,0.112939,-2.26838e-12,0.463975,-0.175963,1.19927e-11,0.0440252,0.153027,0.0947408,0.0517469,-0.140859,6.81397e-12
5.141,0.236855,-0.0739319,0.241538,0.237009,0.0626396,0.00320477,0.418594,0.112939,-2.26838e-12,0.463975,-0.175963,1.19927e-11,0.0444001,0.153047,0.0949075,0.0517469,-0.140859,6.81397e-12
5.142,0.236892,-0.0742129,0.241559,0.238383,0.0623204,0.00243925,0.418594,0.112939,-2.26838e-12,0.463975,-0.175963,1.19927e-11,0.0447768,0.153067,0.095071,0.0517469,-0.140859,6.81397e-12
5.143,0.236929,-0.0744939,0.241578,0.239757,0.062001,0.00166598,0.418594,0.112939,-2.26838e-12,0.463975,-0.175963,1.19927e-11,0.0451552,0.153088,0.0952315,0.0517469,-0.140859,6.81397e-12
5.144,0.236966,-0.0747749,0.241597,0.241132,0.0616815,0.000885038,0.418594,0.112939,-2.26838e-12,0.463975,-0.175963,1.19927e-11,0.0455355,0.153108,0.0953888,0.0517469,-0.140859,6.81397e-12
5.145,0.237004,-0.0750559,0.241615,0.242508,0.061362,9.65194e-05,0.418594,0.112939,-2.26838e-12,0.463975,-0.175963,1.19927e-11,0.0459176,0.153129,0.095543,0.0517469,-0.140859,6.81397e-12
5.146,0.237042,-0.075337,0.241632,0.243883,0.0610424,-0.000699481,0.418594,0.112939,-2.26838e-12,0.463975,-0.175963,1.19927e-11,0.0463015,0.153149,0.095694,0.0517469,-0.140859,6.81397e-12
5.147,0.23708,-0.0756181,0.241649,0.245259,0.0607229,-0.00150287,0.418594,0.112939,-2.26838e-12,0.463975,-0.175963,1.19927e-11,0.0466873,0.15317,0.0958418,0.0517469,-0.140859,6.81397e-12
5.148,0.237118,-0.0758992,0.241664,0.246635,0.0604035,-0.00231356,0.418594,0.112939,-2.26838e-12,0.463975,-0.175963,1.19927e-11,0.0470748,0.153191,0.0959864,0.0517469,-0.140859,6.81397e-12
5.149,0.237157,-0.0761803,0.241679,0.248011,0.0600842,-0.00313144,0.418594,0.112939,-2.26838e-12,0.463975,-0.175963,1.19927e-11,0.0474643,0.153212,0.0961278,0.0517469,-0.140859,6.81397e-12
5.15,0.237196,-0.0764614,0.241693,0.249387,0.0597652,-0.00395644,0.418594,0.112939,-2.26838e-12,0.463975,-0.175963,1.19927e-11,0.0478555,0.153232,0.0962659,0.0517469,-0.140859,6.81397e-12
5.151,0.237236,-0.0767425,0.241706,0.250762,0.0594464,-0.00478846,0.418594,0.112939,-2.26838e-12,0.463975,-0.175963,1.19927e-11,0.0482486,0.153254,0.0964007,0.0517469,-0.140859,6.81397e-12
5.152,0.237275,-0.0770235,0.241719,0.252138,0.059128,-0.00562739,0.418594,0.112939,-2.26838e-12,0.463975,-0.175963,1.19927e-11,0.0486435,0.153275,0.0965322,0.0517469,-0.140859,6.81397e-12
5.153,0.237315,-0.0773046,0.24173,0.253513,0.0588099,-0.00647316,0.418594,0.112939,-2.26838e-12,0.463975,-0.175963,1.19927e-11,0.0490403,0.153296,0.0966604,0.0517469,-0.140859,6.81397e-12
5.154,0.237356,-0.0775856,0.241741,0.254888,0.0584923,-0.00732566,0.418594,0.112939,-2.26838e-12,0.463975,-0.175963,1.19927e-11,0.0494389,0.153317,0.0967853,0.0517469,-0.140859,6.81397e-12
5.155,0.237396,-0.0778665,0.241751,0.256263,0.0581752,-0.00818481,0.418594,0.112939,-2.26838e-12,0.463975,-0.175963,1.19927e-11,0.0498394,0.153339,0.0969067,0.0517469,-0.140859,6.81397e-12
5.156,0.237437,-0.0781475,0.24176,0.257637,0.0578586,-0.00905051,0.418594,0.112939,-2.26838e-12,0.463975,-0.175963,1.19927e-11,0.0502418,0.15336,0.0970248,0.0517469,-0.140859,6.81397e-12
5.157,0.237478,-0.0784283,0.241768,0.25901,0.0575426,-0.00992266,0.418594,0.112939,-2.26838e-12,0.463975,-0.175963,1.19927e-11,0.050646,0.153382,0.0971395,0.0517469,-0.140859,6.81397e-12
5.158,0.23752,-0.0787092,0.241775,0.260383,0.0572273,-0.0108012,0.418594,0.112939,-2.26838e-12,0.463975,-0.175963,1.19927e-11,0.0510521,0.153404,0.0972508,0.0517469,-0.140859,6.81397e-12
5.159,0.237562,-0.0789899,0.241782,0.261755,0.0569126,-0.011686,0.418594,0.112939,-2.26838e-12,0.463975,-0.175963,1.19927e-11,0.0514601,0.153426,0.0973586,0.0517469,-0.140859,6.81397e-12
5.16,0.237604,-0.0792706,0.241787,0.263127,0.0565988,-0.0125769,0.418594,0.112939,-2.26838e-12,0.463975,-0.175963,1.19927e-11,0.0518699,0.153448,0.097463,0.0517469,-0.140859,6.81397e-12
5.161,0.237646,-0.0795513,0.241792,0.264497,0.0562857,-0.013474,0.418594,0.112939,-2.26838e-12,0.463975,-0.175963,1.19927e-11,0.0522817,0.15347,0.0975638,0.0517469,-0.140859,6.81397e-12
5.162,0.237689,-0.0798318,0.241796,0.265867,0.0559735,-0.014377,0.418594,0.112939,-2.26838e-12,0.463975,-0.175963,1.19927e-11,0.0526953,0.153492,0.0976611,0.0517469,-0.140859,6.81397e-12
5.163,0.237731,-0.0801123,0.241799,0.267235,0.0556623,-0.015286,0.418594,0.112939,-2.26838e-12,0.463975,-0.175963,1.19927e-11,0.0531108,0.153514,0.0977549,0.0517469,-0.140859,6.81397e-12
5.164,0.237775,-0.0803927,0.241802,0.268602,0.0553521,-0.0162007,0.418594,0.112939,-2.26838e-12,0.463975,-0.175963,1.19927e-11,0.0535282,0.153537,0.0978452,0.0517469,-0.140859,6.81397e-12
5.165,0.237818,-0.080673,0.241803,0.269969,0.0550428,-0.0171212,0.418594,0.112939,-2.26838e-12,0.463975,-0.175963,1.19927e-11,0.0539475,0.153559,0.0979319,0.0517469,-0.140859,6.81397e-12
5.166,0.237862,-0.0809531,0.241804,0.271333,0.0547347,-0.0180472,0.418594,0.112939,-2.26838e-12,0.463975,-0.175963,1.19927e-11,0.0543687,0.153582,0.0980149,0.0517469,-0.140859,6.81397e-12
5.167,0.237906,-0.0812332,0.241803,0.272697,0.0544277,-0.0189788,0.418594,0.112939,-2.26838e-12,0.463975,-0.175963,1.19927e-11,0.0547918,0.153604,0.0980944,0.0517469,-0.140859,6.81397e-12
5.168,0.23795,-0.0815132,0.241802,0.274059,0.054122,-0.0199158,0.418594,0.112939,-2.26838e-12,0.463975,-0.175963,1.19927e-11,0.0552169,0.153627,0.0981702,0.0517469,-0.140859,6.81397e-12
5.169,0.237995,-0.081793,0.2418,0.27542,0.0538174,-0.0208582,0.418594,0.112939,-2.26838e-12,0.463975,-0.175963,1.19927e-11,0.0556438,0.15365,0.0982423,0.0517469,-0.140859,6.81397e-12
5.17,0.23804,-0.0820727,0.241798,0.276779,0.0535142,-0.0218058,0.418594,0.112939,-2.26838e-12,0.463975,-0.175963,1.19927e-11,0.0560727,0.153673,0.0983107,0.0517469,-0.140859,6.81397e-12
5.171,0.238085,-0.0823523,0.241794,0.278136,0.0532124,-0.0227586,0.418594,0.112939,-2.26838e-12,0.463975,-0.175963,1.19927e-11,0.0565034,0.153696,0.0983755,0.0517469,-0.140859,6.81397e-12
5.172,0.238131,-0.0826318,0.241789,0.279492,0.052912,-0.0237164,0.418594,0.112939,-2.26838e-12,0.463975,-0.175963,1.19927e-11,0.0569362,0.153719,0.0984365,0.0517469,-0.140859,6.81397e-12
5.173,0.238177,-0.0829111,0.241784,0.280845,0.0526131,-0.0246792,0.418594,0.112939,-2.26838e-12,0.463975,-0.175963,1.19927e-11,0.0573708,0.153742,0.0984938,0.0517469,-0.140859,6.81397e-12
5.174,0.238223,-0.0831902,0.241778,0.282197,0.0523157,-0.0256469,0.418594,0.112939,-2.26838e-12,0.463975,-0.175963,1.19927e-11,0.0578074,0.153766,0.0985473,0.0517469,-0.140859,6.81397e-12
5.175,0.238269,-0.0834692,0.241771,0.283547,0.0520199,-0.0266193,0.418594,0.112939,-2.26838e-12,0.463975,-0.175963,1.19927e-11,0.0582459,0.153789,0.098597,0.0517469,-0.140859,6.81397e-12
5.176,0.238316,-0.083748,0.241763,0.284895,0.0517257,-0.0275964,0.418594,0.112939,-2.26838e-12,0.463975,-0.175963,1.19927e-11,0.0586864,0.153813,0.0986429,0.0517469,-0.140859,6.81397e-12
5.177,0.238363,-0.0840267,0.241754,0.286241,0.0514332,-0.0285781,0.418594,0.112939,-2.26838e-12,0.463975,-0.175963,1.19927e-11,0.0591288,0.153837,0.0986849,0.0517469,-0.140859,6.81397e-12
5.178,0.23841,-0.0843052,0.241744,0.287585,0.0511425,-0.0295644,0.418594,0.112939,-2.26838e-12,0.463975,-0.175963,1.19927e-11,0.0595731,0.153861,0.0987231,0.0517469,-0.140859,6.81397e-12
5.179,0.238458,-0.0845835,0.241734,0.288926,0.0508536,-0.030555,0.418594,0.112939,-2.26838e-12,0.463975,-0.175963,1.19927e-11,0.0600194,0.153884,0.0987575,0.0517469,-0.140859,6.81397e-12
5.18,0.238505,-0.0848616,0.241722,0.290265,0.0505666,-0.0315499,0.418594,0.112939,-2.26838e-12,0.463975,-0.175963,1.19927e-11,0.0604677,0.153908,0.0987879,0.0517469,-0.140859,6.81397e-12
5.181,0.238554,-0.0851395,0.24171,0.291602,0.0502814,-0.0325491,0.418594,0.112939,-2.26838e-12,0.463975,-0.175963,1.19927e-11,0.060918,0.153933,0.0988144,0.0517469,-0.140859,6.81397e-12
5.182,0.238602,-0.0854173,0.241697,0.292936,0.0499983,-0.0335524,0.418594,0.112939,-2.26838e-12,0.463975,-0.175963,1.19927e-11,0.0613702,0.153957,0.098837,0.0517469,-0.140859,6.81397e-12
5.183,0.238651,-0.0856948,0.241682,0.294267,0.0497171,-0.0345597,0.418594,0.112939,-2.26838e-12,0.463975,-0.175963,1.19927e-11,0.0618244,0.153981,0.0988556,0.0517469,-0.140859,6.81397e-12
5.184,0.2387,-0.0859721,0.241667,0.295596,0.0494381,-0.0355709,0.418594,0.112939,-2.26838e-12,0.463975,-0.175963,1.19927e-11,0.0622805,0.154006,0.0988702,0.0517469,-0.140859,6.81397e-12
5.185,0.238749,-0.0862492,0.241652,0.296922,0.0491612,-0.036586,0.418594,0.112939,-2.26838e-12,0.463975,-0.175963,1.19927e-11,0.0627387,0.15403,0.0988808,0.0517469,-0.140859,6.81397e-12
5.186,0.238799,-0.0865261,0.241635,0.298246,0.0488865,-0.0376049,0.418594,0.112939,-2.26838e-12,0.463975,-0.175963,1.19927e-11,0.0631988,0.154055,0.0988874,0.0517469,-0.140859,6.81397e-12
5.187,0.238848,-0.0868027,0.241617,0.299566,0.048614,-0.0386274,0.418594,0.112939,-2.26838e-12,0.463975,-0.175963,1.19927e-11,0.0636609,0.15408,0.09889,0.0517469,-0.140859,6.81397e-12
5.188,0.238899,-0.0870791,0.241599,0.300884,0.0483438,-0.0396535,0.418594,0.112939,-2.26838e-12,0.463975,-0.175963,1.19927e-11,0.0641235,0.154104,0.0988884,0.0517469,-0.140859,6.81397e-12
5.189,0.238949,-0.0873553,0.241579,0.302198,0.048076,-0.0406831,0.418594,0.112939,-2.26838e-12,0.463975,-0.175963,1.19927e-11,0.0645841,0.154129,0.0988829,0.0517469,-0.140859,6.81397e-12
5.19,0.239,-0.0876312,0.241559,0.303509,0.0478106,-0.041716,0.418594,0.112939,-2.26838e-12,0.463975,-0.175963,1.19927e-11,0.0650428,0.154154,0.0988733,0.0517469,-0.140859,6.81397e-12
5.191,0.239051,-0.0879069,0.241538,0.304817,0.0475477,-0.0427522,0.418594,0.112939,-2.26838e-12,0.463975,-0.175963,1.19927e-11,0.0654994,0.154178,0.0988596,0.0517469,-0.140859,6.81397e-12
5.192,0.239102,-0.0881823,0.241516,0.306122,0.0472873,-0.0437917,0.418594,0.112939,-2.26838e-12,0.463975,-0.175963,1.19927e-11,0.0659541,0.154203,0.098842,0.0517469,-0.140859,6.81397e-12
5.193,0.239154,-0.0884575,0.241493,0.307424,0.0470294,-0.0448342,0.418594,0.112939,-2.26838e-12,0.463975,-0.175963,1.19927e-11,0.0664068,0.154227,0.0988205,0.0517469,-0.140859,6.81397e-12
5.194,0.239206,-0.0887323,0.241469,0.308722,0.0467742,-0.0458797,0.418594,0.112939,-2.26838e-12,0.463975,-0.175963,1.19927e-11,0.0668576,0.154251,0.0987949,0.0517469,-0.140859,6.81397e-12
5.195,0.239258,-0.0890069,0.241444,0.310016,0.0465217,-0.0469282,0.418594,0.112939,-2.26838e-12,0.463975,-0.175963,1.19927e-11,0.0673063,0.154275,0.0987655,0.0517469,-0.140859,6.81397e-12
5.196,0.23931,-0.0892812,0.241418,0.311307,0.0462719,-0.0479794,0.418594,0.112939,-2.26838e-12,0.463975,-0.175963,1.19927e-11,0.0677531,0.154299,0.0987321,0.0517469,-0.140859,6.81397e-12
5.197,0.239363,-0.0895553,0.241391,0.312595,0.0460249,-0.0490334,0.418594,0.112939,-2.26838e-12,0.463975,-0.175963,1.19927e-11,0.068198,0.154323,0.0986949,0.0517469,-0.140859,6.81397e-12
5.198,0.239416,-0.089829,0.241364,0.313878,0.0457808,-0.0500901,0.418594,0.112939,-2.26838e-12,0.463975,-0.175963,1.19927e-11,0.0686409,0.154347,0.0986538,0.0517469,-0.140859,6.81397e-12
5.199,0.239469,-0.0901024,0.241335,0.315158,0.0455396,-0.0511492,0.418594,0.112939,-2.26838e-12,0.463975,-0.175963,1.19927e-11,0.0690819,0.15437,0.0986089,0.0517469,-0.140859,6.81397e-12
5.2,0.239523,-0.0903756,0.241306,0.316434,0.0453013,-0.0522109,0.418594,0.112939,-2.26838e-12,0.463975,-0.175963,1.19927e-11,0.0695209,0.154394,0.0985601,0.0517469,-0.140859,6.81397e-12
5.201,0.239577,-0.0906484,0.241276,0.317706,0.045066,-0.0532748,0.418594,0.112939,-2.26838e-12,0.463975,-0.175963,1.19927e-11,0.0699579,0.154417,0.0985076,0.0517469,-0.140859,6.81397e-12
5.202,0.239631,-0.0909209,0.241245,0.318974,0.0448337,-0.054341,0.418594,0.112939,-2.26838e-12,0.463975,-0.175963,1.19927e-11,0.0703931,0.15444,0.0984513,0.0517469,-0.140859,6.81397e-12
5.203,0.239686,-0.091193,0.241213,0.320237,0.0446043,-0.0554091,0.418594,0.112939,-2.26838e-12,0.463975,-0.175963,1.19927e-11,0.0708263,0.154464,0.0983912,0.0517469,-0.140859,6.81397e-12
5.204,0.23974,-0.0914649,0.24118,0.321497,0.0443777,-0.0564791,0.418594,0.112939,-2.26838e-12,0.463975,-0.175963,1.19927e-11,0.0712575,0.154487,0.0983274,0.0517469,-0.140859,6.81397e-12
5.205,0.239795,-0.0917364,0.241146,0.322752,0.0441539,-0.0575508,0.418594,0.112939,-2.26838e-12,0.463975,-0.175963,1.19927e-11,0.0716869,0.15451,0.0982599,0.0517469,-0.140859,6.81397e-12
5.206,0.239851,-0.0920075,0.241111,0.324002,0.0439327,-0.0586239,0.418594,0.112939,-2.26838e-12,0.463975,-0.175963,1.19927e-11,0.0721143,0.154533,0.0981886,0.0517469,-0.140859,6.81397e-12
5.207,0.239906,-0.0922783,0.241075,0.325248,0.0437142,-0.0596984,0.418594,0.112939,-2.26838e-12,0.463975,-0.175963,1.19927e-11,0.0725398,0.154555,0.0981138,0.0517469,-0.140859,6.81397e-12
5.208,0.239962,-0.0925487,0.241039,0.326488,0.0434983,-0.060774,0.418594,0.112939,-2.26838e-12,0.463975,-0.175963,1.19927e-11,0.0729634,0.154578,0.0980352,0.0517469,-0.140859,6.81397e-12
5.209,0.240018,-0.0928188,0.241001,0.327724,0.0432849,-0.0618505,0.418594,0.112939,-2.26838e-12,0.463975,-0.175963,1.19927e-11,0.0733851,0.154601,0.0979531,0.0517469,-0.140859,6.81397e-12
5.21,0.240075,-0.0930885,0.240963,0.328955,0.043074,-0.0629279,0.418594,0.112939,-2.26838e-12,0.463975,-0.175963,1.19927e-11,0.0738049,0.154623,0.0978673,0.0517469,-0.140859,6.81397e-12
5.211,0.240132,-0.0933578,0.240924,0.330181,0.0428654,-0.0640059,0.418594,0.112939,-2.26838e-12,0.463975,-0.175963,1.19927e-11,0.0742227,0.154646,0.097778,0.0517469,-0.140859,6.81397e-12
5.212,0.240189,-0.0936268,0.240884,0.331401,0.0426592,-0.0650843,0.418594,0.112939,-2.26838e-12,0.463975,-0.175963,1.19927e-11,0.0746387,0.154668,0.0976851,0.0517469,-0.140859,6.81397e-12
5.213,0.240246,-0.0938953,0.240843,0.332617,0.0424552,-0.066163,0.418594,0.112939,-2.26838e-12,0.463975,-0.175963,1.19927e-11,0.0750528,0.15469,0.0975886,0.0517469,-0.140859,6.81397e-12
5.214,0.240304,-0.0941635,0.240802,0.333826,0.0422534,-0.0672418,0.418594,0.112939,-2.26838e-12,0.463975,-0.175963,1.19927e-11,0.075465,0.154712,0.0974887,0.0517469,-0.140859,6.81397e-12
5.215,0.240361,-0.0944312,0.240759,0.33503,0.0420538,-0.0683205,0.418594,0.112939,-2.26838e-12,0.463975,-0.175963,1.19927e-11,0.0758753,0.154734,0.0973852,0.0517469,-0.140859,6.81397e-12
5.216,0.24042,-0.0946986,0.240716,0.336228,0.0418562,-0.069399,0.418594,0.112939,-2.26838e-12,0.463975,-0.175963,1.19927e-11,0.0762838,0.154756,0.0972782,0.0517469,-0.140859,6.81397e-12
5.217,0.240478,-0.0949655,0.240672,0.337421,0.0416607,-0.0704771,0.418594,0.112939,-2.26838e-12,0.463975,-0.175963,1.19927e-11,0.0766904,0.154778,0.0971678,0.0517469,-0.140859,6.81397e-12
5.218,0.240537,-0.095232,0.240627,0.338607,0.0414671,-0.0715545,0.418594,0.112939,-2.26838e-12,0.463975,-0.175963,1.19927e-11,0.0770951,0.1548,0.097054,0.0517469,-0.140859,6.81397e-12
5.219,0.240596,-0.095498,0.240581,0.339788,0.0412754,-0.0726312,0.418594,0.112939,-2.26838e-12,0.463975,-0.175963,1.19927e-11,0.0774979,0.154821,0.0969368,0.0517469,-0.140859,6.81397e-12
5.22,0.240655,-0.0957637,0.240535,0.340962,0.0410855,-0.073707,0.418594,0.112939,-2.26838e-12,0.463975,-0.175963,1.19927e-11,0.0778988,0.154843,0.0968161,0.0517469,-0.140859,6.81397e-12
5.221,0.240714,-0.0960289,0.240487,0.34213,0.0408973,-0.0747817,0.418594,0.112939,-2.26838e-12,0.463975,-0.175963,1.19927e-11,0.0782979,0.154864,0.0966921,0.0517469,-0.140859,6.81397e-12
5.222,0.240774,-0.0962936,0.240439,0.343291,0.0407109,-0.075855,0.418594,0.112939,-2.26838e-12,0.463975,-0.175963,1.19927e-11,0.0786952,0.154885,0.0965648,0.0517469,-0.140859,6.81397e-12
5.223,0.240834,-0.0965579,0.24039,0.344446,0.0405261,-0.0769269,0.418594,0.112939,-2.26838e-12,0.463975,-0.175963,1.19927e-11,0.0790906,0.154907,0.0964341,0.0517469,-0.140859,6.81397e-12
5.224,0.240895,-0.0968217,0.240341,0.345594,0.0403429,-0.0779972,0.418594,0.112939,-2.26838e-12,0.463975,-0.175963,1.19927e-11,0.0794842,0.154928,0.0963001,0.0517469,-0.140859,6.81397e-12
5.225,0.240955,-0.0970851,0.24029,0.346735,0.0401612,-0.0790656,0.418594,0.112939,-2.26838e-12,0.463975,-0.175963,1.19927e-11,0.0798759,0.154949,0.0961628,0.0517469,-0.140859,6.81397e-12
5.226,0.241016,-0.097348,0.240239,0.34787,0.0399809,-0.0801321,0.418594,0.112939,-2.26838e-12,0.463975,-0.175963,1.19927e-11,0.0802657,0.15497,0.0960223,0.0517469,-0.140859,6.81397e-12
5.227,0.241077,-0.0976104,0.240187,0.348997,0.039802,-0.0811964,0.418594,0.112939,-2.26838e-12,0.463975,-0.175963,1.19927e-11,0.0806538,0.15499,0.0958785,0.0517469,-0.140859,6.81397e-12
5.228,0.241139,-0.0978723,0.240134,0.350117,0.0396244,-0.0822584,0.418594,0.112939,-2.26838e-12,0.463975,-0.175963,1.19927e-11,0.08104,0.155011,0.0957315,0.0517469,-0.140859,6.81397e-12
5.229,0.2412,-0.0981337,0.240081,0.35123,0.0394481,-0.0833179,0.418594,0.112939,-2.26838e-12,0.463975,-0.175963,1.19927e-11,0.0814243,0.155032,0.0955813,0.0517469,-0.140859,6.81397e-12
5.23,0.241262,-0.0983946,0.240027,0.352336,0.039273,-0.0843747,0.418594,0.112939,-2.26838e-12,0.463975,-0.175963,1.19927e-11,0.0818069,0.155052,0.0954279,0.0517469,-0.140859,6.81397e-12
5.231,0.241325,-0.098655,0.239972,0.353434,0.0390991,-0.0854287,0.418594,0.112939,-2.26838e-12,0.463975,-0.175963,1.19927e-11,0.0821876,0.155073,0.0952714,0.0517469,-0.140859,6.81397e-12
5.232,0.241387,-0.0989149,0.239916,0.354524,0.0389262,-0.0864796,0.418594,0.112939,-2.26838e-12,0.463975,-0.175963,1.19927e-11,0.0825666,0.155093,0.0951117,0.0517469,-0.140859,6.81397e-12
5.233,0.24145,-0.0991743,0.23986,0.355607,0.0387543,-0.0875274,0.418594,0.112939,-2.26838e-12,0.463975,-0.175963,1.19927e-11,0.0829437,0.155113,0.0949489,0.0517469,-0.140859,6.81397e-12
5.234,0.241513,-0.0994331,0.239803,0.356682,0.0385833,-0.0885718,0.418594,0.112939,-2.26838e-12,0.463975,-0.175963,1.19927e-11,0.083319,0.155133,0.094783,0.0517469,-0.140859,6.81397e-12
5.235,0.241576,-0.0996915,0.239745,0.357748,0.0384132,-0.0896126,0.418594,0.112939,-2.26838e-12,0.463975,-0.175963,1.19927e-11,0.0836925,0.155153,0.094614,0.0517469,-0.140859,6.81397e-12
5.236,0.24164,-0.0999492,0.239686,0.358807,0.038244,-0.0906497,0.418594,0.112939,-2.26838e-12,0.463975,-0.175963,1.19927e-11,0.0840642,0.155173,0.094442,0.0517469,-0.140859,6.81397e-12
5.237,0.241704,-0.100206,0.239627,0.359858,0.0380755,-0.091683,0.418594,0.112939,-2.26838e-12,0.463975,-0.175963,1.19927e-11,0.0844341,0.155193,0.094267,0.0517469,-0.140859,6.81397e-12
5.238,0.241768,-0.100463,0.239567,0.3609,0.0379077,-0.0927121,0.418594,0.112939,-2.26838e-12,0.463975,-0.175963,1.19927e-11,0.0848022,0.155213,0.094089,0.0517469,-0.140859,6.81397e-12
5.239,0.241832,-0.100719,0.239507,0.361934,0.0377405,-0.0937371,0.418594,0.112939,-2.26838e-12,0.463975,-0.175963,1.19927e-11,0.0851686,0.155232,0.0939079,0.0517469,-0.140859,6.81397e-12
5.24,0.241897,-0.100975,0.239446,0.362959,0.0375739,-0.0947576,0.418594,0.112939,-2.26838e-12,0.463975,-0.175963,1.19927e-11,0.0855331,0.155252,0.0937239,0.0517469,-0.140859,6.81397e-12
5.241,0.241962,-0.10123,0.239384,0.363975,0.0374078,-0.0957735,0.418594,0.112939,-2.26838e-12,0.463975,-0.175963,1.19927e-11,0.0858959,0.155271,0.093537,0.0517469,-0.140859,6.81397e-12
5.242,0.242027,-0.101484,0.239321,0.364983,0.0372422,-0.0967847,0.418594,0.112939,-2.26838e-12,0.463975,-0.175963,1.19927e-11,0.0862569,0.155291,0.0933472,0.0517469,-0.140859,6.81397e-12
5.243,0.242092,-0.101738,0.239258,0.365982,0.0370769,-0.0977909,0.418594,0.112939,-2.26838e-12,0.463975,-0.175963,1.19927e-11,0.0866161,0.15531,0.0931544,0.0517469,-0.140859,6.81397e-12
5.244,0.242158,-0.101991,0.239194,0.366971,0.0369119,-0.0987921,0.418594,0.112939,-2.26838e-12,0.463975,-0.175963,1.19927e-11,0.0869736,0.155329,0.0929587,0.0517469,-0.140859,6.81397e-12
5.245,0.242224,-0.102244,0.239129,0.367952,0.0367472,-0.099788,0.418594,0.112939,-2.26838e-12,0.463975,-0.175963,1.19927e-11,0.0873293,0.155348,0.0927603,0.0517469,-0.140859,6.81397e-12
5.246,0.24229,-0.102496,0.239064,0.368923,0.0365827,-0.100778,0.418594,0.112939,-2.26838e-12,0.463975,-0.175963,1.19927e-11,0.0876833,0.155367,0.0925589,0.0517469,-0.140859,6.81397e-12
5.247,0.242357,-0.102747,0.238998,0.369885,0.0364184,-0.101763,0.418594,0.112939,-2.26838e-12,0.463975,-0.175963,1.19927e-11,0.0880355,0.155386,0.0923548,0.0517469,-0.140859,6.81397e-12
5.248,0.242423,-0.102998,0.238932,0.370837,0.0362541,-0.102742,0.418594,0.112939,-2.26838e-12,0.463975,-0.175963,1.19927e-11,0.0883859,0.155405,0.0921478,0.0517469,-0.140859,6.81397e-12
5.249,0.24249,-0.103248,0.238865,0.37178,0.0360897,-0.103715,0.418594,0.112939,-2.26838e-12,0.463975,-0.175963,1.19927e-11,0.0887346,0.155423,0.0919381,0.0517469,-0.140859,6.81397e-12
5.25,0.242558,-0.103498,0.238797,0.372713,0.0359254,-0.104682,0.418594,0.112939,-2.26838e-12,0.463975,-0.175963,1.19927e-11,0.0890816,0.155442,0.0917256,0.0517469,-0.140859,6.81397e-12
5.251,0.242625,-0.103747,0.238729,0.373636,0.0357609,-0.105643,0.418594,0.112939,-2.26838e-12,0.463975,-0.175963,1.19927e-11,0.0894268,0.155461,0.0915104,0.0517469,-0.140859,6.81397e-12
5.252,0.242693,-0.103995,0.23866,0.374549,0.0355962,-0.106597,0.418594,0.112939,-2.26838e-12,0.463975,-0.175963,1.19927e-11,0.0897703,0.155479,0.0912925,0.0517469,-0.140859,6.81397e-12
5.253,0.242761,-0.104243,0.23859,0.375452,0.0354313,-0.107544,0.418594,0.112939,-2.26838e-12,0.463975,-0.175963,1.19927e-11,0.0901121,0.155497,0.0910719,0.0517469,-0.140859,6.81397e-12
5.254,0.242829,-0.10449,0.23852,0.376345,0.0352661,-0.108485,0.418594,0.112939,-2.26838e-12,0.463975,-0.175963,1.19927e-11,0.0904521,0.155515,0.0908487,0.0517469,-0.140859,6.81397e-12
5.255,0.242898,-0.104736,0.238449,0.377227,0.0351005,-0.109418,0.418594,0.112939,-2.26838e-12,0.463975,-0.175963,1.19927e-11,0.0907904,0.155534,0.0906227,0.0517469,-0.140859,6.81397e-12
5.256,0.242966,-0.104982,0.238378,0.378099,0.0349344,-0.110345,0.418594,0.112939,-2.26838e-12,0.463975,-0.175963,1.19927e-11,0.0911271,0.155552,0.0903942,0.0517469,-0.140859,6.81397e-12
5.257,0.243035,-0.105227,0.238306,0.378961,0.0347679,-0.111264,0.418594,0.112939,-2.26838e-12,0.463975,-0.175963,1.19927e-11,0.0914619,0.15557,0.0901631,0.0517469,-0.140859,6.81397e-12
5.258,0.243105,-0.105471,0.238233,0.379811,0.0346008,-0.112175,0.418594,0.112939,-2.26838e-12,0.463975,-0.175963,1.19927e-11,0.0917951,0.155587,0.0899294,0.0517469,-0.140859,6.81397e-12
5.259,0.243174,-0.105714,0.23816,0.380651,0.0344331,-0.113079,0.418594,0.112939,-2.26838e-12,0.463975,-0.175963,1.19927e-11,0.0921266,0.155605,0.0896931,0.0517469,-0.140859,6.81397e-12
5.26,0.243244,-0.105957,0.238087,0.38148,0.0342647,-0.113975,0.418594,0.112939,-2.26838e-12,0.463975,-0.175963,1.19927e-11,0.0924564,0.155623,0.0894543,0.0517469,-0.140859,6.81397e-12
5.261,0.243314,-0.106199,0.238013,0.382298,0.0340955,-0.114863,0.418594,0.112939,-2.26838e-12,0.463975,-0.175963,1.19927e-11,0.0927845,0.155641,0.0892129,0.0517469,-0.140859,6.81397e-12
5.262,0.243384,-0.106441,0.237938,0.383105,0.0339255,-0.115742,0.418594,0.112939,-2.26838e-12,0.463975,-0.175963,1.19927e-11,0.0931109,0.155658,0.0889691,0.0517469,-0.140859,6.81397e-12
5.263,0.243455,-0.106682,0.237863,0.383901,0.0337547,-0.116613,0.418594,0.112939,-2.26838e-12,0.463975,-0.175963,1.19927e-11,0.0934356,0.155675,0.0887228,0.0517469,-0.140859,6.81397e-12
5.264,0.243526,-0.106922,0.237787,0.384685,0.0335829,-0.117476,0.418594,0.112939,-2.26838e-12,0.463975,-0.175963,1.19927e-11,0.0937586,0.155693,0.088474,0.0517469,-0.140859,6.81397e-12
5.265,0.243597,-0.107161,0.237711,0.385457,0.0334101,-0.11833,0.418594,0.112939,-2.26838e-12,0.463975,-0.175963,1.19927e-11,0.0940799,0.15571,0.0882229,0.0517469,-0.140859,6.81397e-12
5.266,0.243668,-0.1074,0.237634,0.386218,0.0332363,-0.119175,0.418594,0.112939,-2.26838e-12,0.463975,-0.175963,1.19927e-11,0.0943996,0.155727,0.0879693,0.0517469,-0.140859,6.81397e-12
5.267,0.243739,-0.107638,0.237557,0.386967,0.0330613,-0.120011,0.418594,0.112939,-2.26838e-12,0.463975,-0.175963,1.19927e-11,0.0947176,0.155744,0.0877133,0.0517469,-0.140859,6.81397e-12
5.268,0.243811,-0.107875,0.237479,0.387704,0.0328852,-0.120837,0.418594,0.112939,-2.26838e-12,0.463975,-0.175963,1.19927e-11,0.0950339,0.155761,0.0874549,0.0517469,-0.140859,6.81397e-12
5.269,0.243883,-0.108111,0.2374,0.38843,0.0327077,-0.121654,0.418594,0.112939,-2.26838e-12,0.463975,-0.175963,1.19927e-11,0.0953486,0.155778,0.0871942,0.0517469,-0.140859,6.81397e-12
5.27,0.243955,-0.108347,0.237322,0.389143,0.032529,-0.122462,0.418594,0.112939,-2.26838e-12,0.463975,-0.175963,1.19927e-11,0.0956616,0.155795,0.0869312,0.0517469,-0.140859,6.81397e-12
5.271,0.244028,-0.108581,0.237242,0.389844,0.0323489,-0.12326,0.418594,0.112939,-2.26838e-12,0.463975,-0.175963,1.19927e-11,0.095973,0.155811,0.0866659,0.0517469,-0.140859,6.81397e-12
5.272,0.244101,-0.108815,0.237162,0.390532,0.0321674,-0.124048,0.418594,0.112939,-2.26838e-12,0.463975,-0.175963,1.19927e-11,0.0962827,0.155828,0.0863982,0.0517469,-0.140859,6.81397e-12
5.273,0.244174,-0.109049,0.237082,0.391209,0.0319843,-0.124825,0.418594,0.112939,-2.26838e-12,0.463975,-0.175963,1.19927e-11,0.0965907,0.155844,0.0861284,0.0517469,-0.140859,6.81397e-12
5.274,0.244247,-0.109281,0.237001,0.391872,0.0317997,-0.125593,0.418594,0.112939,-2.26838e-12,0.463975,-0.175963,1.19927e-11,0.0968971,0.155861,0.0858563,0.0517469,-0.140859,6.81397e-12
5.275,0.24432,-0.109513,0.23692,0.392523,0.0316135,-0.126349,0.418594,0.112939,-2.26838e-12,0.463975,-0.175963,1.19927e-11,0.0972019,0.155877,0.0855819,0.0517469,-0.140859,6.81397e-12
5.276,0.244394,-0.109744,0.236838,0.393161,0.0314256,-0.127096,0.418594,0.112939,-2.26838e-12,0.463975,-0.175963,1.19927e-11,0.097505,0.155894,0.0853054,0.0517469,-0.140859,6.81397e-12
5.277,0.244468,-0.109974,0.236756,0.393786,0.0312359,-0.127831,0.418594,0.112939,-2.26838e-12,0.463975,-0.175963,1.19927e-11,0.0978065,0.15591,0.0850267,0.0517469,-0.140859,6.81397e-12
5.278,0.244542,-0.110203,0.236674,0.394398,0.0310444,-0.128555,0.418594,0.112939,-2.26838e-12,0.463975,-0.175963,1.19927e-11,0.0981064,0.155926,0.0847458,0.0517469,-0.140859,6.81397e-12
5.279,0.244616,-0.110432,0.236591,0.394997,0.030851,-0.129269,0.418594,0.112939,-2.26838e-12,0.463975,-0.175963,1.19927e-11,0.0984047,0.155942,0.0844628,0.0517469,-0.140859,6.81397e-12
5.28,0.244691,-0.110659,0.236507,0.395583,0.0306557,-0.129971,0.418594,0.112939,-2.26838e-12,0.463975,-0.175963,1.19927e-11,0.0987013,0.155958,0.0841777,0.0517469,-0.140859,6.81397e-12
5.281,0.244766,-0.110886,0.236423,0.396155,0.0304584,-0.130661,0.418594,0.112939,-2.26838e-12,0.463975,-0.175963,1.19927e-11,0.0989964,0.155973,0.0838905,0.0517469,-0.140859,6.81397e-12
5.282,0.244841,-0.111112,0.236339,0.396713,0.030259,-0.13134,0.418594,0.112939,-2.26838e-12,0.463975,-0.175963,1.19927e-11,0.0992898,0.155989,0.0836013,0.0517469,-0.140859,6.81397e-12
5.283,0.244917,-0.111337,0.236254,0.397258,0.0300575,-0.132006,0.418594,0.112939,-2.26838e-12,0.463975,-0.175963,1.19927e-11,0.0995816,0.156005,0.08331,0.0517469,-0.140859,6.81397e-12
5.284,0.244992,-0.111562,0.236169,0.39779,0.0298538,-0.132661,0.418594,0.112939,-2.26838e-12,0.463975,-0.175963,1.19927e-11,0.0998718,0.15602,0.0830166,0.0517469,-0.140859,6.81397e-12
5.285,0.245068,-0.111785,0.236083,0.398307,0.0296478,-0.133304,0.418594,0.112939,-2.26838e-12,0.463975,-0.175963,1.19927e-11,0.10016,0.156036,0.0827213,0.0517469,-0.140859,6.81397e-12
5.286,0.245144,-0.112008,0.235997,0.39881,0.0294395,-0.133934,0.418594,0.112939,-2.26838e-12,0.463975,-0.175963,1.19927e-11,0.100447,0.156051,0.082424,0.0517469,-0.140859,6.81397e-12
5.287,0.24522,-0.112229,0.235911,0.399299,0.0292289,-0.134551,0.418594,0.112939,-2.26838e-12,0.463975,-0.175963,1.19927e-11,0.100733,0.156067,0.0821247,0.0517469,-0.140859,6.81397e-12
5.288,0.245297,-0.11245,0.235824,0.399774,0.0290157,-0.135156,0.418594,0.112939,-2.26838e-12,0.463975,-0.175963,1.19927e-11,0.101017,0.156082,0.0818234,0.0517469,-0.140859,6.81397e-12
5.289,0.245374,-0.11267,0.235737,0.400235,0.0288001,-0.135748,0.418594,0.112939,-2.26838e-12,0.463975,-0.175963,1.19927e-11,0.101299,0.156097,0.0815203,0.0517469,-0.140859,6.81397e-12
5.29,0.245451,-0.112889,0.235649,0.400681,0.0285819,-0.136327,0.418594,0.112939,-2.26838e-12,0.463975,-0.175963,1.19927e-11,0.10158,0.156112,0.0812152,0.0517469,-0.140859,6.81397e-12
5.291,0.245528,-0.113107,0.235561,0.401113,0.0283611,-0.136892,0.418594,0.112939,-2.26838e-12,0.463975,-0.175963,1.19927e-11,0.101859,0.156127,0.0809083,0.0517469,-0.140859,6.81397e-12
5.292,0.245605,-0.113324,0.235473,0.40153,0.0281376,-0.137445,0.418594,0.112939,-2.26838e-12,0.463975,-0.175963,1.19927e-11,0.102136,0.156142,0.0805995,0.0517469,-0.140859,6.81397e-12
5.293,0.245683,-0.113541,0.235384,0.401932,0.0279114,-0.137983,0.418594,0.112939,-2.26838e-12,0.463975,-0.175963,1.19927e-11,0.102412,0.156157,0.0802889,0.0517469,-0.140859,6.81397e-12
5.294,0.245761,-0.113756,0.235295,0.402319,0.0276823,-0.138508,0.418594,0.112939,-2.26838e-12,0.463975,-0.175963,1.19927e-11,0.102687,0.156171,0.0799765,0.0517469,-0.140859,6.81397e-12
5.295,0.245839,-0.113971,0.235206,0.402691,0.0274503,-0.139019,0.418594,0.112939,-2.26838e-12,0.463975,-0.175963,1.19927e-11,0.10296,0.156186,0.0796623,0.0517469,-0.140859,6.81397e-12
5.296,0.245918,-0.114184,0.235116,0.403048,0.0272154,-0.139515,0.418594,0.112939,-2.26838e-12,0.463975,-0.175963,1.19927e-11,0.103231,0.1562,0.0793463,0.0517469,-0.140859,6.81397e-12
5.297,0.245996,-0.114397,0.235026,0.403389,0.0269775,-0.139998,0.418594,0.112939,-2.26838e-12,0.463975,-0.175963,1.19927e-11,0.103501,0.156215,0.0790285,0.0517469,-0.140859,6.81397e-12
5.298,0.246075,-0.114609,0.234936,0.403715,0.0267365,-0.140466,0.418594,0.112939,-2.26838e-12,0.463975,-0.175963,1.19927e-11,0.103769,0.156229,0.0787091,0.0517469,-0.140859,6.81397e-12
5.299,0.246154,-0.114819,0.234845,0.404026,0.0264924,-0.140919,0.418594,0.112939,-2.26838e-12,0.463975,-0.175963,1.19927e-11,0.104035,0.156244,0.0783879,0.0517469,-0.140859,6.81397e-12
5.3,0.246233,-0.115029,0.234754,0.404321,0.026245,-0.141357,0.418594,0.112939,-2.26838e-12,0.463975,-0.175963,1.19927e-11,0.104301,0.156258,0.078065,0.0517469,-0.140859,6.81397e-12
5.301,0.246313,-0.115238,0.234663,0.4046,0.0259945,-0.141781,0.418594,0.112939,-2.26838e-12,0.463975,-0.175963,1.19927e-11,0.104564,0.156272,0.0777405,0.0517469,-0.140859,6.81397e-12
5.302,0.246393,-0.115446,0.234571,0.404864,0.0257407,-0.142189,0.418594,0.112939,-2.26838e-12,0.463975,-0.175963,1.19927e-11,0.104826,0.156286,0.0774143,0.0517469,-0.140859,6.81397e-12
5.303,0.246473,-0.115653,0.234479,0.405112,0.0254837,-0.142583,0.418594,0.112939,-2.26838e-12,0.463975,-0.175963,1.19927e-11,0.105087,0.1563,0.0770865,0.0517469,-0.140859,6.81397e-12
5.304,0.246553,-0.115859,0.234387,0.405345,0.0252235,-0.142962,0.418594,0.112939,-2.26838e-12,0.463975,-0.175963,1.19927e-11,0.105346,0.156314,0.0767572,0.0517469,-0.140859,6.81397e-12
5.305,0.246633,-0.116064,0.234295,0.405563,0.0249602,-0.143327,0.418594,0.112939,-2.26838e-12,0.463975,-0.175963,1.19927e-11,0.105603,0.156328,0.0764262,0.0517469,-0.140859,6.81397e-12
5.306,0.246714,-0.116268,0.234202,0.405766,0.0246937,-0.143677,0.418594,0.112939,-2.26838e-12,0.463975,-0.175963,1.19927e-11,0.105859,0.156341,0.0760937,0.0517469,-0.140859,6.81397e-12
5.307,0.246795,-0.116471,0.234109,0.405954,0.0244242,-0.144013,0.418594,0.112939,-2.26838e-12,0.463975,-0.175963,1.19927e-11,0.106114,0.156355,0.0757596,0.0517469,-0.140859,6.81397e-12
5.308,0.246876,-0.116673,0.234016,0.406128,0.0241516,-0.144335,0.418594,0.112939,-2.26838e-12,0.463975,-0.175963,1.19927e-11,0.106367,0.156368,0.075424,0.0517469,-0.140859,6.81397e-12
5.309,0.246957,-0.116874,0.233923,0.406287,0.023876,-0.144642,0.418594,0.112939,-2.26838e-12,0.463975,-0.175963,1.19927e-11,0.106618,0.156382,0.075087,0.0517469,-0.140859,6.81397e-12
5.31,0.247039,-0.117074,0.233829,0.406432,0.0235974,-0.144936,0.418594,0.112939,-2.26838e-12,0.463975,-0.175963,1.19927e-11,0.106868,0.156395,0.0747484,0.0517469,-0.140859,6.81397e-12
5.311,0.24712,-0.117273,0.233735,0.406563,0.0233158,-0.145216,0.418594,0.112939,-2.26838e-12,0.463975,-0.175963,1.19927e-11,0.107117,0.156409,0.0744084,0.0517469,-0.140859,6.81397e-12
5.312,0.247202,-0.117471,0.233641,0.40668,0.0230313,-0.145482,0.418594,0.112939,-2.26838e-12,0.463975,-0.175963,1.19927e-11,0.107364,0.156422,0.074067,0.0517469,-0.140859,6.81397e-12
5.313,0.247285,-0.117668,0.233547,0.406783,0.0227438,-0.145734,0.418594,0.112939,-2.26838e-12,0.463975,-0.175963,1.19927e-11,0.107609,0.156435,0.0737242,0.0517469,-0.140859,6.81397e-12
5.314,0.247367,-0.117864,0.233453,0.406873,0.0224535,-0.145973,0.418594,0.112939,-2.26838e-12,0.463975,-0.175963,1.19927e-11,0.107853,0.156448,0.07338,0.0517469,-0.140859,6.81397e-12
5.315,0.24745,-0.11806,0.233359,0.406949,0.0221603,-0.146198,0.418594,0.112939,-2.26838e-12,0.463975,-0.175963,1.19927e-11,0.108096,0.156461,0.0730344,0.0517469,-0.140859,6.81397e-12
5.316,0.247532,-0.118254,0.233264,0.407013,0.0218642,-0.14641,0.418594,0.112939,-2.26838e-12,0.463975,-0.175963,1.19927e-11,0.108337,0.156474,0.0726875,0.0517469,-0.140859,6.81397e-12
5.317,0.247616,-0.118447,0.23317,0.407063,0.0215654,-0.146609,0.418594,0.112939,-2.26838e-12,0.463975,-0.175963,1.19927e-11,0.108577,0.156487,0.0723392,0.0517469,-0.140859,6.81397e-12
5.318,0.247699,-0.118639,0.233075,0.4071,0.0212638,-0.146794,0.418594,0.112939,-2.26838e-12,0.463975,-0.175963,1.19927e-11,0.108815,0.1565,0.0719897,0.0517469,-0.140859,6.81397e-12
5.319,0.247782,-0.11883,0.23298,0.407125,0.0209594,-0.146967,0.418594,0.112939,-2.26838e-12,0.463975,-0.175963,1.19927e-11,0.109052,0.156512,0.0716389,0.0517469,-0.140859,6.81397e-12
5.32,0.247866,-0.11902,0.232886,0.407137,0.0206523,-0.147127,0.418594,0.112939,-2.26838e-12,0.463975,-0.175963,1.19927e-11,0.109287,0.156525,0.0712868,0.0517469,-0.140859,6.81397e-12
5.321,0.24795,-0.119209,0.232791,0.407137,0.0203426,-0.147274,0.418594,0.112939,-2.26838e-12,0.463975,-0.175963,1.19927e-11,0.109521,0.156537,0.0709335,0.0517469,-0.140859,6.81397e-12
5.322,0.248034,-0.119397,0.232696,0.407125,0.0200301,-0.147408,0.418594,0.112939,-2.26838e-12,0.463975,-0.175963,1.19927e-11,0.109753,0.15655,0.0705789,0.0517469,-0.140859,6.81397e-12
5.323,0.248118,-0.119584,0.232601,0.407101,0.0197151,-0.14753,0.418594,0.112939,-2.26838e-12,0.463975,-0.175963,1.19927e-11,0.109984,0.156562,0.0702232,0.0517469,-0.140859,6.81397e-12
5.324,0.248203,-0.11977,0.232506,0.407064,0.0193974,-0.147639,0.418594,0.112939,-2.26838e-12,0.463975,-0.175963,1.19927e-11,0.110213,0.156575,0.0698663,0.0517469,-0.140859,6.81397e-12
5.325,0.248288,-0.119955,0.232411,0.407017,0.0190772,-0.147736,0.418594,0.112939,-2.26838e-12,0.463975,-0.175963,1.19927e-11,0.110442,0.156587,0.0695082,0.0517469,-0.140859,6.81397e-12
5.326,0.248373,-0.120138,0.232316,0.406957,0.0187544,-0.147821,0.418594,0.112939,-2.26838e-12,0.463975,-0.175963,1.19927e-11,0.110668,0.156599,0.0691491,0.0517469,-0.140859,6.81397e-12
5.327,0.248458,-0.120321,0.232221,0.406887,0.0184291,-0.147894,0.418594,0.112939,-2.26838e-12,0.463975,-0.175963,1.19927e-11,0.110893,0.156611,0.0687888,0.0517469,-0.140859,6.81397e-12
5.328,0.248544,-0.120503,0.232126,0.406805,0.0181013,-0.147955,0.418594,0.112939,-2.26838e-12,0.463975,-0.175963,1.19927e-11,0.111117,0.156623,0.0684274,0.0517469,-0.140859,6.81397e-12
5.329,0.248629,-0.120684,0.232031,0.406712,0.017771,-0.148003,0.418594,0.112939,-2.26838e-12,0.463975,-0.175963,1.19927e-11,0.111339,0.156635,0.0680649,0.0517469,-0.140859,6.81397e-12
5.33,0.248715,-0.120863,0.231936,0.406609,0.0174383,-0.148041,0.418594,0.112939,-2.26838e-12,0.463975,-0.175963,1.19927e-11,0.11156,0.156647,0.0677014,0.0517469,-0.140859,6.81397e-12
5.331,0.248801,-0.121042,0.231841,0.406495,0.0171032,-0.148066,0.418594,0.112939,-2.26838e-12,0.463975,-0.175963,1.19927e-11,0.11178,0.156659,0.0673369,0.0517469,-0.140859,6.81397e-12
5.332,0.248887,-0.12122,0.231747,0.40637,0.0167658,-0.14808,0.418594,0.112939,-2.26838e-12,0.463975,-0.175963,1.19927e-11,0.111998,0.15667,0.0669714,0.0517469,-0.140859,6.81397e-12
5.333,0.248974,-0.121396,0.231652,0.406236,0.016426,-0.148082,0.418594,0.112939,-2.26838e-12,0.463975,-0.175963,1.19927e-11,0.112215,0.156682,0.0666049,0.0517469,-0.140859,6.81397e-12
5.334,0.249061,-0.121572,0.231558,0.406091,0.0160838,-0.148074,0.418594,0.112939,-2.26838e-12,0.463975,-0.175963,1.19927e-11,0.11243,0.156693,0.0662374,0.0517469,-0.140859,6.81397e-12
5.335,0.249148,-0.121746,0.231463,0.405936,0.0157394,-0.148054,0.418594,0.112939,-2.26838e-12,0.463975,-0.175963,1.19927e-11,0.112644,0.156705,0.065869,0.0517469,-0.140859,6.81397e-12
5.336,0.249235,-0.121919,0.231369,0.405771,0.0153927,-0.148022,0.418594,0.112939,-2.26838e-12,0.463975,-0.175963,1.19927e-11,0.112857,0.156716,0.0654997,0.0517469,-0.140859,6.81397e-12
5.337,0.249322,-0.122092,0.231275,0.405597,0.0150438,-0.14798,0.418594,0.112939,-2.26838e-12,0.463975,-0.175963,1.19927e-11,0.113068,0.156728,0.0651295,0.0517469,-0.140859,6.81397e-12
5.338,0.24941,-0.122263,0.231181,0.405413,0.0146927,-0.147927,0.418594,0.112939,-2.26838e-12,0.463975,-0.175963,1.19927e-11,0.113277,0.156739,0.0647584,0.0517469,-0.140859,6.81397e-12
5.339,0.249497,-0.122433,0.231087,0.405221,0.0143394,-0.147863,0.418594,0.112939,-2.26838e-12,0.463975,-0.175963,1.19927e-11,0.113486,0.15675,0.0643865,0.0517469,-0.140859,6.81397e-12
5.34,0.249585,-0.122602,0.230994,0.405019,0.0139839,-0.147789,0.418594,0.112939,-2.26838e-12,0.463975,-0.175963,1.19927e-11,0.113693,0.156761,0.0640137,0.0517469,-0.140859,6.81397e-12
5.341,0.249673,-0.12277,0.2309,0.404808,0.0136264,-0.147704,0.418594,0.112939,-2.26838e-12,0.463975,-0.175963,1.19927e-11,0.113899,0.156772,0.0636401,0.0517469,-0.140859,6.81397e-12
5.342,0.249762,-0.122937,0.230807,0.404588,0.0132667,-0.147609,0.418594,0.112939,-2.26838e-12,0.463975,-0.175963,1.19927e-11,0.114103,0.156783,0.0632657,0.0517469,-0.140859,6.81397e-12
5.343,0.24985,-0.123102,0.230714,0.40436,0.012905,-0.147503,0.418594,0.112939,-2.26838e-12,0.463975,-0.175963,1.19927e-11,0.114306,0.156794,0.0628906,0.0517469,-0.140859,6.81397e-12
5.344,0.249939,-0.123267,0.230621,0.404124,0.0125412,-0.147387,0.418594,0.112939,-2.26838e-12,0.463975,-0.175963,1.19927e-11,0.114507,0.156805,0.0625147,0.0517469,-0.140859,6.81397e-12
5.345,0.250028,-0.12343,0.230529,0.403879,0.0121755,-0.147261,0.418594,0.112939,-2.26838e-12,0.463975,-0.175963,1.19927e-11,0.114708,0.156815,0.0621381,0.0517469,-0.140859,6.81397e-12
5.346,0.250117,-0.123593,0.230437,0.403626,0.0118077,-0.147125,0.418594,0.112939,-2.26838e-12,0.463975,-0.175963,1.19927e-11,0.114906,0.156826,0.0617608,0.0517469,-0.140859,6.81397e-12
5.347,0.250207,-0.123754,0.230345,0.403365,0.011438,-0.146979,0.418594,0.112939,-2.26838e-12,0.463975,-0.175963,1.19927e-11,0.115104,0.156837,0.0613828,0.0517469,-0.140859,6.81397e-12
5.348,0.250296,-0.123915,0.230253,0.403097,0.0110664,-0.146823,0.418594,0.112939,-2.26838e-12,0.463975,-0.175963,1.19927e-11,0.1153,0.156847,0.0610041,0.0517469,-0.140859,6.81397e-12
5.349,0.250386,-0.124074,0.230162,0.402821,0.0106929,-0.146658,0.418594,0.112939,-2.26838e-12,0.463975,-0.175963,1.19927e-11,0.115495,0.156858,0.0606248,0.0517469,-0.140859,6.81397e-12
5.35,0.250476,-0.124232,0.230071,0.402538,0.0103176,-0.146483,0.418594,0.112939,-2.26838e-12,0.463975,-0.175963,1.19927e-11,0.115689,0.156868,0.0602449,0.0517469,-0.140859,6.81397e-12
5.351,0.250566,-0.124389,0.22998,0.402247,0.00994039,-0.146299,0.418594,0.112939,-2.26838e-12,0.463975,-0.175963,1.19927e-11,0.115881,0.156878,0.0598644,0.0517469,-0.140859,6.81397e-12
5.352,0.250657,-0.124544,0.229889,0.40195,0.00956139,-0.146105,0.418594,0.112939,-2.26838e-12,0.463975,-0.175963,1.19927e-11,0.116072,0.156889,0.0594833,0.0517469,-0.140859,6.81397e-12
5.353,0.250747,-0.124699,0.229799,0.401646,0.00918062,-0.145902,0.418594,0.112939,-2.26838e-12,0.463975,-0.175963,1.19927e-11,0.116261,0.156899,0.0591016,0.0517469,-0.140859,6.81397e-12
5.354,0.250838,-0.124853,0.22971,0.401335,0.00879809,-0.14569,0.418594,0.112939,-2.26838e-12,0.463975,-0.175963,1.19927e-11,0.116449,0.156909,0.0587195,0.0517469,-0.140859,6.81397e-12
5.355,0.250929,-0.125005,0.22962,0.401017,0.00841385,-0.145469,0.418594,0.112939,-2.26838e-12,0.463975,-0.175963,1.19927e-11,0.116636,0.156919,0.0583368,0.0517469,-0.140859,6.81397e-12
5.356,0.251021,-0.125156,0.229531,0.400693,0.00802791,-0.14524,0.418594,0.112939,-2.26838e-12,0.463975,-0.175963,1.19927e-11,0.116822,0.156929,0.0579536,0.0517469,-0.140859,6.81397e-12
5.357,0.251112,-0.125307,0.229443,0.400363,0.00764031,-0.145001,0.418594,0.112939,-2.26838e-12,0.463975,-0.175963,1.19927e-11,0.117006,0.156939,0.0575699,0.0517469,-0.140859,6.81397e-12
5.358,0.251204,-0.125456,0.229355,0.400028,0.00725108,-0.144754,0.418594,0.112939,-2.26838e-12,0.463975,-0.175963,1.19927e-11,0.117189,0.156948,0.0571858,0.0517469,-0.140859,6.81397e-12
5.359,0.251295,-0.125604,0.229267,0.399686,0.00686023,-0.144498,0.418594,0.112939,-2.26838e-12,0.463975,-0.175963,1.19927e-11,0.117371,0.156958,0.0568013,0.0517469,-0.140859,6.81397e-12
5.36,0.251387,-0.12575,0.22918,0.399338,0.00646782,-0.144234,0.418594,0.112939,-2.26838e-12,0.463975,-0.175963,1.19927e-11,0.117551,0.156968,0.0564164,0.0517469,-0.140859,6.81397e-12
5.361,0.25148,-0.125896,0.229093,0.398985,0.00607385,-0.143962,0.418594,0.112939,-2.26838e-12,0.463975,-0.175963,1.19927e-11,0.11773,0.156978,0.0560311,0.0517469,-0.140859,6.81397e-12
5.362,0.251572,-0.12604,0.229006,0.398627,0.00567836,-0.143681,0.418594,0.112939,-2.26838e-12,0.463975,-0.175963,1.19927e-11,0.117908,0.156987,0.0556454,0.0517469,-0.140859,6.81397e-12
5.363,0.251665,-0.126184,0.228921,0.398264,0.00528138,-0.143392,0.418594,0.112939,-2.26838e-12,0.463975,-0.175963,1.19927e-11,0.118085,0.156996,0.0552594,0.0517469,-0.140859,6.81397e-12
5.364,0.251757,-0.126326,0.228835,0.397896,0.00488293,-0.143095,0.418594,0.112939,-2.26838e-12,0.463975,-0.175963,1.19927e-11,0.11826,0.157006,0.054873,0.0517469,-0.140859,6.81397e-12
5.365,0.25185,-0.126467,0.22875,0.397523,0.00448305,-0.142791,0.418594,0.112939,-2.26838e-12,0.463975,-0.175963,1.19927e-11,0.118434,0.157015,0.0544864,0.0517469,-0.140859,6.81397e-12
5.366,0.251944,-0.126607,0.228666,0.397145,0.00408176,-0.142478,0.418594,0.112939,-2.26838e-12,0.463975,-0.175963,1.19927e-11,0.118607,0.157024,0.0540995,0.0517469,-0.140859,6.81397e-12
5.367,0.252037,-0.126745,0.228582,0.396763,0.0036791,-0.142158,0.418594,0.112939,-2.26838e-12,0.463975,-0.175963,1.19927e-11,0.118778,0.157034,0.0537123,0.0517469,-0.140859,6.81397e-12
5.368,0.252131,-0.126883,0.228499,0.396376,0.00327508,-0.141831,0.418594,0.112939,-2.26838e-12,0.463975,-0.175963,1.19927e-11,0.118949,0.157043,0.0533249,0.0517469,-0.140859,6.81397e-12
5.369,0.252224,-0.127019,0.228416,0.395986,0.00286975,-0.141495,0.418594,0.112939,-2.26838e-12,0.463975,-0.175963,1.19927e-11,0.119118,0.157052,0.0529373,0.0517469,-0.140859,6.81397e-12
5.37,0.252318,-0.127154,0.228334,0.395592,0.00246312,-0.141153,0.418594,0.112939,-2.26838e-12,0.463975,-0.175963,1.19927e-11,0.119285,0.157061,0.0525495,0.0517469,-0.140859,6.81397e-12
5.371,0.252413,-0.127288,0.228252,0.395193,0.00205522,-0.140804,0.418594,0.112939,-2.26838e-12,0.463975,-0.175963,1.19927e-11,0.119452,0.15707,0.0521615,0.0517469,-0.140859,6.81397e-12
5.372,0.252507,-0.127421,0.228171,0.394792,0.00164609,-0.140447,0.418594,0.112939,-2.26838e-12,0.463975,-0.175963,1.19927e-11,0.119617,0.157079,0.0517734,0.0517469,-0.140859,6.81397e-12
5.373,0.252602,-0.127553,0.22809,0.394387,0.00123576,-0.140083,0.418594,0.112939,-2.26838e-12,0.463975,-0.175963,1.19927e-11,0.119781,0.157087,0.0513851,0.0517469,-0.140859,6.81397e-12
5.374,0.252696,-0.127683,0.228011,0.393978,0.000824241,-0.139713,0.418594,0.112939,-2.26838e-12,0.463975,-0.175963,1.19927e-11,0.119944,0.157096,0.0509968,0.0517469,-0.140859,6.81397e-12
5.375,0.252791,-0.127812,0.227931,0.393567,0.000411575,-0.139336,0.418594,0.112939,1.10918e-06,0.463975,-0.175963,1.19927e-11,0.120105,0.157105,0.0506083,0.0517469,-0.140859,6.81397e-12
5.376,0.252886,-0.12794,0.227853,0.393152,-2.213e-06,-0.138952,0.418595,0.112939,6.04208e-06,0.463975,-0.175963,1.19927e-11,0.120266,0.157113,0.0502198,0.0517469,-0.140859,6.81397e-12
5.377,0.252982,-0.128067,0.227775,0.392735,-0.000417094,-0.138561,0.418596,0.11294,1.49034e-05,0.463975,-0.175963,1.19927e-11,0.120425,0.157122,0.0498312,0.0517469,-0.140859,6.81397e-12
5.378,0.253077,-0.128193,0.227698,0.392316,-0.00083304,-0.138164,0.418597,0.11294,2.76723e-05,0.463975,-0.175963,1.19927e-11,0.120583,0.15713,0.0494427,0.0517469,-0.140859,6.81397e-12
5.379,0.253173,-0.128317,0.227621,0.391894,-0.00125002,-0.137761,0.418599,0.11294,4.43281e-05,0.463975,-0.175963,1.19927e-11,0.120739,0.157139,0.0490541,0.0517469,-0.140859,6.81397e-12
5.38,0.253269,-0.12844,0.227545,0.391469,-0.00166801,-0.137352,0.418601,0.11294,6.485e-05,0.463975,-0.175963,1.19927e-11,0.120895,0.157147,0.0486655,0.0517469,-0.140859,6.81397e-12
5.381,0.253365,-0.128563,0.22747,0.391043,-0.00208698,-0.136936,0.418604,0.11294,8.92171e-05,0.463975,-0.175963,1.19927e-11,0.121049,0.157155,0.048277,0.0517469,-0.140859,6.81397e-12
5.382,0.253461,-0.128683,0.227395,0.390615,-0.0025069,-0.136515,0.418607,0.11294,0.000117409,0.463975,-0.175963,1.19927e-11,0.121202,0.157164,0.0478886,0.0517469,-0.140859,6.81397e-12
5.383,0.253558,-0.128803,0.227322,0.390185,-0.00292774,-0.136087,0.418611,0.11294,0.000149404,0.463975,-0.175963,1.19927e-11,0.121354,0.157172,0.0475002,0.0517469,-0.140859,6.81397e-12
5.384,0.253654,-0.128921,0.227249,0.389754,-0.00334948,-0.135654,0.418615,0.11294,0.000185183,0.463975,-0.175963,1.19927e-11,0.121505,0.15718,0.047112,0.0517469,-0.140859,6.81397e-12
5.385,0.253751,-0.129039,0.227176,0.389321,-0.00377208,-0.135215,0.41862,0.11294,0.000224723,0.463975,-0.175963,1.19927e-11,0.121654,0.157188,0.0467238,0.0517469,-0.140859,6.81397e-12
5.386,0.253848,-0.129154,0.227105,0.388887,-0.00419552,-0.134771,0.418625,0.11294,0.000268006,0.463975,-0.175963,1.19927e-11,0.121802,0.157196,0.0463359,0.0517469,-0.140859,6.81397e-12
5.387,0.253946,-0.129269,0.227034,0.388452,-0.00461977,-0.134321,0.41863,0.112941,0.000315008,0.463975,-0.175963,1.19927e-11,0.121949,0.157204,0.045948,0.0517469,-0.140859,6.81397e-12
5.388,0.254043,-0.129383,0.226964,0.388017,-0.00504479,-0.133866,0.418636,0.112941,0.000365711,0.463975,-0.175963,1.19927e-11,0.122095,0.157211,0.0455604,0.0517469,-0.140859,6.81397e-12
5.389,0.254141,-0.129495,0.226895,0.38758,-0.00547057,-0.133406,0.418643,0.112941,0.000420093,0.463975,-0.175963,1.19927e-11,0.12224,0.157219,0.045173,0.0517469,-0.140859,6.81397e-12
5.39,0.254238,-0.129606,0.226827,0.387143,-0.00589707,-0.132941,0.41865,0.112941,0.000478133,0.463975,-0.175963,1.19927e-11,0.122384,0.157227,0.0447859,0.0517469,-0.140859,6.81397e-12
5.391,0.254336,-0.129716,0.226759,0.386706,-0.00632426,-0.13247,0.418657,0.112942,0.000539811,0.463975,-0.175963,1.19927e-11,0.122526,0.157235,0.044399,0.0517469,-0.140859,6.81397e-12
5.392,0.254434,-0.129824,0.226693,0.386269,-0.00675213,-0.131995,0.418665,0.112942,0.000605106,0.463975,-0.175963,1.19927e-11,0.122667,0.157242,0.0440123,0.0517469,-0.140859,6.81397e-12
5.393,0.254533,-0.129932,0.226627,0.385831,-0.00718062,-0.131515,0.418674,0.112942,0.000673996,0.463975,-0.175963,1.19927e-11,0.122807,0.15725,0.043626,0.0517469,-0.140859,6.81397e-12
5.394,0.254631,-0.130038,0.226562,0.385394,-0.00760973,-0.131031,0.418682,0.112942,0.000746462,0.463975,-0.175963,1.19927e-11,0.122946,0.157257,0.04324,0.0517469,-0.140859,6.81397e-12
5.395,0.25473,-0.130143,0.226498,0.384958,-0.00803942,-0.130542,0.418692,0.112943,0.000822483,0.463975,-0.175963,1.19927e-11,0.123084,0.157264,0.0428543,0.0517469,-0.140859,6.81397e-12
5.396,0.254829,-0.130246,0.226435,0.384521,-0.00846966,-0.130048,0.418702,0.112943,0.000902037,0.463975,-0.175963,1.19927e-11,0.123221,0.157272,0.042469,0.0517469,-0.140859,6.81397e-12
5.397,0.254928,-0.130348,0.226373,0.384086,-0.00890042,-0.12955,0.418712,0.112943,0.000985104,0.463975,-0.175963,1.19927e-11,0.123356,0.157279,0.0420841,0.0517469,-0.140859,6.81397e-12
5.398,0.255027,-0.130449,0.226311,0.383651,-0.00933167,-0.129048,0.418723,0.112944,0.00107166,0.463975,-0.175963,1.19927e-11,0.123491,0.157286,0.0416995,0.0517469,-0.140859,6.81397e-12
5.399,0.255127,-0.130549,0.226251,0.383218,-0.0097634,-0.128542,0.418735,0.112944,0.00116169,0.463975,-0.175963,1.19927e-11,0.123624,0.157293,0.0413155,0.0517469,-0.140859,6.81397e-12
5.4,0.255226,-0.130648,0.226191,0.382785,-0.0101956,-0.128032,0.418747,0.112945,0.00125518,0.463975,-0.175963,1.19927e-11,0.123756,0.1573,0.0409318,0.0517469,-0.140859,6.81397e-12
5.401,0.255326,-0.130745,0.226133,0.382354,-0.0106281,-0.127518,0.41876,0.112945,0.00135209,0.463975,-0.175963,1.19927e-11,0.123887,0.157307,0.0405486,0.0517469,-0.140859,6.81397e-12
5.402,0.255426,-0.130841,0.226075,0.381925,-0.0110611,-0.127,0.418773,0.112945,0.00145241,0.463975,-0.175963,1.19927e-11,0.124017,0.157314,0.0401659,0.0517469,-0.140859,6.81397e-12
5.403,0.255526,-0.130936,0.226019,0.381497,-0.0114943,-0.126479,0.418786,0.112946,0.00155612,0.463975,-0.175963,1.19927e-11,0.124146,0.157321,0.0397838,0.0517469,-0.140859,6.81397e-12
5.404,0.255627,-0.131029,0.225963,0.381071,-0.0119278,-0.125954,0.4188,0.112946,0.00166319,0.463975,-0.175963,1.19927e-11,0.124273,0.157328,0.0394021,0.0517469,-0.140859,6.81397e-12
5.405,0.255727,-0.131121,0.225908,0.380646,-0.0123616,-0.125426,0.418815,0.112947,0.00177361,0.463975,-0.175963,1.19927e-11,0.1244,0.157335,0.039021,0.0517469,-0.140859,6.81397e-12
5.406,0.255828,-0.131212,0.225855,0.380224,-0.0127956,-0.124895,0.41883,0.112947,0.00188736,0.463975,-0.175963,1.19927e-11,0.124525,0.157342,0.0386405,0.0517469,-0.140859,6.81397e-12
5.407,0.255929,-0.131302,0.225802,0.379803,-0.0132297,-0.12436,0.418846,0.112948,0.00200442,0.463975,-0.175963,1.19927e-11,0.124649,0.157348,0.0382606,0.0517469,-0.140859,6.81397e-12
5.408,0.25603,-0.13139,0.22575,0.379385,-0.0136639,-0.123823,0.418863,0.112948,0.00212476,0.463975,-0.175963,1.19927e-11,0.124773,0.157355,0.0378813,0.0517469,-0.140859,6.81397e-12
5.409,0.256131,-0.131477,0.2257,0.378969,-0.0140981,-0.123284,0.41888,0.112949,0.00224836,0.463975,-0.175963,1.19927e-11,0.124895,0.157361,0.0375027,0.0517469,-0.140859,6.81397e-12
5.41,0.256233,-0.131563,0.22565,0.378555,-0.0145324,-0.122741,0.418897,0.11295,0.0023752,0.463975,-0.175963,1.19927e-11,0.125016,0.157368,0.0371247,0.0517469,-0.140859,6.81397e-12
5.411,0.256334,-0.131647,0.225601,0.378143,-0.0149666,-0.122196,0.418915,0.11295,0.00250527,0.463975,-0.175963,1.19927e-11,0.125136,0.157374,0.0367474,0.0517469,-0.140859,6.81397e-12
5.412,0.256436,-0.131731,0.225553,0.377734,-0.0154008,-0.121649,0.418934,0.112951,0.00263854,0.463975,-0.175963,1.19927e-11,0.125255,0.157381,0.0363708,0.0517469,-0.140859,6.81397e-12
5.413,0.256538,-0.131813,0.225507,0.377328,-0.0158348,-0.1211,0.418953,0.112951,0.00277499,0.463975,-0.175963,1.19927e-11,0.125373,0.157387,0.0359949,0.0517469,-0.140859,6.81397e-12
5.414,0.25664,-0.131893,0.225461,0.376924,-0.0162687,-0.120549,0.418973,0.112952,0.0029146,0.463975,-0.175963,1.19927e-11,0.125489,0.157393,0.0356198,0.0517469,-0.140859,6.81397e-12
5.415,0.256743,-0.131973,0.225416,0.376524,-0.0167023,-0.119996,0.418993,0.112953,0.00305735,0.463975,-0.175963,1.19927e-11,0.125605,0.1574,0.0352454,0.0517469,-0.140859,6.81397e-12
5.416,0.256845,-0.132051,0.225372,0.376126,-0.0171357,-0.119441,0.419014,0.112954,0.00320321,0.463975,-0.175963,1.19927e-11,0.12572,0.157406,0.0348718,0.0517469,-0.140859,6.81397e-12
5.417,0.256948,-0.132128,0.225329,0.375731,-0.0175688,-0.118884,0.419036,0.112954,0.00335218,0.463975,-0.175963,1.19927e-11,0.125833,0.157412,0.0344991,0.0517469,-0.140859,6.81397e-12
5.418,0.257051,-0.132203,0.225288,0.375339,-0.0180016,-0.118327,0.419058,0.112955,0.00350422,0.463975,-0.175963,1.19927e-11,0.125946,0.157418,0.0341271,0.0517469,-0.140859,6.81397e-12
5.419,0.257155,-0.132277,0.225247,0.37495,-0.018434,-0.117767,0.419081,0.112956,0.00365932,0.463975,-0.175963,1.19927e-11,0.126057,0.157424,0.0337561,0.0517469,-0.140859,6.81397e-12
5.42,0.257258,-0.132351,0.225207,0.374565,-0.0188659,-0.117207,0.419104,0.112957,0.00381745,0.463975,-0.175963,1.19927e-11,0.126168,0.15743,0.0333859,0.0517469,-0.140859,6.81397e-12
5.421,0.257362,-0.132422,0.225169,0.374183,-0.0192974,-0.116646,0.419128,0.112957,0.00397859,0.463975,-0.175963,1.19927e-11,0.126277,0.157436,0.0330165,0.0517469,-0.140859,6.81397e-12
5.422,0.257466,-0.132493,0.225131,0.373805,-0.0197284,-0.116084,0.419153,0.112958,0.00414273,0.463975,-0.175963,1.19927e-11,0.126385,0.157441,0.0326482,0.0517469,-0.140859,6.81397e-12
5.423,0.25757,-0.132562,0.225094,0.37343,-0.0201588,-0.115521,0.419178,0.112959,0.00430985,0.463975,-0.175963,1.19927e-11,0.126493,0.157447,0.0322807,0.0517469,-0.140859,6.81397e-12
5.424,0.257674,-0.13263,0.225059,0.37306,-0.0205885,-0.114957,0.419204,0.11296,0.00447991,0.463975,-0.175963,1.19927e-11,0.126599,0.157453,0.0319142,0.0517469,-0.140859,6.81397e-12
5.425,0.257778,-0.132696,0.225024,0.372692,-0.0210177,-0.114394,0.419231,0.112961,0.00465291,0.463975,-0.175963,1.19927e-11,0.126704,0.157458,0.0315487,0.0517469,-0.140859,6.81397e-12
5.426,0.257883,-0.132762,0.224991,0.372329,-0.0214461,-0.113829,0.419258,0.112962,0.00482882,0.463975,-0.175963,1.19927e-11,0.126808,0.157464,0.0311842,0.0517469,-0.140859,6.81397e-12
5.427,0.257988,-0.132826,0.224958,0.37197,-0.0218738,-0.113265,0.419285,0.112963,0.00500761,0.463975,-0.175963,1.19927e-11,0.126911,0.15747,0.0308207,0.0517469,-0.140859,6.81397e-12
5.428,0.258093,-0.132889,0.224927,0.371615,-0.0223008,-0.112701,0.419314,0.112964,0.00518928,0.463975,-0.175963,1.19927e-11,0.127014,0.157475,0.0304583,0.0517469,-0.140859,6.81397e-12
5.429,0.258199,-0.13295,0.224896,0.371264,-0.0227268,-0.112137,0.419343,0.112965,0.00537379,0.463975,-0.175963,1.19927e-11,0.127115,0.15748,0.0300969,0.0517469,-0.140859,6.81397e-12
5.43,0.258304,-0.13301,0.224867,0.370918,-0.0231521,-0.111573,0.419373,0.112966,0.00556113,0.463975,-0.175963,1.19927e-11,0.127215,0.157486,0.0297366,0.0517469,-0.140859,6.81397e-12
5.431,0.25841,-0.133069,0.224839,0.370576,-0.0235764,-0.111009,0.419403,0.112967,0.00575128,0.463975,-0.175963,1.19927e-11,0.127314,0.157491,0.0293775,0.0517469,-0.140859,6.81397e-12
5.432,0.258516,-0.133127,0.224811,0.370238,-0.0239997,-0.110447,0.419434,0.112968,0.00594422,0.463975,-0.175963,1.19927e-11,0.127412,0.157496,0.0290194,0.0517469,-0.140859,6.81397e-12
5.433,0.258622,-0.133183,0.224785,0.369906,-0.0244221,-0.109885,0.419465,0.112969,0.00613992,0.463975,-0.175963,1.19927e-11,0.12751,0.157502,0.0286625,0.0517469,-0.140859,6.81397e-12
5.434,0.258729,-0.133238,0.22476,0.369578,-0.0248433,-0.109323,0.419498,0.11297,0.00633836,0.463975,-0.175963,1.19927e-11,0.127606,0.157507,0.0283068,0.0517469,-0.140859,6.81397e-12
5.435,0.258835,-0.133292,0.224736,0.369254,-0.0252635,-0.108763,0.419531,0.112971,0.00653953,0.463975,-0.175963,1.19927e-11,0.127701,0.157512,0.0279523,0.0517469,-0.140859,6.81397e-12
5.436,0.258942,-0.133345,0.224713,0.368936,-0.0256826,-0.108204,0.419564,0.112972,0.0067434,0.463975,-0.175963,1.19927e-11,0.127795,0.157517,0.027599,0.0517469,-0.140859,6.81397e-12
5.437,0.259049,-0.133396,0.224691,0.368623,-0.0261005,-0.107646,0.419599,0.112973,0.00694995,0.463975,-0.175963,1.19927e-11,0.127888,0.157522,0.0272469,0.0517469,-0.140859,6.81397e-12
5.438,0.259157,-0.133446,0.224671,0.368315,-0.0265171,-0.10709,0.419634,0.112974,0.00715916,0.463975,-0.175963,1.19927e-11,0.127981,0.157527,0.0268961,0.0517469,-0.140859,6.81397e-12
5.439,0.259264,-0.133495,0.224651,0.368012,-0.0269325,-0.106535,0.419669,0.112975,0.00737102,0.463975,-0.175963,1.19927e-11,0.128072,0.157532,0.0265466,0.0517469,-0.140859,6.81397e-12
5.44,0.259372,-0.133542,0.224632,0.367714,-0.0273466,-0.105982,0.419706,0.112977,0.00758549,0.463975,-0.175963,1.19927e-11,0.128162,0.157537,0.0261983,0.0517469,-0.140859,6.81397e-12
5.441,0.25948,-0.133588,0.224615,0.367422,-0.0277593,-0.105431,0.419743,0.112978,0.00780257,0.463975,-0.175963,1.19927e-11,0.128252,0.157541,0.0258514,0.0517469,-0.140859,6.81397e-12
5.442,0.259588,-0.133633,0.224598,0.367136,-0.0281706,-0.104882,0.419781,0.112979,0.00802222,0.463975,-0.175963,1.19927e-11,0.12834,0.157546,0.0255059,0.0517469,-0.140859,6.81397e-12
5.443,0.259697,-0.133676,0.224583,0.366855,-0.0285805,-0.104334,0.419819,0.11298,0.00824443,0.463975,-0.175963,1.19927e-11,0.128428,0.157551,0.0251617,0.0517469,-0.140859,6.81397e-12
5.444,0.259805,-0.133719,0.224569,0.36658,-0.0289889,-0.10379,0.419858,0.112982,0.00846917,0.463975,-0.175963,1.19927e-11,0.128514,0.157555,0.0248189,0.0517469,-0.140859,6.81397e-12
5.445,0.259914,-0.13376,0.224555,0.366311,-0.0293957,-0.103247,0.419898,0.112983,0.00869643,0.463975,-0.175963,1.19927e-11,0.1286,0.15756,0.0244775,0.0517469,-0.140859,6.81397e-12
5.446,0.260024,-0.133799,0.224543,0.366047,-0.029801,-0.102708,0.419938,0.112984,0.00892619,0.463975,-0.175963,1.19927e-11,0.128684,0.157565,0.0241375,0.0517469,-0.140859,6.81397e-12
5.447,0.260133,-0.133838,0.224533,0.36579,-0.0302046,-0.102171,0.41998,0.112986,0.00915842,0.463975,-0.175963,1.19927e-11,0.128768,0.157569,0.023799,0.0517469,-0.140859,6.81397e-12
5.448,0.260243,-0.133875,0.224523,0.365539,-0.0306066,-0.101637,0.420022,0.112987,0.0093931,0.463975,-0.175963,1.19927e-11,0.128851,0.157574,0.0234619,0.0517469,-0.140859,6.81397e-12
5.449,0.260353,-0.13391,0.224514,0.365294,-0.0310069,-0.101105,0.420064,0.112989,0.00963022,0.463975,-0.175963,1.19927e-11,0.128933,0.157578,0.0231264,0.0517469,-0.140859,6.81397e-12
5.45,0.260463,-0.133945,0.224506,0.365056,-0.0314054,-0.100578,0.420108,0.11299,0.00986975,0.463975,-0.175963,1.19927e-11,0.129014,0.157582,0.0227923,0.0517469,-0.140859,6.81397e-12
5.451,0.260573,-0.133978,0.2245,0.364824,-0.0318021,-0.100053,0.420152,0.112992,0.0101117,0.463975,-0.175963,1.19927e-11,0.129094,0.157587,0.0224598,0.0517469,-0.140859,6.81397e-12
5.452,0.260684,-0.13401,0.224495,0.364599,-0.0321969,-0.0995317,0.420197,0.112993,0.010356,0.463975,-0.175963,1.19927e-11,0.129173,0.157591,0.0221289,0.0517469,-0.140859,6.81397e-12
5.453,0.260795,-0.134041,0.22449,0.36438,-0.0325899,-0.099014,0.420243,0.112995,0.0106026,0.463975,-0.175963,1.19927e-11,0.129251,0.157595,0.0217995,0.0517469,-0.140859,6.81397e-12
5.454,0.260906,-0.13407,0.224487,0.364168,-0.0329809,-0.0985002,0.420289,0.112996,0.0108516,0.463975,-0.175963,1.19927e-11,0.129328,0.157599,0.0214717,0.0517469,-0.140859,6.81397e-12
5.455,0.261017,-0.134098,0.224485,0.363963,-0.03337,-0.0979901,0.420336,0.112998,0.0111028,0.463975,-0.175963,1.19927e-11,0.129404,0.157603,0.0211456,0.0517469,-0.140859,6.81397e-12
5.456,0.261129,-0.134125,0.224485,0.363765,-0.0337571,-0.0974841,0.420384,0.112999,0.0113564,0.463975,-0.175963,1.19927e-11,0.12948,0.157607,0.0208211,0.0517469,-0.140859,6.81397e-12
5.457,0.261241,-0.13415,0.224485,0.363574,-0.034142,-0.0969823,0.420433,0.113001,0.0116122,0.463975,-0.175963,1.19927e-11,0.129554,0.157611,0.0204982,0.0517469,-0.140859,6.81397e-12
5.458,0.261353,-0.134174,0.224486,0.36339,-0.0345249,-0.0964848,0.420482,0.113003,0.0118703,0.463975,-0.175963,1.19927e-11,0.129628,0.157615,0.0201771,0.0517469,-0.140859,6.81397e-12
5.459,0.261465,-0.134197,0.224489,0.363213,-0.0349056,-0.0959917,0.420532,0.113004,0.0121306,0.463975,-0.175963,1.19927e-11,0.129701,0.157619,0.0198576,0.0517469,-0.140859,6.81397e-12
5.46,0.261578,-0.134219,0.224493,0.363044,-0.0352842,-0.0955032,0.420583,0.113006,0.0123931,0.463975,-0.175963,1.19927e-11,0.129773,0.157623,0.0195399,0.0517469,-0.140859,6.81397e-12
5.461,0.26169,-0.134239,0.224498,0.362882,-0.0356604,-0.0950194,0.420635,0.113008,0.0126578,0.463975,-0.175963,1.19927e-11,0.129844,0.157627,0.019224,0.0517469,-0.140859,6.81397e-12
5.462,0.261804,-0.134258,0.224504,0.362728,-0.0360344,-0.0945405,0.420687,0.11301,0.0129247,0.463975,-0.175963,1.19927e-11,0.129914,0.15763,0.0189098,0.0517469,-0.140859,6.81397e-12
5.463,0.261917,-0.134275,0.224511,0.362582,-0.0364061,-0.0940667,0.420741,0.113011,0.0131937,0.463975,-0.175963,1.19927e-11,0.129983,0.157634,0.0185973,0.0517469,-0.140859,6.81397e-12
5.464,0.262031,-0.134292,0.22452,0.362443,-0.0367754,-0.093598,0.420795,0.113013,0.0134648,0.463975,-0.175963,1.19927e-11,0.130052,0.157638,0.0182868,0.0517469,-0.140859,6.81397e-12
5.465,0.262145,-0.134307,0.224529,0.362312,-0.0371423,-0.0931346,0.420849,0.113015,0.013738,0.463975,-0.175963,1.19927e-11,0.130119,0.157641,0.017978,0.0517469,-0.140859,6.81397e-12
5.466,0.262259,-0.134321,0.22454,0.362189,-0.0375067,-0.0926766,0.420905,0.113017,0.0140133,0.463975,-0.175963,1.19927e-11,0.130186,0.157645,0.0176711,0.0517469,-0.140859,6.81397e-12
5.467,0.262373,-0.134333,0.224552,0.362075,-0.0378686,-0.0922243,0.420961,0.113019,0.0142907,0.463975,-0.175963,1.19927e-11,0.130252,0.157649,0.0173661,0.0517469,-0.140859,6.81397e-12
5.468,0.262488,-0.134344,0.224565,0.361968,-0.0382279,-0.0917777,0.421019,0.113021,0.0145701,0.463975,-0.175963,1.19927e-11,0.130317,0.157652,0.0170629,0.0517469,-0.140859,6.81397e-12
5.469,0.262603,-0.134354,0.22458,0.36187,-0.0385847,-0.0913369,0.421077,0.113023,0.0148515,0.463975,-0.175963,1.19927e-11,0.130381,0.157656,0.0167617,0.0517469,-0.140859,6.81397e-12
5.47,0.262718,-0.134363,0.224595,0.36178,-0.0389388,-0.0909022,0.421135,0.113025,0.0151349,0.463975,-0.175963,1.19927e-11,0.130444,0.157659,0.0164625,0.0517469,-0.140859,6.81397e-12
5.471,0.262833,-0.13437,0.224612,0.361699,-0.0392903,-0.0904737,0.421195,0.113027,0.0154203,0.463975,-0.175963,1.19927e-11,0.130507,0.157662,0.0161652,0.0517469,-0.140859,6.81397e-12
5.472,0.262949,-0.134376,0.22463,0.361626,-0.039639,-0.0900515,0.421255,0.113029,0.0157076,0.463975,-0.175963,1.19927e-11,0.130568,0.157666,0.0158698,0.0517469,-0.140859,6.81397e-12
5.473,0.263065,-0.134381,0.224649,0.361562,-0.0399849,-0.0896357,0.421317,0.113031,0.0159969,0.463975,-0.175963,1.19927e-11,0.130629,0.157669,0.0155765,0.0517469,-0.140859,6.81397e-12
5.474,0.263182,-0.134384,0.224669,0.361507,-0.040328,-0.0892265,0.421379,0.113033,0.0162881,0.463975,-0.175963,1.19927e-11,0.130689,0.157672,0.0152852,0.0517469,-0.140859,6.81397e-12
5.475,0.263298,-0.134386,0.224691,0.36146,-0.0406683,-0.0888241,0.421442,0.113035,0.0165811,0.463975,-0.175963,1.19927e-11,0.130748,0.157675,0.014996,0.0517469,-0.140859,6.81397e-12
5.476,0.263415,-0.134387,0.224713,0.361423,-0.0410057,-0.0884285,0.421505,0.113037,0.0168761,0.463975,-0.175963,1.19927e-11,0.130807,0.157678,0.0147088,0.0517469,-0.140859,6.81397e-12
5.477,0.263532,-0.134386,0.224737,0.361395,-0.0413401,-0.08804,0.42157,0.113039,0.0171729,0.463975,-0.175963,1.19927e-11,0.130864,0.157681,0.0144237,0.0517469,-0.140859,6.81397e-12
5.478,0.263649,-0.134384,0.224762,0.361376,-0.0416715,-0.0876587,0.421635,0.113041,0.0174715,0.463975,-0.175963,1.19927e-11,0.130921,0.157684,0.0141408,0.0517469,-0.140859,6.81397e-12
5.479,0.263767,-0.134381,0.224789,0.361366,-0.0419999,-0.0872846,0.421702,0.113044,0.017772,0.463975,-0.175963,1.19927e-11,0.130977,0.157687,0.0138599,0.0517469,-0.140859,6.81397e-12
5.48,0.263885,-0.134377,0.224816,0.361366,-0.0423252,-0.0869181,0.421769,0.113046,0.0180742,0.463975,-0.175963,1.19927e-11,0.131032,0.15769,0.0135813,0.0517469,-0.140859,6.81397e-12
5.481,0.264003,-0.134371,0.224845,0.361375,-0.0426474,-0.0865591,0.421837,0.113048,0.0183782,0.463975,-0.175963,1.19927e-11,0.131086,0.157693,0.0133048,0.0517469,-0.140859,6.81397e-12
5.482,0.264122,-0.134364,0.224875,0.361394,-0.0429664,-0.0862079,0.421905,0.11305,0.0186839,0.463975,-0.175963,1.19927e-11,0.13114,0.157696,0.0130305,0.0517469,-0.140859,6.81397e-12
5.483,0.264241,-0.134355,0.224906,0.361422,-0.0432822,-0.0858645,0.421975,0.113053,0.0189914,0.463975,-0.175963,1.19927e-11,0.131192,0.157699,0.0127584,0.0517469,-0.140859,6.81397e-12
5.484,0.26436,-0.134346,0.224939,0.36146,-0.0435947,-0.0855292,0.422046,0.113055,0.0193006,0.463975,-0.175963,1.19927e-11,0.131244,0.157702,0.0124885,0.0517469,-0.140859,6.81397e-12
5.485,0.264479,-0.134335,0.224973,0.361509,-0.0439039,-0.0852021,0.422117,0.113057,0.0196115,0.463975,-0.175963,1.19927e-11,0.131295,0.157705,0.0122209,0.0517469,-0.140859,6.81397e-12
5.486,0.264599,-0.134323,0.225008,0.361567,-0.0442098,-0.0848833,0.422189,0.11306,0.019924,0.463975,-0.175963,1.19927e-11,0.131346,0.157707,0.0119556,0.0517469,-0.140859,6.81397e-12
5.487,0.264719,-0.134309,0.225044,0.361635,-0.0445123,-0.0845729,0.422262,0.113062,0.0202382,0.463975,-0.175963,1.19927e-11,0.131395,0.15771,0.0116926,0.0517469,-0.140859,6.81397e-12
5.488,0.264839,-0.134294,0.225081,0.361714,-0.0448114,-0.0842712,0.422336,0.113065,0.0205539,0.463975,-0.175963,1.19927e-11,0.131444,0.157713,0.011432,0.0517469,-0.140859,6.81397e-12
5.489,0.264959,-0.134278,0.22512,0.361803,-0.045107,-0.0839782,0.422411,0.113067,0.0208713,0.463975,-0.175963,1.19927e-11,0.131492,0.157715,0.0111736,0.0517469,-0.140859,6.81397e-12
5.49,0.26508,-0.13426,0.22516,0.361902,-0.045399,-0.0836941,0.422487,0.11307,0.0211903,0.463975,-0.175963,1.19927e-11,0.13154,0.157718,0.0109177,0.0517469,-0.140859,6.81397e-12
5.491,0.265201,-0.134241,0.225201,0.362012,-0.0456875,-0.083419,0.422564,0.113072,0.0215109,0.463975,-0.175963,1.19927e-11,0.131586,0.15772,0.0106641,0.0517469,-0.140859,6.81397e-12
5.492,0.265322,-0.134221,0.225244,0.362132,-0.0459724,-0.0831531,0.422641,0.113075,0.0218329,0.463975,-0.175963,1.19927e-11,0.131632,0.157723,0.010413,0.0517469,-0.140859,6.81397e-12
5.493,0.265444,-0.1342,0.225287,0.362263,-0.0462537,-0.0828965,0.42272,0.113078,0.0221565,0.463975,-0.175963,1.19927e-11,0.131677,0.157725,0.0101642,0.0517469,-0.140859,6.81397e-12
5.494,0.265566,-0.134177,0.225332,0.362405,-0.0465312,-0.0826494,0.422799,0.11308,0.0224816,0.463975,-0.175963,1.19927e-11,0.131721,0.157727,0.00991795,0.0517469,-0.140859,6.81397e-12
5.495,0.265688,-0.134153,0.225379,0.362558,-0.046805,-0.0824119,0.422879,0.113083,0.0228082,0.463975,-0.175963,1.19927e-11,0.131765,0.15773,0.00967415,0.0517469,-0.140859,6.81397e-12
5.496,0.265811,-0.134128,0.225426,0.362722,-0.047075,-0.0821842,0.422961,0.113086,0.0231362,0.463975,-0.175963,1.19927e-11,0.131808,0.157732,0.00943285,0.0517469,-0.140859,6.81397e-12
5.497,0.265934,-0.134101,0.225475,0.362897,-0.0473412,-0.0819664,0.423043,0.113088,0.0234657,0.463975,-0.175963,1.19927e-11,0.13185,0.157734,0.00919406,0.0517469,-0.140859,6.81397e-12
5.498,0.266057,-0.134073,0.225525,0.363084,-0.0476035,-0.0817586,0.423126,0.113091,0.0237966,0.463975,-0.175963,1.19927e-11,0.131891,0.157736,0.00895782,0.0517469,-0.140859,6.81397e-12
5.499,0.26618,-0.134044,0.225577,0.363281,-0.0478618,-0.0815609,0.42321,0.113094,0.0241288,0.463975,-0.175963,1.19927e-11,0.131932,0.157739,0.00872413,0.0517469,-0.140859,6.81397e-12
5.5,0.266304,-0.134013,0.225629,0.36349,-0.0481162,-0.0813736,0.423294,0.113097,0.0244625,0.463975,-0.175963,1.19927e-11,0.131972,0.157741,0.00849303,0.0517469,-0.140859,6.81397e-12
5.501,0.266428,-0.133981,0.225683,0.363711,-0.0483667,-0.0811968,0.42338,0.1131,0.0247975,0.463975,-0.175963,1.19927e-11,0.132011,0.157743,0.00826452,0.0517469,-0.140859,6.81397e-12
5.502,0.266553,-0.133948,0.225739,0.363943,-0.0486131,-0.0810303,0.423467,0.113103,0.0251338,0.463975,-0.175963,1.19927e-11,0.13205,0.157745,0.00803865,0.0517469,-0.140859,6.81397e-12
5.503,0.266677,-0.133913,0.225795,0.364186,-0.0488555,-0.0808741,0.423555,0.113106,0.0254715,0.463975,-0.175963,1.19927e-11,0.132088,0.157747,0.00781541,0.0517469,-0.140859,6.81397e-12
5.504,0.266802,-0.133877,0.225853,0.36444,-0.0490939,-0.0807282,0.423643,0.113109,0.0258104,0.463975,-0.175963,1.19927e-11,0.132125,0.157749,0.00759485,0.0517469,-0.140859,6.81397e-12
5.505,0.266927,-0.13384,0.225912,0.364705,-0.0493283,-0.0805924,0.423733,0.113112,0.0261506,0.463975,-0.175963,1.19927e-11,0.132161,0.157751,0.00737697,0.0517469,-0.140859,6.81397e-12
5.506,0.267053,-0.133801,0.225972,0.36498,-0.0495587,-0.0804668,0.423823,0.113115,0.0264921,0.463975,-0.175963,1.19927e-11,0.132197,0.157753,0.0071618,0.0517469,-0.140859,6.81397e-12
5.507,0.267179,-0.133762,0.226033,0.365266,-0.0497851,-0.0803511,0.423915,0.113118,0.0268347,0.463975,-0.175963,1.19927e-11,0.132232,0.157755,0.00694936,0.0517469,-0.140859,6.81397e-12
5.508,0.267305,-0.133721,0.226096,0.365562,-0.0500075,-0.0802453,0.424007,0.113121,0.0271786,0.463975,-0.175963,1.19927e-11,0.132266,0.157757,0.00673968,0.0517469,-0.140859,6.81397e-12
5.509,0.267431,-0.133678,0.22616,0.365868,-0.0502259,-0.0801494,0.424101,0.113124,0.0275237,0.463975,-0.175963,1.19927e-11,0.1323,0.157758,0.00653276,0.0517469,-0.140859,6.81397e-12
5.51,0.267557,-0.133634,0.226225,0.366184,-0.0504404,-0.0800632,0.424195,0.113127,0.0278699,0.463975,-0.175963,1.19927e-11,0.132333,0.15776,0.00632865,0.0517469,-0.140859,6.81397e-12
5.511,0.267684,-0.133589,0.226291,0.366509,-0.0506509,-0.0799867,0.42429,0.11313,0.0282173,0.463975,-0.175963,1.19927e-11,0.132365,0.157762,0.00612734,0.0517469,-0.140859,6.81397e-12
5.512,0.267811,-0.133543,0.226358,0.366844,-0.0508573,-0.0799198,0.424387,0.113133,0.0285658,0.463975,-0.175963,1.19927e-11,0.132397,0.157764,0.00592888,0.0517469,-0.140859,6.81397e-12
5.513,0.267939,-0.133495,0.226427,0.367188,-0.0510598,-0.0798625,0.424484,0.113137,0.0289154,0.463975,-0.175963,1.19927e-11,0.132428,0.157765,0.00573327,0.0517469,-0.140859,6.81397e-12
5.514,0.268066,-0.133446,0.226496,0.367541,-0.0512584,-0.0798146,0.424582,0.11314,0.0292661,0.463975,-0.175963,1.19927e-11,0.132458,0.157767,0.00554055,0.0517469,-0.140859,6.81397e-12
5.515,0.268194,-0.133396,0.226567,0.367903,-0.0514529,-0.0797761,0.424681,0.113143,0.0296179,0.463975,-0.175963,1.19927e-11,0.132487,0.157768,0.00535072,0.0517469,-0.140859,6.81397e-12
5.516,0.268322,-0.133344,0.226638,0.368274,-0.0516435,-0.0797468,0.424782,0.113147,0.0299707,0.463975,-0.175963,1.19927e-11,0.132516,0.15777,0.00516382,0.0517469,-0.140859,6.81397e-12
5.517,0.26845,-0.133292,0.226711,0.368653,-0.0518301,-0.0797268,0.424883,0.11315,0.0303245,0.463975,-0.175963,1.19927e-11,0.132545,0.157771,0.00497986,0.0517469,-0.140859,6.81397e-12
5.518,0.268579,-0.133237,0.226785,0.36904,-0.0520128,-0.0797159,0.424985,0.113154,0.0306793,0.463975,-0.175963,1.19927e-11,0.132572,0.157773,0.00479887,0.0517469,-0.140859,6.81397e-12
5.519,0.268707,-0.133182,0.22686,0.369436,-0.0521915,-0.0797141,0.425088,0.113157,0.0310351,0.463975,-0.175963,1.19927e-11,0.1326,0.157774,0.00462086,0.0517469,-0.140859,6.81397e-12
5.52,0.268836,-0.133125,0.226936,0.369839,-0.0523662,-0.0797213,0.425192,0.11316,0.0313919,0.463975,-0.175963,1.19927e-11,0.132626,0.157776,0.00444587,0.0517469,-0.140859,6.81397e-12
5.521,0.268965,-0.133067,0.227013,0.37025,-0.052537,-0.0797373,0.425298,0.113164,0.0317496,0.463975,-0.175963,1.19927e-11,0.132652,0.157777,0.0042739,0.0517469,-0.140859,6.81397e-12
5.522,0.269095,-0.133008,0.227091,0.370669,-0.0527038,-0.0797622,0.425404,0.113168,0.0321082,0.463975,-0.175963,1.19927e-11,0.132677,0.157779,0.00410498,0.0517469,-0.140859,6.81397e-12
5.523,0.269224,-0.132947,0.227169,0.371094,-0.0528666,-0.0797958,0.425511,0.113171,0.0324677,0.463975,-0.175963,1.19927e-11,0.132701,0.15778,0.00393913,0.0517469,-0.140859,6.81397e-12
5.524,0.269354,-0.132885,0.227249,0.371528,-0.0530255,-0.0798381,0.42562,0.113175,0.032828,0.463975,-0.175963,1.19927e-11,0.132725,0.157781,0.00377638,0.0517469,-0.140859,6.81397e-12
5.525,0.269484,-0.132822,0.22733,0.371968,-0.0531805,-0.079889,0.425729,0.113178,0.0331893,0.463975,-0.175963,1.19927e-11,0.132749,0.157782,0.00361674,0.0517469,-0.140859,6.81397e-12
5.526,0.269614,-0.132757,0.227412,0.372414,-0.0533315,-0.0799484,0.425839,0.113182,0.0335513,0.463975,-0.175963,1.19927e-11,0.132771,0.157784,0.00346024,0.0517469,-0.140859,6.81397e-12
5.527,0.269744,-0.132691,0.227495,0.372868,-0.0534786,-0.0800162,0.425951,0.113186,0.0339142,0.463975,-0.175963,1.19927e-11,0.132793,0.157785,0.0033069,0.0517469,-0.140859,6.81397e-12
5.528,0.269874,-0.132624,0.227578,0.373327,-0.0536217,-0.0800924,0.426063,0.11319,0.0342779,0.463975,-0.175963,1.19927e-11,0.132815,0.157786,0.00315673,0.0517469,-0.140859,6.81397e-12
5.529,0.270005,-0.132556,0.227663,0.373793,-0.0537609,-0.0801768,0.426177,0.113193,0.0346423,0.463975,-0.175963,1.19927e-11,0.132836,0.157787,0.00300977,0.0517469,-0.140859,6.81397e-12
5.53,0.270136,-0.132486,0.227748,0.374265,-0.0538962,-0.0802694,0.426291,0.113197,0.0350075,0.463975,-0.175963,1.19927e-11,0.132856,0.157788,0.00286602,0.0517469,-0.140859,6.81397e-12
5.531,0.270267,-0.132415,0.227834,0.374742,-0.0540275,-0.0803702,0.426407,0.113201,0.0353734,0.463975,-0.175963,1.19927e-11,0.132875,0.157789,0.00272552,0.0517469,-0.140859,6.81397e-12
5.532,0.270398,-0.132342,0.227922,0.375226,-0.0541549,-0.080479,0.426523,0.113205,0.0357401,0.463975,-0.175963,1.19927e-11,0.132895,0.15779,0.00258828,0.0517469,-0.140859,6.81397e-12
5.533,0.270529,-0.132269,0.22801,0.375714,-0.0542784,-0.0805957,0.426641,0.113209,0.0361074,0.463975,-0.175963,1.19927e-11,0.132913,0.157791,0.00245433,0.0517469,-0.140859,6.81397e-12
5.534,0.27066,-0.132194,0.228098,0.376208,-0.0543979,-0.0807204,0.42676,0.113213,0.0364754,0.463975,-0.175963,1.19927e-11,0.132931,0.157792,0.00232368,0.0517469,-0.140859,6.81397e-12
5.535,0.270792,-0.132118,0.228188,0.376707,-0.0545135,-0.0808528,0.42688,0.113217,0.036844,0.463975,-0.175963,1.19927e-11,0.132948,0.157793,0.00219637,0.0517469,-0.140859,6.81397e-12
5.536,0.270923,-0.13204,0.228279,0.377211,-0.0546252,-0.080993,0.427001,0.113221,0.0372133,0.463975,-0.175963,1.19927e-11,0.132965,0.157794,0.0020724,0.0517469,-0.140859,6.81397e-12
5.537,0.271055,-0.131961,0.22837,0.377719,-0.054733,-0.0811408,0.427123,0.113225,0.0375831,0.463975,-0.175963,1.19927e-11,0.132981,0.157795,0.0019518,0.0517469,-0.140859,6.81397e-12
5.538,0.271187,-0.131881,0.228462,0.378232,-0.0548368,-0.0812961,0.427246,0.113229,0.0379536,0.463975,-0.175963,1.19927e-11,0.132997,0.157796,0.00183459,0.0517469,-0.140859,6.81397e-12
5.539,0.271319,-0.1318,0.228555,0.378749,-0.0549368,-0.081459,0.42737,0.113233,0.0383246,0.463975,-0.175963,1.19927e-11,0.133012,0.157797,0.0017208,0.0517469,-0.140859,6.81397e-12
5.54,0.271451,-0.131717,0.228648,0.37927,-0.0550328,-0.0816293,0.427495,0.113238,0.0386961,0.463975,-0.175963,1.19927e-11,0.133026,0.157797,0.00161044,0.0517469,-0.140859,6.81397e-12
5.541,0.271583,-0.131633,0.228742,0.379795,-0.055125,-0.0818069,0.427621,0.113242,0.0390682,0.463975,-0.175963,1.19927e-11,0.13304,0.157798,0.00150354,0.0517469,-0.140859,6.81397e-12
5.542,0.271715,-0.131548,0.228837,0.380324,-0.0552132,-0.0819918,0.427749,0.113246,0.0394408,0.463975,-0.175963,1.19927e-11,0.133054,0.157799,0.00140012,0.0517469,-0.140859,6.81397e-12
5.543,0.271848,-0.131462,0.228933,0.380856,-0.0552975,-0.0821838,0.427877,0.11325,0.0398138,0.463975,-0.175963,1.19927e-11,0.133067,0.157799,0.00130019,0.0517469,-0.140859,6.81397e-12
5.544,0.27198,-0.131374,0.22903,0.381391,-0.0553779,-0.0823829,0.428007,0.113255,0.0401873,0.463975,-0.175963,1.19927e-11,0.133079,0.1578,0.00120379,0.0517469,-0.140859,6.81397e-12
5.545,0.272113,-0.131285,0.229127,0.38193,-0.0554545,-0.0825891,0.428138,0.113259,0.0405613,0.463975,-0.175963,1.19927e-11,0.133091,0.157801,0.00111092,0.0517469,-0.140859,6.81397e-12
5.546,0.272245,-0.131194,0.229225,0.382471,-0.0555271,-0.0828022,0.428269,0.113264,0.0409357,0.463975,-0.175963,1.19927e-11,0.133102,0.157801,0.00102162,0.0517469,-0.140859,6.81397e-12
5.547,0.272378,-0.131103,0.229323,0.383016,-0.0555958,-0.0830221,0.428402,0.113268,0.0413104,0.463975,-0.175963,1.19927e-11,0.133113,0.157802,0.000935902,0.0517469,-0.140859,6.81397e-12
5.548,0.272511,-0.13101,0.229422,0.383562,-0.0556607,-0.0832489,0.428536,0.113272,0.0416856,0.463975,-0.175963,1.19927e-11,0.133123,0.157802,0.00085379,0.0517469,-0.140859,6.81397e-12
5.549,0.272644,-0.130915,0.229522,0.384112,-0.0557216,-0.0834823,0.428672,0.113277,0.0420611,0.463975,-0.175963,1.19927e-11,0.133133,0.157803,0.000775304,0.0517469,-0.140859,6.81397e-12
5.55,0.272777,-0.13082,0.229622,0.384663,-0.0557787,-0.0837224,0.428808,0.113282,0.0424369,0.463975,-0.175963,1.19927e-11,0.133142,0.157803,0.000700466,0.0517469,-0.140859,6.81397e-12
5.551,0.27291,-0.130723,0.229723,0.385216,-0.0558319,-0.083969,0.428945,0.113286,0.0428131,0.463975,-0.175963,1.19927e-11,0.13315,0.157804,0.000629298,0.0517469,-0.140859,6.81397e-12
5.552,0.273043,-0.130625,0.229825,0.385771,-0.0558812,-0.0842221,0.429084,0.113291,0.0431895,0.463975,-0.175963,1.19927e-11,0.133159,0.157804,0.00056182,0.0517469,-0.140859,6.81397e-12
5.553,0.273176,-0.130526,0.229927,0.386328,-0.0559266,-0.0844816,0.429224,0.113296,0.0435662,0.463975,-0.175963,1.19927e-11,0.133166,0.157805,0.000498054,0.0517469,-0.140859,6.81397e-12
5.554,0.273309,-0.130425,0.230029,0.386886,-0.0559682,-0.0847474,0.429365,0.1133,0.0439432,0.463975,-0.175963,1.19927e-11,0.133173,0.157805,0.000438022,0.0517469,-0.140859,6.81397e-12
5.555,0.273442,-0.130323,0.230132,0.387445,-0.0560058,-0.0850194,0.429507,0.113305,0.0443204,0.463975,-0.175963,1.19927e-11,0.13318,0.157806,0.000381744,0.0517469,-0.140859,6.81397e-12
5.556,0.273575,-0.13022,0.230236,0.388005,-0.0560397,-0.0852976,0.42965,0.11331,0.0446978,0.463975,-0.175963,1.19927e-11,0.133186,0.157806,0.000329242,0.0517469,-0.140859,6.81397e-12
5.557,0.273709,-0.130116,0.23034,0.388566,-0.0560696,-0.0855819,0.429794,0.113315,0.0450754,0.463975,-0.175963,1.19927e-11,0.133192,0.157806,0.000280537,0.0517469,-0.140859,6.81397e-12
5.558,0.273842,-0.13001,0.230445,0.389128,-0.0560957,-0.0858721,0.42994,0.113319,0.0454531,0.463975,-0.175963,1.19927e-11,0.133197,0.157806,0.000235651,0.0517469,-0.140859,6.81397e-12
5.559,0.273975,-0.129903,0.23055,0.38969,-0.0561179,-0.0861683,0.430086,0.113324,0.0458311,0.463975,-0.175963,1.19927e-11,0.133202,0.157807,0.000194606,0.0517469,-0.140859,6.81397e-12
5.56,0.274108,-0.129795,0.230656,0.390252,-0.0561363,-0.0864703,0.430234,0.113329,0.0462091,0.463975,-0.175963,1.19927e-11,0.133206,0.157807,0.000157421,0.0517469,-0.140859,6.81397e-12
5.561,0.274242,-0.129685,0.230762,0.390814,-0.0561507,-0.0867781,0.430383,0.113334,0.0465872,0.463975,-0.175963,1.19927e-11,0.13321,0.157807,0.000124119,0.0517469,-0.140859,6.81397e-12
5.562,0.274375,-0.129574,0.230869,0.391376,-0.0561614,-0.0870916,0.430533,0.113339,0.0469655,0.463975,-0.175963,1.19927e-11,0.133213,0.157807,9.4721e-05,0.0517469,-0.140859,6.81397e-12
5.563,0.274508,-0.129462,0.230976,0.391938,-0.0561682,-0.0874107,0.430684,0.113344,0.0473438,0.463975,-0.175963,1.19927e-11,0.133216,0.157807,6.92483e-05,0.0517469,-0.140859,6.81397e-12
5.564,0.274642,-0.129349,0.231083,0.392499,-0.0561711,-0.0877353,0.430837,0.11335,0.0477221,0.463975,-0.175963,1.19927e-11,0.133218,0.157808,4.77223e-05,0.0517469,-0.140859,6.81397e-12
5.565,0.274775,-0.129234,0.231191,0.39306,-0.0561702,-0.0880654,0.430991,0.113355,0.0481005,0.463975,-0.175963,1.19927e-11,0.13322,0.157808,3.01643e-05,0.0517469,-0.140859,6.81397e-12
5.566,0.274908,-0.129118,0.2313,0.39362,-0.0561654,-0.0884008,0.431146,0.11336,0.0484788,0.463975,-0.175963,1.19927e-11,0.133222,0.157808,1.65956e-05,0.0517469,-0.140859,6.81397e-12
5.567,0.275041,-0.129001,0.231408,0.394178,-0.0561569,-0.0887415,0.431302,0.113365,0.0488572,0.463975,-0.175963,1.19927e-11,0.133223,0.157808,7.0375e-06,0.0517469,-0.140859,6.81397e-12
5.568,0.275175,-0.128883,0.231517,0.394736,-0.0561444,-0.0890875,0.431459,0.11337,0.0492355,0.463975,-0.175963,1.19927e-11,0.133223,0.157808,1.5114e-06,0.0517469,-0.140859,6.81397e-12
5.569,0.275308,-0.128763,0.231627,0.395291,-0.0561281,-0.0894386,0.431617,0.113376,0.0496138,0.463975,-0.175963,1.19927e-11,0.133224,0.157808,-1.82983e-11,0.0517469,-0.140859,6.81397e-12
5.57,0.275441,-0.128642,0.231736,0.395846,-0.056108,-0.0897947,0.431777,0.113381,0.0499919,0.463975,-0.175963,1.19927e-11,0.133224,0.157808,-1.82983e-11,0.0517469,-0.140859,6.81397e-12
5.571,0.275574,-0.12852,0.231846,0.396398,-0.0560841,-0.0901558,0.431938,0.113386,0.05037,0.463975,-0.175963,1.19927e-11,0.133224,0.157808,-1.82983e-11,0.0517469,-0.140859,6.81397e-12
5.572,0.275707,-0.128396,0.231957,0.396948,-0.0560563,-0.0905218,0.4321,0.113392,0.0507479,0.463975,-0.175963,1.19927e-11,0.133224,0.157808,-1.82983e-11,0.0517469,-0.140859,6.81397e-12
5.573,0.27584,-0.128272,0.232067,0.397496,-0.0560247,-0.0908927,0.432264,0.113397,0.0511257,0.463975,-0.175963,1.19927e-11,0.133224,0.157808,-1.82983e-11,0.0517469,-0.140859,6.81397e-12
5.574,0.275973,-0.128146,0.232178,0.398041,-0.0559893,-0.0912683,0.432428,0.113403,0.0515034,0.463975,-0.175963,1.19927e-11,0.133224,0.157808,-1.82983e-11,0.0517469,-0.140859,6.81397e-12
5.575,0.276106,-0.128018,0.23229,0.398584,-0.05595,-0.0916485,0.432594,0.113408,0.0518808,0.463975,-0.175963,1.19927e-11,0.133224,0.157808,-1.82983e-11,0.0517469,-0.140859,6.81397e-12
5.576,0.276239,-0.12789,0.232401,0.399124,-0.055907,-0.0920334,0.432761,0.113414,0.0522581,0.463975,-0.175963,1.19927e-11,0.133224,0.157808,-1.82983e-11,0.0517469,-0.140859,6.81397e-12
5.577,0.276372,-0.12776,0.232513,0.399661,-0.0558601,-0.0924227,0.432929,0.11342,0.0526351,0.463975,-0.175963,1.19927e-11,0.133224,0.157808,-1.82983e-11,0.0517469,-0.140859,6.81397e-12
5.578,0.276505,-0.127629,0.232625,0.400195,-0.0558094,-0.0928165,0.433099,0.113425,0.0530119,0.463975,-0.175963,1.19927e-11,0.133224,0.157808,-1.82983e-11,0.0517469,-0.140859,6.81397e-12
5.579,0.276637,-0.127497,0.232737,0.400726,-0.0557548,-0.0932146,0.43327,0.113431,0.0533884,0.463975,-0.175963,1.19927e-11,0.133224,0.157808,-1.82983e-11,0.0517469,-0.140859,6.81397e-12
5.58,0.27677,-0.127363,0.232849,0.401252,-0.0556965,-0.093617,0.433442,0.113437,0.0537646,0.463975,-0.175963,1.19927e-11,0.133224,0.157808,-1.82983e-11,0.0517469,-0.140859,6.81397e-12
5.581,0.276902,-0.127228,0.232962,0.401775,-0.0556344,-0.0940236,0.433615,0.113443,0.0541405,0.463975,-0.175963,1.19927e-11,0.133224,0.157808,-1.82983e-11,0.0517469,-0.140859,6.81397e-12
5.582,0.277035,-0.127092,0.233074,0.402295,-0.0555684,-0.0944344,0.433789,0.113448,0.0545161,0.463975,-0.175963,1.19927e-11,0.133224,0.157808,-1.82983e-11,0.0517469,-0.140859,6.81397e-12
5.583,0.277167,-0.126955,0.233187,0.402809,-0.0554987,-0.0948491,0.433965,0.113454,0.0548913,0.463975,-0.175963,1.19927e-11,0.133224,0.157808,-1.82983e-11,0.0517469,-0.140859,6.81397e-12
5.584,0.277299,-0.126816,0.2333,0.40332,-0.0554252,-0.0952679,0.434142,0.11346,0.0552662,0.463975,-0.175963,1.19927e-11,0.133224,0.157808,-1.82983e-11,0.0517469,-0.140859,6.81397e-12
5.585,0.277431,-0.126676,0.233413,0.403826,-0.0553478,-0.0956905,0.43432,0.113466,0.0556407,0.463975,-0.175963,1.19927e-11,0.133224,0.157808,-1.82983e-11,0.0517469,-0.140859,6.81397e-12
5.586,0.277563,-0.126535,0.233527,0.404327,-0.0552667,-0.0961169,0.4345,0.113472,0.0560147,0.463975,-0.175963,1.19927e-11,0.133224,0.157808,-1.82983e-11,0.0517469,-0.140859,6.81397e-12
5.587,0.277695,-0.126392,0.23364,0.404824,-0.0551818,-0.096547,0.434681,0.113478,0.0563883,0.463975,-0.175963,1.19927e-11,0.133224,0.157808,-1.82983e-11,0.0517469,-0.140859,6.81397e-12
5.588,0.277827,-0.126249,0.233754,0.405315,-0.055093,-0.0969808,0.434863,0.113484,0.0567615,0.463975,-0.175963,1.19927e-11,0.133224,0.157808,-1.82983e-11,0.0517469,-0.140859,6.81397e-12
5.589,0.277958,-0.126104,0.233867,0.405801,-0.0550005,-0.0974181,0.435046,0.113491,0.0571342,0.463975,-0.175963,1.19927e-11,0.133224,0.157808,-1.82983e-11,0.0517469,-0.140859,6.81397e-12
5.59,0.27809,-0.125958,0.233981,0.406281,-0.0549043,-0.097859,0.435231,0.113497,0.0575064,0.463975,-0.175963,1.19927e-11,0.133224,0.157808,-1.82983e-11,0.0517469,-0.140859,6.81397e-12
5.591,0.278221,-0.12581,0.234094,0.406756,-0.0548042,-0.0983032,0.435417,0.113503,0.0578781,0.463975,-0.175963,1.19927e-11,0.133224,0.157808,-1.82983e-11,0.0517469,-0.140859,6.81397e-12
5.592,0.278352,-0.125662,0.234208,0.407225,-0.0547003,-0.0987508,0.435604,0.113509,0.0582492,0.463975,-0.175963,1.19927e-11,0.133224,0.157808,-1.82983e-11,0.0517469,-0.140859,6.81397e-12
5.593,0.278483,-0.125512,0.234322,0.407687,-0.0545927,-0.0992016,0.435793,0.113516,0.0586198,0.463975,-0.175963,1.19927e-11,0.133224,0.157808,-1.82983e-11,0.0517469,-0.140859,6.81397e-12
5.594,0.278614,-0.125361,0.234435,0.408144,-0.0544813,-0.0996556,0.435983,0.113522,0.0589898,0.463975,-0.175963,1.19927e-11,0.133224,0.157808,-1.82983e-11,0.0517469,-0.140859,6.81397e-12
5.595,0.278745,-0.125208,0.234549,0.408594,-0.0543661,-0.100113,0.436174,0.113528,0.0593592,0.463975,-0.175963,1.19927e-11,0.133224,0.157808,-1.82983e-11,0.0517469,-0.140859,6.81397e-12
5.596,0.278875,-0.125054,0.234663,0.409037,-0.0542472,-0.100573,0.436367,0.113535,0.059728,0.463975,-0.175963,1.19927e-11,0.133224,0.157808,-1.82983e-11,0.0517469,-0.140859,6.81397e-12
5.597,0.279006,-0.1249,0.234776,0.409473,-0.0541244,-0.101036,0.43656,0.113541,0.0600961,0.463975,-0.175963,1.19927e-11,0.133224,0.157808,-1.82983e-11,0.0517469,-0.140859,6.81397e-12
5.598,0.279136,-0.124743,0.23489,0.409903,-0.053998,-0.101502,0.436756,0.113548,0.0604636,0.463975,-0.175963,1.19927e-11,0.133224,0.157808,-1.82983e-11,0.0517469,-0.140859,6.81397e-12
5.599,0.279266,-0.124586,0.235004,0.410325,-0.0538677,-0.101971,0.436952,0.113554,0.0608304,0.463975,-0.175963,1.19927e-11,0.133224,0.157808,-1.82983e-11,0.0517469,-0.140859,6.81397e-12
5.6,0.279396,-0.124427,0.235117,0.41074,-0.0537337,-0.102442,0.43715,0.113561,0.0611965,0.463975,-0.175963,1.19927e-11,0.133224,0.157808,-1.82983e-11,0.0517469,-0.140859,6.81397e-12
5.601,0.279526,-0.124267,0.23523,0.411147,-0.053596,-0.102916,0.437349,0.113568,0.0615619,0.463975,-0.175963,1.19927e-11,0.133224,0.157808,-1.82983e-11,0.0517469,-0.140859,6.81397e-12
5.602,0.279655,-0.124106,0.235344,0.411547,-0.0534545,-0.103393,0.437549,0.113574,0.0619265,0.463975,-0.175963,1.19927e-11,0.133224,0.157808,-1.82983e-11,0.0517469,-0.140859,6.81397e-12
5.603,0.279784,-0.123944,0.235457,0.411938,-0.0533095,-0.103872,0.437751,0.113581,0.0622903,0.463975,-0.175963,1.19927e-11,0.133224,0.157808,-1.82983e-11,0.0517469,-0.140859,6.81397e-12
5.604,0.279913,-0.12378,0.23557,0.412322,-0.0531609,-0.104353,0.437954,0.113588,0.0626534,0.463975,-0.175963,1.19927e-11,0.133224,0.157808,-1.82983e-11,0.0517469,-0.140859,6.81397e-12
5.605,0.280042,-0.123615,0.235683,0.412697,-0.0530088,-0.104836,0.438159,0.113595,0.0630157,0.463975,-0.175963,1.19927e-11,0.133224,0.157808,-1.82983e-11,0.0517469,-0.140859,6.81397e-12
5.606,0.280171,-0.123449,0.235796,0.413065,-0.0528533,-0.105322,0.438365,0.113602,0.0633771,0.463975,-0.175963,1.19927e-11,0.133224,0.157808,-1.82983e-11,0.0517469,-0.140859,6.81397e-12
5.607,0.280299,-0.123282,0.235908,0.413424,-0.0526944,-0.105809,0.438572,0.113609,0.0637377,0.463975,-0.175963,1.19927e-11,0.133224,0.157808,-1.82983e-11,0.0517469,-0.140859,6.81397e-12
5.608,0.280428,-0.123113,0.236021,0.413774,-0.0525323,-0.106298,0.438781,0.113616,0.0640974,0.463975,-0.175963,1.19927e-11,0.133224,0.157808,-1.82983e-11,0.0517469,-0.140859,6.81397e-12
5.609,0.280556,-0.122944,0.236133,0.414116,-0.0523669,-0.106789,0.438991,0.113623,0.0644562,0.463975,-0.175963,1.19927e-11,0.133224,0.157808,-1.82983e-11,0.0517469,-0.140859,6.81397e-12
5.61,0.280684,-0.122773,0.236245,0.414449,-0.0521984,-0.107281,0.439202,0.11363,0.0648141,0.463975,-0.175963,1.19927e-11,0.133224,0.157808,-1.82983e-11,0.0517469,-0.140859,6.81397e-12
5.611,0.280811,-0.122601,0.236357,0.414774,-0.0520269,-0.107775,0.439414,0.113637,0.0651711,0.463975,-0.175963,1.19927e-11,0.133224,0.157808,-1.82983e-11,0.0517469,-0.140859,6.81397e-12
5.612,0.280939,-0.122427,0.236469,0.415089,-0.0518523,-0.108271,0.439629,0.113644,0.0655271,0.463975,-0.175963,1.19927e-11,0.133224,0.157808,-1.82983e-11,0.0517469,-0.140859,6.81397e-12
5.613,0.281066,-0.122253,0.236581,0.415395,-0.0516748,-0.108767,0.439844,0.113651,0.0658822,0.463975,-0.175963,1.19927e-11,0.133224,0.157808,-1.82983e-11,0.0517469,-0.140859,6.81397e-12
5.614,0.281193,-0.122077,0.236692,0.415693,-0.0514944,-0.109265,0.440061,0.113659,0.0662363,0.463975,-0.175963,1.19927e-11,0.133224,0.157808,-1.82983e-11,0.0517469,-0.140859,6.81397e-12
5.615,0.28132,-0.1219,0.236803,0.415981,-0.0513113,-0.109763,0.440279,0.113666,0.0665893,0.463975,-0.175963,1.19927e-11,0.133224,0.157808,-1.82983e-11,0.0517469,-0.140859,6.81397e-12
5.616,0.281446,-0.121722,0.236915,0.416259,-0.0511254,-0.110263,0.440499,0.113673,0.0669413,0.463975,-0.175963,1.19927e-11,0.133224,0.157808,-1.82983e-11,0.0517469,-0.140859,6.81397e-12
5.617,0.281572,-0.121543,0.237025,0.416528,-0.0509368,-0.110763,0.44072,0.113681,0.0672923,0.463975,-0.175963,1.19927e-11,0.133224,0.157808,-1.82983e-11,0.0517469,-0.140859,6.81397e-12
5.618,0.281698,-0.121363,0.237136,0.416787,-0.0507456,-0.111264,0.440942,0.113688,0.0676421,0.463975,-0.175963,1.19927e-11,0.133224,0.157808,-1.82983e-11,0.0517469,-0.140859,6.81397e-12
5.619,0.281824,-0.121181,0.237246,0.417037,-0.0505519,-0.111766,0.441166,0.113696,0.0679909,0.463975,-0.175963,1.19927e-11,0.133224,0.157808,-1.82983e-11,0.0517469,-0.140859,6.81397e-12
5.62,0.28195,-0.120999,0.237356,0.417276,-0.0503558,-0.112267,0.441391,0.113703,0.0683386,0.463975,-0.175963,1.19927e-11,0.133224,0.157808,-1.82983e-11,0.0517469,-0.140859,6.81397e-12
5.621,0.282075,-0.120815,0.237466,0.417506,-0.0501573,-0.11277,0.441618,0.113711,0.0686851,0.463975,-0.175963,1.19927e-11,0.133224,0.157808,-1.82983e-11,0.0517469,-0.140859,6.81397e-12
5.622,0.2822,-0.12063,0.237576,0.417725,-0.0499564,-0.113272,0.441846,0.113718,0.0690304,0.463975,-0.175963,1.19927e-11,0.133224,0.157808,-1.82983e-11,0.0517469,-0.140859,6.81397e-12
5.623,0.282325,-0.120444,0.237685,0.417934,-0.0497533,-0.113774,0.442075,0.113726,0.0693746,0.463975,-0.175963,1.19927e-11,0.133224,0.157808,-1.82983e-11,0.0517469,-0.140859,6.81397e-12
5.624,0.282449,-0.120257,0.237794,0.418133,-0.049548,-0.114277,0.442306,0.113734,0.0697176,0.463975,-0.175963,1.19927e-11,0.133224,0.157808,-1.82983e-11,0.0517469,-0.140859,6.81397e-12
5.625,0.282573,-0.120068,0.237903,0.418321,-0.0493406,-0.114779,0.442538,0.113742,0.0700593,0.463975,-0.175963,1.19927e-11,0.133224,0.157808,-1.82983e-11,0.0517469,-0.140859,6.81397e-12
5.626,0.282697,-0.119879,0.238011,0.418498,-0.0491312,-0.115281,0.442772,0.113749,0.0703998,0.463975,-0.175963,1.19927e-11,0.133224,0.157808,-1.82983e-11,0.0517469,-0.140859,6.81397e-12
5.627,0.282821,-0.119688,0.238119,0.418665,-0.0489197,-0.115783,0.443007,0.113757,0.0707391,0.463975,-0.175963,1.19927e-11,0.133224,0.157808,-1.82983e-11,0.0517469,-0.140859,6.81397e-12
5.628,0.282944,-0.119497,0.238227,0.418821,-0.0487064,-0.116284,0.443244,0.113765,0.071077,0.463975,-0.175963,1.19927e-11,0.133224,0.157808,-1.82983e-11,0.0517469,-0.140859,6.81397e-12
5.629,0.283068,-0.119304,0.238335,0.418966,-0.0484912,-0.116784,0.443482,0.113773,0.0714137,0.463975,-0.175963,1.19927e-11,0.133224,0.157808,-1.82983e-11,0.0517469,-0.140859,6.81397e-12
5.63,0.28319,-0.11911,0.238442,0.4191,-0.0482743,-0.117284,0.443721,0.113781,0.071749,0.463975,-0.175963,1.19927e-11,0.133224,0.157808,-1.82983e-11,0.0517469,-0.140859,6.81397e-12
5.631,0.283313,-0.118915,0.238548,0.419222,-0.0480556,-0.117782,0.443962,0.113789,0.072083,0.463975,-0.175963,1.19927e-11,0.133224,0.157808,-1.82983e-11,0.0517469,-0.140859,6.81397e-12
5.632,0.283435,-0.118719,0.238655,0.419333,-0.0478353,-0.11828,0.444205,0.113797,0.0724156,0.463975,-0.175963,1.19927e-11,0.133224,0.157808,-1.82983e-11,0.0517469,-0.140859,6.81397e-12
5.633,0.283557,-0.118521,0.238761,0.419433,-0.0476135,-0.118777,0.444449,0.113805,0.0727468,0.463975,-0.175963,1.19927e-11,0.133224,0.157808,-1.82983e-11,0.0517469,-0.140859,6.81397e-12
5.634,0.283679,-0.118323,0.238867,0.419521,-0.0473901,-0.119273,0.444694,0.113814,0.0730766,0.463975,-0.175963,1.19927e-11,0.133224,0.157808,-1.82983e-11,0.0517469,-0.140859,6.81397e-12
5.635,0.2838,-0.118124,0.238972,0.419597,-0.0471653,-0.119767,0.444941,0.113822,0.073405,0.463975,-0.175963,1.19927e-11,0.133224,0.157808,-1.82983e-11,0.0517469,-0.140859,6.81397e-12
5.636,0.283921,-0.117923,0.239077,0.419662,-0.0469391,-0.12026,0.445189,0.11383,0.0737319,0.463975,-0.175963,1.19927e-11,0.133224,0.157808,-1.82983e-11,0.0517469,-0.140859,6.81397e-12
5.637,0.284042,-0.117722,0.239182,0.419714,-0.0467117,-0.120751,0.445439,0.113839,0.0740573,0.463975,-0.175963,1.19927e-11,0.133224,0.157808,-1.82983e-11,0.0517469,-0.140859,6.81397e-12
5.638,0.284163,-0.117519,0.239286,0.419754,-0.046483,-0.12124,0.44569,0.113847,0.0743813,0.463975,-0.175963,1.19927e-11,0.133224,0.157808,-1.82983e-11,0.0517469,-0.140859,6.81397e-12
5.639,0.284283,-0.117316,0.23939,0.419783,-0.0462532,-0.121728,0.445943,0.113856,0.0747037,0.463975,-0.175963,1.19927e-11,0.133224,0.157808,-1.82983e-11,0.0517469,-0.140859,6.81397e-12
5.64,0.284403,-0.117111,0.239493,0.419798,-0.0460222,-0.122214,0.446197,0.113864,0.0750246,0.463975,-0.175963,1.19927e-11,0.133224,0.157808,-1.82983e-11,0.0517469,-0.140859,6.81397e-12
5.641,0.284522,-0.116905,0.239596,0.419802,-0.0457903,-0.122698,0.446453,0.113873,0.075344,0.463975,-0.175963,1.19927e-11,0.133224,0.157808,-1.82983e-11,0.0517469,-0.140859,6.81397e-12
5.642,0.284642,-0.116698,0.239698,0.419793,-0.0455574,-0.123179,0.44671,0.113881,0.0756618,0.463975,-0.175963,1.19927e-11,0.133224,0.157808,-1.82983e-11,0.0517469,-0.140859,6.81397e-12
5.643,0.28476,-0.116491,0.239801,0.419771,-0.0453236,-0.123659,0.446969,0.11389,0.0759779,0.463975,-0.175963,1.19927e-11,0.133224,0.157808,-1.82983e-11,0.0517469,-0.140859,6.81397e-12
5.644,0.284879,-0.116282,0.239902,0.419736,-0.045089,-0.124136,0.447229,0.113899,0.0762925,0.463975,-0.175963,1.19927e-11,0.133224,0.157808,-1.82983e-11,0.0517469,-0.140859,6.81397e-12
5.645,0.284997,-0.116072,0.240003,0.419688,-0.0448537,-0.12461,0.44749,0.113907,0.0766054,0.463975,-0.175963,1.19927e-11,0.133224,0.157808,-1.82983e-11,0.0517469,-0.140859,6.81397e-12
5.646,0.285115,-0.115861,0.240104,0.419628,-0.0446176,-0.125082,0.447754,0.113916,0.0769167,0.463975,-0.175963,1.19927e-11,0.133224,0.157808,-1.82983e-11,0.0517469,-0.140859,6.81397e-12
5.647,0.285233,-0.115649,0.240204,0.419554,-0.044381,-0.125552,0.448018,0.113925,0.0772263,0.463975,-0.175963,1.19927e-11,0.133224,0.157808,-1.82983e-11,0.0517469,-0.140859,6.81397e-12
5.648,0.28535,-0.115436,0.240304,0.419466,-0.0441438,-0.126018,0.448285,0.113934,0.0775342,0.463975,-0.175963,1.19927e-11,0.133224,0.157808,-1.82983e-11,0.0517469,-0.140859,6.81397e-12
5.649,0.285467,-0.115222,0.240403,0.419366,-0.0439062,-0.126482,0.448552,0.113943,0.0778403,0.463975,-0.175963,1.19927e-11,0.133224,0.157808,-1.82983e-11,0.0517469,-0.140859,6.81397e-12
5.65,0.285584,-0.115007,0.240502,0.419252,-0.0436681,-0.126942,0.448822,0.113952,0.0781447,0.463975,-0.175963,1.19927e-11,0.133224,0.157808,-1.82983e-11,0.0517469,-0.140859,6.81397e-12
5.651,0.2857,-0.114791,0.2406,0.419124,-0.0434297,-0.127399,0.449093,0.113961,0.0784474,0.463975,-0.175963,1.19927e-11,0.133224,0.157808,-1.82983e-11,0.0517469,-0.140859,6.81397e-12
5.652,0.285816,-0.114574,0.240698,0.418982,-0.0431911,-0.127853,0.449365,0.11397,0.0787483,0.463975,-0.175963,1.19927e-11,0.133224,0.157808,-1.82983e-11,0.0517469,-0.140859,6.81397e-12
5.653,0.285931,-0.114356,0.240795,0.418826,-0.0429522,-0.128304,0.449639,0.113979,0.0790473,0.463975,-0.175963,1.19927e-11,0.133224,0.157808,-1.82983e-11,0.0517469,-0.140859,6.81397e-12
5.654,0.286046,-0.114137,0.240892,0.418657,-0.0427132,-0.128751,0.449914,0.113989,0.0793446,0.463975,-0.175963,1.19927e-11,0.133224,0.157808,-1.82983e-11,0.0517469,-0.140859,6.81397e-12
5.655,0.286161,-0.113917,0.240988,0.418473,-0.0424742,-0.129194,0.450191,0.113998,0.07964,0.463975,-0.175963,1.19927e-11,0.133224,0.157808,-1.82983e-11,0.0517469,-0.140859,6.81397e-12
5.656,0.286275,-0.113696,0.241083,0.418275,-0.0422351,-0.129633,0.45047,0.114007,0.0799335,0.463975,-0.175963,1.19927e-11,0.133224,0.157808,-1.82983e-11,0.0517469,-0.140859,6.81397e-12
5.657,0.286389,-0.113474,0.241178,0.418063,-0.0419962,-0.130069,0.45075,0.114017,0.0802252,0.463975,-0.175963,1.19927e-11,0.133224,0.157808,-1.82983e-11,0.0517469,-0.140859,6.81397e-12
5.658,0.286503,-0.113252,0.241273,0.417836,-0.0417573,-0.130501,0.451032,0.114026,0.0805149,0.463975,-0.175963,1.19927e-11,0.133224,0.157808,-1.82983e-11,0.0517469,-0.140859,6.81397e-12
5.659,0.286616,-0.113028,0.241367,0.417594,-0.0415187,-0.130928,0.451315,0.114036,0.0808027,0.463975,-0.175963,1.19927e-11,0.133224,0.157808,-1.82983e-11,0.0517469,-0.140859,6.81397e-12
5.66,0.286729,-0.112803,0.24146,0.417338,-0.0412804,-0.131352,0.4516,0.114045,0.0810885,0.463975,-0.175963,1.19927e-11,0.133224,0.157808,-1.82983e-11,0.0517469,-0.140859,6.81397e-12
5.661,0.286842,-0.112577,0.241553,0.417067,-0.0410424,-0.131771,0.451886,0.114055,0.0813724,0.463975,-0.175963,1.19927e-11,0.133224,0.157808,-1.82983e-11,0.0517469,-0.140859,6.81397e-12
5.662,0.286954,-0.112351,0.241645,0.41678,-0.0408048,-0.132185,0.452174,0.114064,0.0816543,0.463975,-0.175963,1.19927e-11,0.133224,0.157808,-1.82983e-11,0.0517469,-0.140859,6.81397e-12
5.663,0.287066,-0.112123,0.241736,0.416479,-0.0405677,-0.132595,0.452464,0.114074,0.0819342,0.463975,-0.175963,1.19927e-11,0.133224,0.157808,-1.82983e-11,0.0517469,-0.140859,6.81397e-12
5.664,0.287177,-0.111894,0.241827,0.416163,-0.0403312,-0.133,0.452755,0.114084,0.082212,0.463975,-0.175963,1.19927e-11,0.133224,0.157808,-1.82983e-11,0.0517469,-0.140859,6.81397e-12
5.665,0.287288,-0.111665,0.241917,0.415831,-0.0400952,-0.133401,0.453048,0.114094,0.0824878,0.463975,-0.175963,1.19927e-11,0.133224,0.157808,-1.82983e-11,0.0517469,-0.140859,6.81397e-12
5.666,0.287399,-0.111435,0.242007,0.415483,-0.03986,-0.133796,0.453342,0.114103,0.0827616,0.463975,-0.175963,1.19927e-11,0.133224,0.157808,-1.82983e-11,0.0517469,-0.140859,6.81397e-12
5.667,0.287509,-0.111203,0.242096,0.41512,-0.0396255,-0.134187,0.453638,0.114113,0.0830332,0.463975,-0.175963,1.19927e-11,0.133224,0.157808,-1.82983e-11,0.0517469,-0.140859,6.81397e-12
5.668,0.287619,-0.110971,0.242184,0.414741,-0.0393919,-0.134572,0.453935,0.114123,0.0833027,0.463975,-0.175963,1.19927e-11,0.133224,0.157808,-1.82983e-11,0.0517469,-0.140859,6.81397e-12
5.669,0.287728,-0.110738,0.242272,0.414347,-0.0391591,-0.134952,0.454235,0.114133,0.08357,0.463975,-0.175963,1.19927e-11,0.133224,0.157808,-1.82983e-11,0.0517469,-0.140859,6.81397e-12
5.67,0.287837,-0.110504,0.242359,0.413936,-0.0389274,-0.135327,0.454535,0.114143,0.0838353,0.463975,-0.175963,1.19927e-11,0.133224,0.157808,-1.82983e-11,0.0517469,-0.140859,6.81397e-12
5.671,0.287946,-0.110269,0.242445,0.41351,-0.0386966,-0.135696,0.454838,0.114153,0.0840983,0.463975,-0.175963,1.19927e-11,0.133224,0.157808,-1.82983e-11,0.0517469,-0.140859,6.81397e-12
5.672,0.288054,-0.110033,0.242531,0.413067,-0.0384669,-0.136059,0.455142,0.114164,0.0843591,0.463975,-0.175963,1.19927e-11,0.133224,0.157808,-1.82983e-11,0.0517469,-0.140859,6.81397e-12
5.673,0.288161,-0.109796,0.242616,0.412607,-0.0382385,-0.136417,0.455447,0.114174,0.0846177,0.463975,-0.175963,1.19927e-11,0.133224,0.157808,-1.82983e-11,0.0517469,-0.140859,6.81397e-12
5.674,0.288269,-0.109558,0.2427,0.412132,-0.0380112,-0.136769,0.455754,0.114184,0.0848741,0.463975,-0.175963,1.19927e-11,0.133224,0.157808,-1.82983e-11,0.0517469,-0.140859,6.81397e-12
5.675,0.288375,-0.10932,0.242784,0.41164,-0.0377853,-0.137115,0.456063,0.114195,0.0851282,0.463975,-0.175963,1.19927e-11,0.133224,0.157808,-1.82983e-11,0.0517469,-0.140859,6.81397e-12
5.676,0.288482,-0.10908,0.242867,0.411131,-0.0375607,-0.137455,0.456374,0.114205,0.08538,0.463975,-0.175963,1.19927e-11,0.133224,0.157808,-1.82983e-11,0.0517469,-0.140859,6.81397e-12
5.677,0.288588,-0.10884,0.242949,0.410605,-0.0373376,-0.137788,0.456686,0.114215,0.0856296,0.463975,-0.175963,1.19927e-11,0.133224,0.157808,-1.82983e-11,0.0517469,-0.140859,6.81397e-12
5.678,0.288693,-0.108599,0.24303,0.410062,-0.037116,-0.138115,0.456999,0.114226,0.0858768,0.463975,-0.175963,1.19927e-11,0.133224,0.157808,-1.82983e-11,0.0517469,-0.140859,6.81397e-12
5.679,0.288799,-0.108357,0.243111,0.409502,-0.0368959,-0.138436,0.457315,0.114236,0.0861216,0.463975,-0.175963,1.19927e-11,0.133224,0.157808,-1.82983e-11,0.0517469,-0.140859,6.81397e-12
5.68,0.288903,-0.108114,0.243191,0.408925,-0.0366775,-0.138751,0.457632,0.114247,0.0863641,0.463975,-0.175963,1.19927e-11,0.133224,0.157808,-1.82983e-11,0.0517469,-0.140859,6.81397e-12
5.681,0.289007,-0.10787,0.24327,0.408331,-0.0364609,-0.139058,0.457951,0.114258,0.0866042,0.463975,-0.175963,1.19927e-11,0.133224,0.157808,-1.82983e-11,0.0517469,-0.140859,6.81397e-12
5.682,0.289111,-0.107626,0.243348,0.40772,-0.036246,-0.139359,0.458271,0.114269,0.0868419,0.463975,-0.175963,1.19927e-11,0.133224,0.157808,-1.82983e-11,0.0517469,-0.140859,6.81397e-12
5.683,0.289215,-0.10738,0.243426,0.40709,-0.0360329,-0.139653,0.458593,0.114279,0.0870772,0.463975,-0.175963,1.19927e-11,0.133224,0.157808,-1.82983e-11,0.0517469,-0.140859,6.81397e-12
5.684,0.289317,-0.107134,0.243502,0.406444,-0.0358218,-0.13994,0.458917,0.11429,0.08731,0.463975,-0.175963,1.19927e-11,0.133224,0.157808,-1.82983e-11,0.0517469,-0.140859,6.81397e-12
5.685,0.28942,-0.106887,0.243578,0.405779,-0.0356127,-0.14022,0.459242,0.114301,0.0875404,0.463975,-0.175963,1.19927e-11,0.133224,0.157808,-1.82983e-11,0.0517469,-0.140859,6.81397e-12
5.686,0.289522,-0.106639,0.243654,0.405096,-0.0354056,-0.140492,0.459569,0.114312,0.0877682,0.463975,-0.175963,1.19927e-11,0.133224,0.157808,-1.82983e-11,0.0517469,-0.140859,6.81397e-12
5.687,0.289623,-0.10639,0.243728,0.404396,-0.0352007,-0.140757,0.459898,0.114323,0.0879936,0.463975,-0.175963,1.19927e-11,0.133224,0.157808,-1.82983e-11,0.0517469,-0.140859,6.81397e-12
5.688,0.289724,-0.106141,0.243801,0.403677,-0.0349979,-0.141015,0.460228,0.114334,0.0882164,0.463975,-0.175963,1.19927e-11,0.133224,0.157808,-1.82983e-11,0.0517469,-0.140859,6.81397e-12
5.689,0.289825,-0.10589,0.243874,0.40294,-0.0347974,-0.141265,0.46056,0.114345,0.0884366,0.463975,-0.175963,1.19927e-11,0.133224,0.157808,-1.82983e-11,0.0517469,-0.140859,6.81397e-12
5.69,0.289925,-0.105639,0.243946,0.402185,-0.0345993,-0.141508,0.460894,0.114356,0.0886543,0.463975,-0.175963,1.19927e-11,0.133224,0.157808,-1.82983e-11,0.0517469,-0.140859,6.81397e-12
5.691,0.290024,-0.105387,0.244017,0.401411,-0.0344035,-0.141742,0.461229,0.114368,0.0888694,0.463975,-0.175963,1.19927e-11,0.133224,0.157808,-1.82983e-11,0.0517469,-0.140859,6.81397e-12
5.692,0.290123,-0.105134,0.244087,0.400618,-0.0342103,-0.141969,0.461566,0.114379,0.0890819,0.463975,-0.175963,1.19927e-11,0.133224,0.157808,-1.82983e-11,0.0517469,-0.140859,6.81397e-12
5.693,0.290222,-0.104881,0.244157,0.399807,-0.0340195,-0.142187,0.461905,0.11439,0.0892918,0.463975,-0.175963,1.19927e-11,0.133224,0.157808,-1.82983e-11,0.0517469,-0.140859,6.81397e-12
5.694,0.29032,-0.104626,0.244225,0.398977,-0.0338314,-0.142398,0.462246,0.114402,0.089499,0.463975,-0.175963,1.19927e-11,0.133224,0.157808,-1.82983e-11,0.0517469,-0.140859,6.81397e-12
5.695,0.290418,-0.104371,0.244293,0.398128,-0.0336459,-0.1426,0.462588,0.114413,0.0897035,0.463975,-0.175963,1.19927e-11,0.133224,0.157808,-1.82983e-11,0.0517469,-0.140859,6.81397e-12
5.696,0.290515,-0.104115,0.24436,0.397259,-0.0334632,-0.142793,0.462932,0.114425,0.0899053,0.463975,-0.175963,1.19927e-11,0.133224,0.157808,-1.82983e-11,0.0517469,-0.140859,6.81397e-12
5.697,0.290611,-0.103858,0.244425,0.396372,-0.0332833,-0.142978,0.463278,0.114436,0.0901044,0.463975,-0.175963,1.19927e-11,0.133224,0.157808,-1.82983e-11,0.0517469,-0.140859,6.81397e-12
5.698,0.290708,-0.103601,0.24449,0.395465,-0.0331062,-0.143155,0.463625,0.114448,0.0903008,0.463975,-0.175963,1.19927e-11,0.133224,0.157808,-1.82983e-11,0.0517469,-0.140859,6.81397e-12
5.699,0.290803,-0.103343,0.244554,0.394538,-0.0329321,-0.143322,0.463974,0.11446,0.0904943,0.463975,-0.175963,1.19927e-11,0.133224,0.157808,-1.82983e-11,0.0517469,-0.140859,6.81397e-12
5.7,0.290898,-0.103084,0.244617,0.393592,-0.0327611,-0.143481,0.464325,0.114471,0.0906852,0.463975,-0.175963,1.19927e-11,0.133224,0.157808,-1.82983e-11,0.0517469,-0.140859,6.81397e-12
5.701,0.290993,-0.102824,0.24468,0.392627,-0.0325931,-0.143631,0.464678,0.114483,0.0908732,0.463975,-0.175963,1.19927e-11,0.133224,0.157808,-1.82983e-11,0.0517469,-0.140859,6.81397e-12
5.702,0.291087,-0.102563,0.244741,0.391642,-0.0324281,-0.143772,0.465032,0.114495,0.0910584,0.463975,-0.175963,1.19927e-11,0.133224,0.157808,-1.82983e-11,0.0517469,-0.140859,6.81397e-12
5.703,0.291181,-0.102302,0.244801,0.390637,-0.0322663,-0.143904,0.465388,0.114507,0.0912407,0.463975,-0.175963,1.19927e-11,0.133224,0.157808,-1.82983e-11,0.0517469,-0.140859,6.81397e-12
5.704,0.291274,-0.10204,0.244861,0.389613,-0.0321074,-0.144027,0.465746,0.114519,0.0914202,0.463975,-0.175963,1.19927e-11,0.133224,0.157808,-1.82983e-11,0.0517469,-0.140859,6.81397e-12
5.705,0.291366,-0.101777,0.244919,0.38857,-0.0319516,-0.144142,0.466105,0.114531,0.0915968,0.463975,-0.175963,1.19927e-11,0.133224,0.157808,-1.82983e-11,0.0517469,-0.140859,6.81397e-12
5.706,0.291458,-0.101514,0.244977,0.387508,-0.0317988,-0.144247,0.466467,0.114543,0.0917705,0.463975,-0.175963,1.19927e-11,0.133224,0.157808,-1.82983e-11,0.0517469,-0.140859,6.81397e-12
5.707,0.29155,-0.101249,0.245033,0.386428,-0.031649,-0.144345,0.46683,0.114555,0.0919413,0.463975,-0.175963,1.19927e-11,0.133224,0.157808,-1.82983e-11,0.0517469,-0.140859,6.81397e-12
5.708,0.291641,-0.100985,0.245089,0.385329,-0.0315022,-0.144433,0.467195,0.114567,0.0921091,0.463975,-0.175963,1.19927e-11,0.133224,0.157808,-1.82983e-11,0.0517469,-0.140859,6.81397e-12
5.709,0.291731,-0.100719,0.245144,0.384211,-0.0313584,-0.144513,0.467561,0.11458,0.092274,0.463975,-0.175963,1.19927e-11,0.133224,0.157808,-1.82983e-11,0.0517469,-0.140859,6.81397e-12
5.71,0.291821,-0.100453,0.245198,0.383075,-0.0312175,-0.144585,0.46793,0.114592,0.0924358,0.463975,-0.175963,1.19927e-11,0.133224,0.157808,-1.82983e-11,0.0517469,-0.140859,6.81397e-12
5.711,0.291911,-0.100186,0.24525,0.381921,-0.0310795,-0.144648,0.4683,0.114604,0.0925947,0.463975,-0.175963,1.19927e-11,0.133224,0.157808,-1.82983e-11,0.0517469,-0.140859,6.81397e-12
5.712,0.292,-0.099918,0.245302,0.380749,-0.0309445,-0.144703,0.468672,0.114617,0.0927505,0.463975,-0.175963,1.19927e-11,0.133224,0.157808,-1.82983e-11,0.0517469,-0.140859,6.81397e-12
5.713,0.292088,-0.0996497,0.245354,0.37956,-0.0308124,-0.14475,0.469045,0.114629,0.0929033,0.463975,-0.175963,1.19927e-11,0.133224,0.157808,-1.82983e-11,0.0517469,-0.140859,6.81397e-12
5.714,0.292176,-0.0993807,0.245404,0.378353,-0.0306832,-0.144789,0.469421,0.114642,0.093053,0.463975,-0.175963,1.19927e-11,0.133224,0.157808,-1.82983e-11,0.0517469,-0.140859,6.81397e-12
5.715,0.292263,-0.099111,0.245453,0.377128,-0.0305568,-0.144819,0.469798,0.114655,0.0931996,0.463975,-0.175963,1.19927e-11,0.133224,0.157808,-1.82983e-11,0.0517469,-0.140859,6.81397e-12
5.716,0.29235,-0.0988407,0.245501,0.375886,-0.0304334,-0.144841,0.470177,0.114667,0.0933431,0.463975,-0.175963,1.19927e-11,0.133224,0.157808,-1.82983e-11,0.0517469,-0.140859,6.81397e-12
5.717,0.292437,-0.0985697,0.245549,0.374627,-0.0303128,-0.144856,0.470558,0.11468,0.0934834,0.463975,-0.175963,1.19927e-11,0.133224,0.157808,-1.82983e-11,0.0517469,-0.140859,6.81397e-12
5.718,0.292522,-0.0982981,0.245595,0.373351,-0.030195,-0.144862,0.470941,0.114693,0.0936207,0.463975,-0.175963,1.19927e-11,0.133224,0.157808,-1.82983e-11,0.0517469,-0.140859,6.81397e-12
5.719,0.292608,-0.0980259,0.24564,0.372058,-0.0300801,-0.144861,0.471325,0.114706,0.0937547,0.463975,-0.175963,1.19927e-11,0.133224,0.157808,-1.82983e-11,0.0517469,-0.140859,6.81397e-12
5.72,0.292692,-0.097753,0.245685,0.370748,-0.0299679,-0.144851,0.471712,0.114719,0.0938855,0.463975,-0.175963,1.19927e-11,0.133224,0.157808,-1.82983e-11,0.0517469,-0.140859,6.81397e-12
5.721,0.292777,-0.0974795,0.245729,0.369422,-0.0298586,-0.144834,0.4721,0.114732,0.0940131,0.463975,-0.175963,1.19927e-11,0.133224,0.157808,-1.82983e-11,0.0517469,-0.140859,6.81397e-12
5.722,0.292861,-0.0972054,0.245771,0.36808,-0.0297521,-0.14481,0.47249,0.114745,0.0941375,0.463975,-0.175963,1.19927e-11,0.133224,0.157808,-1.82983e-11,0.0517469,-0.140859,6.81397e-12
5.723,0.292944,-0.0969307,0.245813,0.366722,-0.0296483,-0.144777,0.472881,0.114758,0.0942586,0.463975,-0.175963,1.19927e-11,0.133224,0.157808,-1.82983e-11,0.0517469,-0.140859,6.81397e-12
5.724,0.293027,-0.0966554,0.245854,0.365347,-0.0295472,-0.144738,0.473275,0.114771,0.0943765,0.463975,-0.175963,1.19927e-11,0.133224,0.157808,-1.82983e-11,0.0517469,-0.140859,6.81397e-12
5.725,0.293109,-0.0963795,0.245894,0.363957,-0.029449,-0.14469,0.47367,0.114784,0.094491,0.463975,-0.175963,1.19927e-11,0.133224,0.157808,-1.82983e-11,0.0517469,-0.140859,6.81397e-12
5.726,0.29319,-0.096103,0.245933,0.362551,-0.0293534,-0.144635,0.474067,0.114798,0.0946023,0.463975,-0.175963,1.19927e-11,0.133224,0.157808,-1.82983e-11,0.0517469,-0.140859,6.81397e-12
5.727,0.293272,-0.095826,0.245971,0.36113,-0.0292605,-0.144573,0.474466,0.114811,0.0947101,0.463975,-0.175963,1.19927e-11,0.133224,0.157808,-1.82983e-11,0.0517469,-0.140859,6.81397e-12
5.728,0.293352,-0.0955483,0.246008,0.359693,-0.0291704,-0.144504,0.474867,0.114824,0.0948147,0.463975,-0.175963,1.19927e-11,0.133224,0.157808,-1.82983e-11,0.0517469,-0.140859,6.81397e-12
5.729,0.293432,-0.0952701,0.246045,0.358241,-0.0290829,-0.144427,0.47527,0.114838,0.0949158,0.463975,-0.175963,1.19927e-11,0.133224,0.157808,-1.82983e-11,0.0517469,-0.140859,6.81397e-12
5.73,0.293512,-0.0949914,0.24608,0.356775,-0.0289981,-0.144343,0.475675,0.114851,0.0950135,0.463975,-0.175963,1.19927e-11,0.133224,0.157808,-1.82983e-11,0.0517469,-0.140859,6.81397e-12
5.731,0.293591,-0.0947121,0.246114,0.355293,-0.0289159,-0.144252,0.476081,0.114865,0.0951078,0.463975,-0.175963,1.19927e-11,0.133224,0.157808,-1.82983e-11,0.0517469,-0.140859,6.81397e-12
5.732,0.29367,-0.0944322,0.246148,0.353797,-0.0288364,-0.144154,0.476489,0.114879,0.0951987,0.463975,-0.175963,1.19927e-11,0.133224,0.157808,-1.82983e-11,0.0517469,-0.140859,6.81397e-12
5.733,0.293748,-0.0941518,0.24618,0.352286,-0.0287595,-0.144049,0.4769,0.114893,0.0952861,0.463975,-0.175963,1.19927e-11,0.133224,0.157808,-1.82983e-11,0.0517469,-0.140859,6.81397e-12
5.734,0.293825,-0.0938709,0.246212,0.350761,-0.0286852,-0.143937,0.477312,0.114906,0.09537,0.463975,-0.175963,1.19927e-11,0.133224,0.157808,-1.82983e-11,0.0517469,-0.140859,6.81397e-12
5.735,0.293902,-0.0935895,0.246243,0.349221,-0.0286136,-0.143818,0.477726,0.11492,0.0954504,0.463975,-0.175963,1.19927e-11,0.133224,0.157808,-1.82983e-11,0.0517469,-0.140859,6.81397e-12
5.736,0.293979,-0.0933075,0.246272,0.347668,-0.0285444,-0.143692,0.478141,0.114934,0.0955272,0.463975,-0.175963,1.19927e-11,0.133224,0.157808,-1.82983e-11,0.0517469,-0.140859,6.81397e-12
5.737,0.294054,-0.0930251,0.246301,0.3461,-0.0284779,-0.143559,0.478559,0.114948,0.0956006,0.463975,-0.175963,1.19927e-11,0.133224,0.157808,-1.82983e-11,0.0517469,-0.140859,6.81397e-12
5.738,0.29413,-0.0927421,0.246329,0.344519,-0.0284139,-0.14342,0.478979,0.114962,0.0956703,0.463975,-0.175963,1.19927e-11,0.133224,0.157808,-1.82983e-11,0.0517469,-0.140859,6.81397e-12
5.739,0.294205,-0.0924586,0.246356,0.342925,-0.0283525,-0.143274,0.4794,0.114976,0.0957365,0.463975,-0.175963,1.19927e-11,0.133224,0.157808,-1.82983e-11,0.0517469,-0.140859,6.81397e-12
5.74,0.294279,-0.0921747,0.246382,0.341317,-0.0282936,-0.143122,0.479823,0.11499,0.095799,0.463975,-0.175963,1.19927e-11,0.133224,0.157808,-1.82983e-11,0.0517469,-0.140859,6.81397e-12
5.741,0.294353,-0.0918902,0.246407,0.339696,-0.0282371,-0.142963,0.480249,0.115005,0.0958579,0.463975,-0.175963,1.19927e-11,0.133224,0.157808,-1.82983e-11,0.0517469,-0.140859,6.81397e-12
5.742,0.294426,-0.0916053,0.246432,0.338062,-0.0281832,-0.142797,0.480676,0.115019,0.0959132,0.463975,-0.175963,1.19927e-11,0.133224,0.157808,-1.82983e-11,0.0517469,-0.140859,6.81397e-12
5.743,0.294499,-0.0913199,0.246455,0.336414,-0.0281318,-0.142626,0.481105,0.115033,0.0959648,0.463975,-0.175963,1.19927e-11,0.133224,0.157808,-1.82983e-11,0.0517469,-0.140859,6.81397e-12
5.744,0.294571,-0.0910341,0.246477,0.334755,-0.0280828,-0.142448,0.481536,0.115048,0.0960127,0.463975,-0.175963,1.19927e-11,0.133224,0.157808,-1.82983e-11,0.0517469,-0.140859,6.81397e-12
5.745,0.294643,-0.0907478,0.246499,0.333082,-0.0280363,-0.142263,0.481968,0.115062,0.0960568,0.463975,-0.175963,1.19927e-11,0.133224,0.157808,-1.82983e-11,0.0517469,-0.140859,6.81397e-12
5.746,0.294714,-0.090461,0.246519,0.331398,-0.0279922,-0.142073,0.482403,0.115077,0.0960973,0.463975,-0.175963,1.19927e-11,0.133224,0.157808,-1.82983e-11,0.0517469,-0.140859,6.81397e-12
5.747,0.294785,-0.0901738,0.246539,0.329701,-0.0279505,-0.141876,0.48284,0.115091,0.096134,0.463975,-0.175963,1.19927e-11,0.133224,0.157808,-1.82983e-11,0.0517469,-0.140859,6.81397e-12
5.748,0.294855,-0.0898862,0.246557,0.327992,-0.0279113,-0.141674,0.483278,0.115106,0.0961669,0.463975,-0.175963,1.19927e-11,0.133224,0.157808,-1.82983e-11,0.0517469,-0.140859,6.81397e-12
5.749,0.294925,-0.0895981,0.246575,0.326271,-0.0278744,-0.141465,0.483719,0.115121,0.096196,0.463975,-0.175963,1.19927e-11,0.133224,0.157808,-1.82983e-11,0.0517469,-0.140859,6.81397e-12
5.75,0.294994,-0.0893097,0.246592,0.324538,-0.02784,-0.14125,0.484161,0.115136,0.0962213,0.463975,-0.175963,1.19927e-11,0.133224,0.157808,-1.82983e-11,0.0517469,-0.140859,6.81397e-12
5.751,0.295062,-0.0890208,0.246608,0.322793,-0.0278078,-0.14103,0.484606,0.115151,0.0962427,0.463975,-0.175963,1.19927e-11,0.133224,0.157808,-1.82983e-11,0.0517469,-0.140859,6.81397e-12
5.752,0.29513,-0.0887315,0.246623,0.321038,-0.0277781,-0.140803,0.485052,0.115166,0.0962603,0.463975,-0.175963,1.19927e-11,0.133224,0.157808,-1.82983e-11,0.0517469,-0.140859,6.81397e-12
5.753,0.295198,-0.0884418,0.246637,0.319271,-0.0277507,-0.140571,0.4855,0.115181,0.096274,0.463975,-0.175963,1.19927e-11,0.133224,0.157808,-1.82983e-11,0.0517469,-0.140859,6.81397e-12
5.754,0.295265,-0.0881517,0.24665,0.317493,-0.0277256,-0.140333,0.48595,0.115196,0.0962838,0.463975,-0.175963,1.19927e-11,0.133224,0.157808,-1.82983e-11,0.0517469,-0.140859,6.81397e-12
5.755,0.295331,-0.0878612,0.246662,0.315704,-0.0277028,-0.14009,0.486402,0.115211,0.0962897,0.463975,-0.175963,1.19927e-11,0.133224,0.157808,-1.82983e-11,0.0517469,-0.140859,6.81397e-12
5.756,0.295397,-0.0875704,0.246673,0.313904,-0.0276823,-0.139841,0.486857,0.115226,0.0962916,0.463975,-0.175963,1.19927e-11,0.133224,0.157808,-1.82983e-11,0.0517469,-0.140859,6.81397e-12
5.757,0.295463,-0.0872791,0.246683,0.312093,-0.027664,-0.139587,0.487311,0.115241,0.0962896,0.463975,-0.175963,1.19927e-11,0.133224,0.157808,-1.82983e-11,0.0517469,-0.140859,6.81397e-12
5.758,0.295527,-0.0869875,0.246693,0.310273,-0.0276481,-0.139327,0.487763,0.115256,0.0962836,0.463975,-0.175963,1.19927e-11,0.133224,0.157808,-1.82983e-11,0.0517469,-0.140859,6.81397e-12
5.759,0.295592,-0.0866956,0.246701,0.308441,-0.0276344,-0.139061,0.488213,0.115271,0.0962737,0.463975,-0.175963,1.19927e-11,0.133224,0.157808,-1.82983e-11,0.0517469,-0.140859,6.81397e-12
5.76,0.295655,-0.0864033,0.246709,0.3066,-0.0276229,-0.138791,0.488661,0.115286,0.0962599,0.463975,-0.175963,1.19927e-11,0.133224,0.157808,-1.82983e-11,0.0517469,-0.140859,6.81397e-12
5.761,0.295719,-0.0861106,0.246715,0.304749,-0.0276137,-0.138515,0.489107,0.115301,0.0962422,0.463975,-0.175963,1.19927e-11,0.133224,0.157808,-1.82983e-11,0.0517469,-0.140859,6.81397e-12
5.762,0.295781,-0.0858176,0.246721,0.302888,-0.0276066,-0.138234,0.489552,0.115316,0.0962207,0.463975,-0.175963,1.19927e-11,0.133224,0.157808,-1.82983e-11,0.0517469,-0.140859,6.81397e-12
5.763,0.295844,-0.0855243,0.246726,0.301017,-0.0276018,-0.137947,0.489994,0.115331,0.0961953,0.463975,-0.175963,1.19927e-11,0.133224,0.157808,-1.82983e-11,0.0517469,-0.140859,6.81397e-12
5.764,0.295905,-0.0852306,0.24673,0.299137,-0.0275991,-0.137656,0.490434,0.115346,0.0961661,0.463975,-0.175963,1.19927e-11,0.133224,0.157808,-1.82983e-11,0.0517469,-0.140859,6.81397e-12
5.765,0.295966,-0.0849366,0.246733,0.297248,-0.0275986,-0.13736,0.490873,0.115361,0.0961331,0.463975,-0.175963,1.19927e-11,0.133224,0.157808,-1.82983e-11,0.0517469,-0.140859,6.81397e-12
5.766,0.296027,-0.0846424,0.246735,0.295349,-0.0276003,-0.137058,0.49131,0.115375,0.0960964,0.463975,-0.175963,1.19927e-11,0.133224,0.157808,-1.82983e-11,0.0517469,-0.140859,6.81397e-12
5.767,0.296087,-0.0843478,0.246736,0.293442,-0.0276041,-0.136752,0.491744,0.11539,0.0960558,0.463975,-0.175963,1.19927e-11,0.133224,0.157808,-1.82983e-11,0.0517469,-0.140859,6.81397e-12
5.768,0.296147,-0.0840529,0.246736,0.291525,-0.02761,-0.136441,0.492177,0.115404,0.0960116,0.463975,-0.175963,1.19927e-11,0.133224,0.157808,-1.82983e-11,0.0517469,-0.140859,6.81397e-12
5.769,0.296205,-0.0837577,0.246735,0.2896,-0.027618,-0.136126,0.492608,0.115419,0.0959636,0.463975,-0.175963,1.19927e-11,0.133224,0.157808,-1.82983e-11,0.0517469,-0.140859,6.81397e-12
5.77,0.296264,-0.0834623,0.246733,0.287667,-0.0276281,-0.135805,0.493037,0.115433,0.0959119,0.463975,-0.175963,1.19927e-11,0.133224,0.157808,-1.82983e-11,0.0517469,-0.140859,6.81397e-12
5.771,0.296322,-0.0831665,0.246731,0.285725,-0.0276403,-0.13548,0.493464,0.115447,0.0958566,0.463975,-0.175963,1.19927e-11,0.133224,0.157808,-1.82983e-11,0.0517469,-0.140859,6.81397e-12
5.772,0.296379,-0.0828705,0.246727,0.283775,-0.0276545,-0.13515,0.493889,0.115462,0.0957976,0.463975,-0.175963,1.19927e-11,0.133224,0.157808,-1.82983e-11,0.0517469,-0.140859,6.81397e-12
5.773,0.296436,-0.0825742,0.246723,0.281817,-0.0276708,-0.134816,0.494312,0.115476,0.0957349,0.463975,-0.175963,1.19927e-11,0.133224,0.157808,-1.82983e-11,0.0517469,-0.140859,6.81397e-12
5.774,0.296492,-0.0822777,0.246717,0.279851,-0.0276891,-0.134478,0.494734,0.11549,0.0956687,0.463975,-0.175963,1.19927e-11,0.133224,0.157808,-1.82983e-11,0.0517469,-0.140859,6.81397e-12
5.775,0.296548,-0.0819809,0.246711,0.277878,-0.0277095,-0.134135,0.495153,0.115504,0.0955988,0.463975,-0.175963,1.19927e-11,0.133224,0.157808,-1.82983e-11,0.0517469,-0.140859,6.81397e-12
5.776,0.296603,-0.0816839,0.246703,0.275897,-0.0277319,-0.133787,0.495571,0.115518,0.0955254,0.463975,-0.175963,1.19927e-11,0.133224,0.157808,-1.82983e-11,0.0517469,-0.140859,6.81397e-12
5.777,0.296658,-0.0813866,0.246695,0.273908,-0.0277562,-0.133436,0.495987,0.115532,0.0954485,0.463975,-0.175963,1.19927e-11,0.133224,0.157808,-1.82983e-11,0.0517469,-0.140859,6.81397e-12
5.778,0.296712,-0.0810892,0.246686,0.271913,-0.0277825,-0.13308,0.4964,0.115546,0.095368,0.463975,-0.175963,1.19927e-11,0.133224,0.157808,-1.82983e-11,0.0517469,-0.140859,6.81397e-12
5.779,0.296766,-0.0807914,0.246676,0.26991,-0.0278108,-0.13272,0.496812,0.11556,0.095284,0.463975,-0.175963,1.19927e-11,0.133224,0.157808,-1.82983e-11,0.0517469,-0.140859,6.81397e-12
5.78,0.296819,-0.0804935,0.246665,0.267901,-0.0278411,-0.132356,0.497223,0.115573,0.0951965,0.463975,-0.175963,1.19927e-11,0.133224,0.157808,-1.82983e-11,0.0517469,-0.140859,6.81397e-12
5.781,0.296871,-0.0801954,0.246653,0.265884,-0.0278732,-0.131988,0.497631,0.115587,0.0951056,0.463975,-0.175963,1.19927e-11,0.133224,0.157808,-1.82983e-11,0.0517469,-0.140859,6.81397e-12
5.782,0.296923,-0.079897,0.24664,0.263862,-0.0279073,-0.131616,0.498037,0.115601,0.0950112,0.463975,-0.175963,1.19927e-11,0.133224,0.157808,-1.82983e-11,0.0517469,-0.140859,6.81397e-12
5.783,0.296975,-0.0795985,0.246627,0.261833,-0.0279433,-0.131241,0.498442,0.115614,0.0949134,0.463975,-0.175963,1.19927e-11,0.133224,0.157808,-1.82983e-11,0.0517469,-0.140859,6.81397e-12
5.784,0.297026,-0.0792998,0.246612,0.259797,-0.0279812,-0.130861,0.498844,0.115628,0.0948122,0.463975,-0.175963,1.19927e-11,0.133224,0.157808,-1.82983e-11,0.0517469,-0.140859,6.81397e-12
5.785,0.297076,-0.0790009,0.246596,0.257756,-0.028021,-0.130477,0.499245,0.115641,0.0947076,0.463975,-0.175963,1.19927e-11,0.133224,0.157808,-1.82983e-11,0.0517469,-0.140859,6.81397e-12
5.786,0.297126,-0.0787018,0.24658,0.255709,-0.0280626,-0.13009,0.499644,0.115654,0.0945996,0.463975,-0.175963,1.19927e-11,0.133224,0.157808,-1.82983e-11,0.0517469,-0.140859,6.81397e-12
5.787,0.297175,-0.0784026,0.246562,0.253656,-0.0281061,-0.1297,0.500041,0.115668,0.0944883,0.463975,-0.175963,1.19927e-11,0.133224,0.157808,-1.82983e-11,0.0517469,-0.140859,6.81397e-12
5.788,0.297224,-0.0781032,0.246544,0.251597,-0.0281514,-0.129305,0.500437,0.115681,0.0943737,0.463975,-0.175963,1.19927e-11,0.133224,0.157808,-1.82983e-11,0.0517469,-0.140859,6.81397e-12
5.789,0.297272,-0.0778036,0.246525,0.249533,-0.0281986,-0.128907,0.50083,0.115694,0.0942558,0.463975,-0.175963,1.19927e-11,0.133224,0.157808,-1.82983e-11,0.0517469,-0.140859,6.81397e-12
5.79,0.29732,-0.0775039,0.246504,0.247464,-0.0282475,-0.128506,0.501222,0.115707,0.0941346,0.463975,-0.175963,1.19927e-11,0.133224,0.157808,-1.82983e-11,0.0517469,-0.140859,6.81397e-12
5.791,0.297367,-0.077204,0.246483,0.24539,-0.0282982,-0.128102,0.501612,0.11572,0.0940101,0.463975,-0.175963,1.19927e-11,0.133224,0.157808,-1.82983e-11,0.0517469,-0.140859,6.81397e-12
5.792,0.297413,-0.0769041,0.246461,0.243311,-0.0283507,-0.127694,0.502,0.115733,0.0938824,0.463975,-0.175963,1.19927e-11,0.133224,0.157808,-1.82983e-11,0.0517469,-0.140859,6.81397e-12
5.793,0.297459,-0.0766039,0.246438,0.241227,-0.028405,-0.127282,0.502386,0.115746,0.0937515,0.463975,-0.175963,1.19927e-11,0.133224,0.157808,-1.82983e-11,0.0517469,-0.140859,6.81397e-12
5.794,0.297505,-0.0763037,0.246414,0.239138,-0.028461,-0.126868,0.502771,0.115759,0.0936174,0.463975,-0.175963,1.19927e-11,0.133224,0.157808,-1.82983e-11,0.0517469,-0.140859,6.81397e-12
5.795,0.29755,-0.0760034,0.246389,0.237045,-0.0285188,-0.12645,0.503153,0.115772,0.0934801,0.463975,-0.175963,1.19927e-11,0.133224,0.157808,-1.82983e-11,0.0517469,-0.140859,6.81397e-12
5.796,0.297594,-0.0757029,0.246363,0.234948,-0.0285782,-0.126029,0.503534,0.115785,0.0933397,0.463975,-0.175963,1.19927e-11,0.133224,0.157808,-1.82983e-11,0.0517469,-0.140859,6.81397e-12
5.797,0.297638,-0.0754024,0.246337,0.232847,-0.0286394,-0.125606,0.503913,0.115797,0.0931961,0.463975,-0.175963,1.19927e-11,0.133224,0.157808,-1.82983e-11,0.0517469,-0.140859,6.81397e-12
5.798,0.297681,-0.0751017,0.246309,0.230742,-0.0287023,-0.125179,0.50429,0.11581,0.0930494,0.463975,-0.175963,1.19927e-11,0.133224,0.157808,-1.82983e-11,0.0517469,-0.140859,6.81397e-12
5.799,0.297724,-0.074801,0.24628,0.228633,-0.0287668,-0.12475,0.504666,0.115823,0.0928997,0.463975,-0.175963,1.19927e-11,0.133224,0.157808,-1.82983e-11,0.0517469,-0.140859,6.81397e-12
5.8,0.297766,-0.0745002,0.246251,0.22652,-0.028833,-0.124317,0.505039,0.115835,0.0927468,0.463975,-0.175963,1.19927e-11,0.133224,0.157808,-1.82983e-11,0.0517469,-0.140859,6.81397e-12
5.801,0.297808,-0.0741993,0.246221,0.224404,-0.0289008,-0.123882,0.505411,0.115848,0.0925909,0.463975,-0.175963,1.19927e-11,0.133224,0.157808,-1.82983e-11,0.0517469,-0.140859,6.81397e-12
5.802,0.297849,-0.0738984,0.246189,0.222285,-0.0289703,-0.123444,0.505781,0.11586,0.092432,0.463975,-0.175963,1.19927e-11,0.133224,0.157808,-1.82983e-11,0.0517469,-0.140859,6.81397e-12
5.803,0.29789,-0.0735974,0.246157,0.220163,-0.0290414,-0.123004,0.50615,0.115872,0.09227,0.463975,-0.175963,1.19927e-11,0.133224,0.157808,-1.82983e-11,0.0517469,-0.140859,6.81397e-12
5.804,0.29793,-0.0732963,0.246124,0.218038,-0.029114,-0.122562,0.506516,0.115885,0.0921051,0.463975,-0.175963,1.19927e-11,0.133224,0.157808,-1.82983e-11,0.0517469,-0.140859,6.81397e-12
5.805,0.297969,-0.0729952,0.24609,0.215911,-0.0291882,-0.122117,0.506881,0.115897,0.0919372,0.463975,-0.175963,1.19927e-11,0.133224,0.157808,-1.82983e-11,0.0517469,-0.140859,6.81397e-12
5.806,0.298008,-0.072694,0.246055,0.213781,-0.0292638,-0.12167,0.507244,0.115909,0.0917664,0.463975,-0.175963,1.19927e-11,0.133224,0.157808,-1.82983e-11,0.0517469,-0.140859,6.81397e-12
5.807,0.298047,-0.0723928,0.246019,0.21165,-0.029341,-0.121222,0.507605,0.115921,0.0915926,0.463975,-0.175963,1.19927e-11,0.133224,0.157808,-1.82983e-11,0.0517469,-0.140859,6.81397e-12
5.808,0.298085,-0.0720916,0.245982,0.209517,-0.0294196,-0.120771,0.507965,0.115933,0.0914159,0.463975,-0.175963,1.19927e-11,0.133224,0.157808,-1.82983e-11,0.0517469,-0.140859,6.81397e-12
5.809,0.298122,-0.0717903,0.245945,0.207383,-0.0294997,-0.120319,0.508323,0.115945,0.0912364,0.463975,-0.175963,1.19927e-11,0.133224,0.157808,-1.82983e-11,0.0517469,-0.140859,6.81397e-12
5.81,0.298159,-0.071489,0.245906,0.205247,-0.0295811,-0.119866,0.508679,0.115957,0.091054,0.463975,-0.175963,1.19927e-11,0.133224,0.157808,-1.82983e-11,0.0517469,-0.140859,6.81397e-12
5.811,0.298195,-0.0711876,0.245867,0.203111,-0.029664,-0.119412,0.509033,0.115969,0.0908687,0.463975,-0.175963,1.19927e-11,0.133224,0.157808,-1.82983e-11,0.0517469,-0.140859,6.81397e-12
5.812,0.298231,-0.0708863,0.245827,0.200974,-0.0297481,-0.118956,0.509386,0.115981,0.0906806,0.463975,-0.175963,1.19927e-11,0.133224,0.157808,-1.82983e-11,0.0517469,-0.140859,6.81397e-12
5.813,0.298266,-0.0705849,0.245786,0.198837,-0.0298336,-0.118499,0.509736,0.115992,0.0904897,0.463975,-0.175963,1.19927e-11,0.133224,0.157808,-1.82983e-11,0.0517469,-0.140859,6.81397e-12
5.814,0.298301,-0.0702835,0.245744,0.196699,-0.0299205,-0.118042,0.510085,0.116004,0.0902961,0.463975,-0.175963,1.19927e-11,0.133224,0.157808,-1.82983e-11,0.0517469,-0.140859,6.81397e-12
5.815,0.298336,-0.0699821,0.245702,0.194562,-0.0300085,-0.117583,0.510433,0.116016,0.0900997,0.463975,-0.175963,1.19927e-11,0.133224,0.157808,-1.82983e-11,0.0517469,-0.140859,6.81397e-12
5.816,0.298369,-0.0696808,0.245658,0.192425,-0.0300978,-0.117125,0.510778,0.116027,0.0899005,0.463975,-0.175963,1.19927e-11,0.133224,0.157808,-1.82983e-11,0.0517469,-0.140859,6.81397e-12
5.817,0.298403,-0.0693794,0.245614,0.190289,-0.0301884,-0.116665,0.511122,0.116039,0.0896986,0.463975,-0.175963,1.19927e-11,0.133224,0.157808,-1.82983e-11,0.0517469,-0.140859,6.81397e-12
5.818,0.298435,-0.069078,0.245569,0.188154,-0.0302801,-0.116206,0.511465,0.11605,0.089494,0.463975,-0.175963,1.19927e-11,0.133224,0.157808,-1.82983e-11,0.0517469,-0.140859,6.81397e-12
5.819,0.298468,-0.0687767,0.245523,0.18602,-0.030373,-0.115747,0.511805,0.116062,0.0892868,0.463975,-0.175963,1.19927e-11,0.133224,0.157808,-1.82983e-11,0.0517469,-0.140859,6.81397e-12
5.82,0.2985,-0.0684753,0.245477,0.183887,-0.030467,-0.115287,0.512144,0.116073,0.0890769,0.463975,-0.175963,1.19927e-11,0.133224,0.157808,-1.82983e-11,0.0517469,-0.140859,6.81397e-12
5.821,0.298531,-0.068174,0.245429,0.181756,-0.0305621,-0.114828,0.512481,0.116084,0.0888643,0.463975,-0.175963,1.19927e-11,0.133224,0.157808,-1.82983e-11,0.0517469,-0.140859,6.81397e-12
5.822,0.298562,-0.0678727,0.245381,0.179627,-0.0306584,-0.114369,0.512816,0.116096,0.0886492,0.463975,-0.175963,1.19927e-11,0.133224,0.157808,-1.82983e-11,0.0517469,-0.140859,6.81397e-12
5.823,0.298592,-0.0675715,0.245332,0.177501,-0.0307556,-0.113911,0.51315,0.116107,0.0884314,0.463975,-0.175963,1.19927e-11,0.133224,0.157808,-1.82983e-11,0.0517469,-0.140859,6.81397e-12
5.824,0.298622,-0.0672703,0.245283,0.175376,-0.0308539,-0.113453,0.513482,0.116118,0.0882111,0.463975,-0.175963,1.19927e-11,0.133224,0.157808,-1.82983e-11,0.0517469,-0.140859,6.81397e-12
5.825,0.298651,-0.0669691,0.245232,0.173255,-0.0309532,-0.112996,0.513812,0.116129,0.0879882,0.463975,-0.175963,1.19927e-11,0.133224,0.157808,-1.82983e-11,0.0517469,-0.140859,6.81397e-12
5.826,0.29868,-0.066668,0.245181,0.171136,-0.0310535,-0.112541,0.514141,0.11614,0.0877628,0.463975,-0.175963,1.19927e-11,0.133224,0.157808,-1.82983e-11,0.0517469,-0.140859,6.81397e-12
5.827,0.298708,-0.0663669,0.24513,0.169021,-0.0311547,-0.112086,0.514468,0.116151,0.0875349,0.463975,-0.175963,1.19927e-11,0.133224,0.157808,-1.82983e-11,0.0517469,-0.140859,6.81397e-12
5.828,0.298736,-0.0660659,0.245077,0.166909,-0.0312568,-0.111632,0.514793,0.116162,0.0873045,0.463975,-0.175963,1.19927e-11,0.133224,0.157808,-1.82983e-11,0.0517469,-0.140859,6.81397e-12
5.829,0.298764,-0.065765,0.245024,0.164801,-0.0313599,-0.11118,0.515117,0.116173,0.0870716,0.463975,-0.175963,1.19927e-11,0.133224,0.157808,-1.82983e-11,0.0517469,-0.140859,6.81397e-12
5.83,0.298791,-0.0654641,0.24497,0.162697,-0.0314637,-0.110729,0.515439,0.116183,0.0868362,0.463975,-0.175963,1.19927e-11,0.133224,0.157808,-1.82983e-11,0.0517469,-0.140859,6.81397e-12
5.831,0.298817,-0.0651633,0.244915,0.160597,-0.0315685,-0.110281,0.515759,0.116194,0.0865985,0.463975,-0.175963,1.19927e-11,0.133224,0.157808,-1.82983e-11,0.0517469,-0.140859,6.81397e-12
5.832,0.298843,-0.0648626,0.24486,0.158502,-0.031674,-0.109834,0.516078,0.116205,0.0863583,0.463975,-0.175963,1.19927e-11,0.133224,0.157808,-1.82983e-11,0.0517469,-0.140859,6.81397e-12
5.833,0.298869,-0.0645619,0.244804,0.156412,-0.0317804,-0.109388,0.516395,0.116215,0.0861158,0.463975,-0.175963,1.19927e-11,0.133224,0.157808,-1.82983e-11,0.0517469,-0.140859,6.81397e-12
5.834,0.298894,-0.0642614,0.244747,0.154326,-0.0318875,-0.108946,0.51671,0.116226,0.0858709,0.463975,-0.175963,1.19927e-11,0.133224,0.157808,-1.82983e-11,0.0517469,-0.140859,6.81397e-12
5.835,0.298919,-0.0639609,0.24469,0.152246,-0.0319953,-0.108505,0.517024,0.116237,0.0856236,0.463975,-0.175963,1.19927e-11,0.133224,0.157808,-1.82983e-11,0.0517469,-0.140859,6.81397e-12
5.836,0.298943,-0.0636605,0.244632,0.150172,-0.0321038,-0.108067,0.517336,0.116247,0.085374,0.463975,-0.175963,1.19927e-11,0.133224,0.157808,-1.82983e-11,0.0517469,-0.140859,6.81397e-12
5.837,0.298967,-0.0633602,0.244573,0.148103,-0.032213,-0.107631,0.517646,0.116257,0.0851222,0.463975,-0.175963,1.19927e-11,0.133224,0.157808,-1.82983e-11,0.0517469,-0.140859,6.81397e-12
5.838,0.29899,-0.0630601,0.244514,0.14604,-0.0323229,-0.107198,0.517955,0.116268,0.084868,0.463975,-0.175963,1.19927e-11,0.133224,0.157808,-1.82983e-11,0.0517469,-0.140859,6.81397e-12
5.839,0.299013,-0.06276,0.244454,0.143984,-0.0324333,-0.106768,0.518262,0.116278,0.0846116,0.463975,-0.175963,1.19927e-11,0.133224,0.157808,-1.82983e-11,0.0517469,-0.140859,6.81397e-12
5.84,0.299035,-0.0624601,0.244394,0.141934,-0.0325444,-0.106342,0.518568,0.116288,0.0843529,0.463975,-0.175963,1.19927e-11,0.133224,0.157808,-1.82983e-11,0.0517469,-0.140859,6.81397e-12
5.841,0.299057,-0.0621603,0.244332,0.139891,-0.0326561,-0.105918,0.518872,0.116298,0.084092,0.463975,-0.175963,1.19927e-11,0.133224,0.157808,-1.82983e-11,0.0517469,-0.140859,6.81397e-12
5.842,0.299079,-0.0618606,0.244271,0.137856,-0.0327682,-0.105498,0.519174,0.116309,0.0838289,0.463975,-0.175963,1.19927e-11,0.133224,0.157808,-1.82983e-11,0.0517469,-0.140859,6.81397e-12
5.843,0.2991,-0.061561,0.244208,0.135827,-0.0328809,-0.105081,0.519475,0.116319,0.0835637,0.463975,-0.175963,1.19927e-11,0.133224,0.157808,-1.82983e-11,0.0517469,-0.140859,6.81397e-12
5.844,0.299121,-0.0612616,0.244145,0.133806,-0.0329941,-0.104667,0.519774,0.116329,0.0832962,0.463975,-0.175963,1.19927e-11,0.133224,0.157808,-1.82983e-11,0.0517469,-0.140859,6.81397e-12
5.845,0.299141,-0.0609623,0.244082,0.131793,-0.0331078,-0.104258,0.520071,0.116339,0.0830267,0.463975,-0.175963,1.19927e-11,0.133224,0.157808,-1.82983e-11,0.0517469,-0.140859,6.81397e-12
5.846,0.299161,-0.0606632,0.244018,0.129789,-0.0332219,-0.103852,0.520367,0.116349,0.082755,0.463975,-0.175963,1.19927e-11,0.133224,0.157808,-1.82983e-11,0.0517469,-0.140859,6.81397e-12
5.847,0.29918,-0.0603642,0.243953,0.127792,-0.0333364,-0.103451,0.520662,0.116358,0.0824813,0.463975,-0.175963,1.19927e-11,0.133224,0.157808,-1.82983e-11,0.0517469,-0.140859,6.81397e-12
5.848,0.299199,-0.0600653,0.243888,0.125804,-0.0334513,-0.103054,0.520954,0.116368,0.0822054,0.463975,-0.175963,1.19927e-11,0.133224,0.157808,-1.82983e-11,0.0517469,-0.140859,6.81397e-12
5.849,0.299218,-0.0597666,0.243822,0.123826,-0.0335665,-0.102661,0.521245,0.116378,0.0819275,0.463975,-0.175963,1.19927e-11,0.133224,0.157808,-1.82983e-11,0.0517469,-0.140859,6.81397e-12
5.85,0.299236,-0.0594681,0.243756,0.121856,-0.0336821,-0.102272,0.521535,0.116388,0.0816476,0.463975,-0.175963,1.19927e-11,0.133224,0.157808,-1.82983e-11,0.0517469,-0.140859,6.81397e-12
5.851,0.299254,-0.0591698,0.243689,0.119896,-0.0337979,-0.101889,0.521823,0.116397,0.0813657,0.463975,-0.175963,1.19927e-11,0.133224,0.157808,-1.82983e-11,0.0517469,-0.140859,6.81397e-12
5.852,0.299271,-0.0588716,0.243621,0.117945,-0.0339141,-0.10151,0.522109,0.116407,0.0810817,0.463975,-0.175963,1.19927e-11,0.133224,0.157808,-1.82983e-11,0.0517469,-0.140859,6.81397e-12
5.853,0.299288,-0.0585736,0.243553,0.116004,-0.0340304,-0.101136,0.522394,0.116416,0.0807958,0.463975,-0.175963,1.19927e-11,0.133224,0.157808,-1.82983e-11,0.0517469,-0.140859,6.81397e-12
5.854,0.299305,-0.0582758,0.243485,0.114074,-0.034147,-0.100767,0.522677,0.116426,0.080508,0.463975,-0.175963,1.19927e-11,0.133224,0.157808,-1.82983e-11,0.0517469,-0.140859,6.81397e-12
5.855,0.299321,-0.0579781,0.243416,0.112154,-0.0342638,-0.100404,0.522959,0.116435,0.0802182,0.463975,-0.175963,1.19927e-11,0.133224,0.157808,-1.82983e-11,0.0517469,-0.140859,6.81397e-12
5.856,0.299337,-0.0576807,0.243346,0.110244,-0.0343808,-0.100046,0.523239,0.116445,0.0799265,0.463975,-0.175963,1.19927e-11,0.133224,0.157808,-1.82983e-11,0.0517469,-0.140859,6.81397e-12
5.857,0.299352,-0.0573835,0.243276,0.108346,-0.0344979,-0.0996935,0.523517,0.116454,0.0796329,0.463975,-0.175963,1.19927e-11,0.133224,0.157808,-1.82983e-11,0.0517469,-0.140859,6.81397e-12
5.858,0.299367,-0.0570864,0.243206,0.106459,-0.0346151,-0.0993467,0.523794,0.116463,0.0793375,0.463975,-0.175963,1.19927e-11,0.133224,0.157808,-1.82983e-11,0.0517469,-0.140859,6.81397e-12
5.859,0.299381,-0.0567896,0.243135,0.104583,-0.0347324,-0.0990058,0.52407,0.116473,0.0790402,0.463975,-0.175963,1.19927e-11,0.133224,0.157808,-1.82983e-11,0.0517469,-0.140859,6.81397e-12
5.86,0.299395,-0.056493,0.243063,0.102719,-0.0348498,-0.0986709,0.524344,0.116482,0.0787411,0.463975,-0.175963,1.19927e-11,0.133224,0.157808,-1.82983e-11,0.0517469,-0.140859,6.81397e-12
5.861,0.299409,-0.0561966,0.242992,0.100867,-0.0349672,-0.0983422,0.524616,0.116491,0.0784402,0.463975,-0.175963,1.19927e-11,0.133224,0.157808,-1.82983e-11,0.0517469,-0.140859,6.81397e-12
5.862,0.299423,-0.0559004,0.242919,0.0990277,-0.0350846,-0.0980198,0.524887,0.1165,0.0781375,0.463975,-0.175963,1.19927e-11,0.133224,0.157808,-1.82983e-11,0.0517469,-0.140859,6.81397e-12
5.863,0.299436,-0.0556044,0.242846,0.0972005,-0.0352019,-0.0977039,0.525156,0.116509,0.077833,0.463975,-0.175963,1.19927e-11,0.133224,0.157808,-1.82983e-11,0.0517469,-0.140859,6.81397e-12
5.864,0.299448,-0.0553087,0.242773,0.095386,-0.0353192,-0.0973946,0.525424,0.116518,0.0775268,0.463975,-0.175963,1.19927e-11,0.133224,0.157808,-1.82983e-11,0.0517469,-0.140859,6.81397e-12
5.865,0.29946,-0.0550132,0.242699,0.0935846,-0.0354365,-0.097092,0.52569,0.116527,0.0772189,0.463975,-0.175963,1.19927e-11,0.133224,0.157808,-1.82983e-11,0.0517469,-0.140859,6.81397e-12
5.866,0.299472,-0.054718,0.242625,0.0917965,-0.0355536,-0.0967964,0.525955,0.116536,0.0769093,0.463975,-0.175963,1.19927e-11,0.133224,0.157808,-1.82983e-11,0.0517469,-0.140859,6.81397e-12
5.867,0.299484,-0.054423,0.242551,0.0900219,-0.0356706,-0.0965078,0.526218,0.116545,0.076598,0.463975,-0.175963,1.19927e-11,0.133224,0.157808,-1.82983e-11,0.0517469,-0.140859,6.81397e-12
5.868,0.299495,-0.0541282,0.242476,0.0882611,-0.0357875,-0.0962264,0.52648,0.116553,0.076285,0.463975,-0.175963,1.19927e-11,0.133224,0.157808,-1.82983e-11,0.0517469,-0.140859,6.81397e-12
5.869,0.299506,-0.0538337,0.242401,0.0865144,-0.0359042,-0.0959523,0.52674,0.116562,0.0759704,0.463975,-0.175963,1.19927e-11,0.133224,0.157808,-1.82983e-11,0.0517469,-0.140859,6.81397e-12
5.87,0.299516,-0.0535395,0.242325,0.0847819,-0.0360206,-0.0956858,0.526999,0.116571,0.0756542,0.463975,-0.175963,1.19927e-11,0.133224,0.157808,-1.82983e-11,0.0517469,-0.140859,6.81397e-12
5.871,0.299526,-0.0532455,0.242249,0.083064,-0.0361369,-0.0954269,0.527256,0.116579,0.0753364,0.463975,-0.175963,1.19927e-11,0.133224,0.157808,-1.82983e-11,0.0517469,-0.140859,6.81397e-12
5.872,0.299536,-0.0529518,0.242172,0.081361,-0.0362528,-0.0951759,0.527511,0.116588,0.075017,0.463975,-0.175963,1.19927e-11,0.133224,0.157808,-1.82983e-11,0.0517469,-0.140859,6.81397e-12
5.873,0.299545,-0.0526584,0.242095,0.079673,-0.0363685,-0.0949327,0.527766,0.116596,0.074696,0.463975,-0.175963,1.19927e-11,0.133224,0.157808,-1.82983e-11,0.0517469,-0.140859,6.81397e-12
5.874,0.299554,-0.0523652,0.242018,0.0780004,-0.0364838,-0.0946977,0.528018,0.116605,0.0743735,0.463975,-0.175963,1.19927e-11,0.133224,0.157808,-1.82983e-11,0.0517469,-0.140859,6.81397e-12
5.875,0.299563,-0.0520724,0.241941,0.0763433,-0.0365988,-0.0944709,0.528269,0.116613,0.0740495,0.463975,-0.175963,1.19927e-11,0.133224,0.157808,-1.82983e-11,0.0517469,-0.140859,6.81397e-12
5.876,0.299571,-0.0517798,0.241863,0.0747021,-0.0367134,-0.0942525,0.528519,0.116622,0.0737241,0.463975,-0.175963,1.19927e-11,0.133224,0.157808,-1.82983e-11,0.0517469,-0.140859,6.81397e-12
5.877,0.299579,-0.0514875,0.241784,0.073077,-0.0368277,-0.0940427,0.528767,0.11663,0.0733971,0.463975,-0.175963,1.19927e-11,0.133224,0.157808,-1.82983e-11,0.0517469,-0.140859,6.81397e-12
5.878,0.299587,-0.0511955,0.241706,0.0714683,-0.0369415,-0.0938415,0.529014,0.116638,0.0730687,0.463975,-0.175963,1.19927e-11,0.133224,0.157808,-1.82983e-11,0.0517469,-0.140859,6.81397e-12
5.879,0.299594,-0.0509039,0.241627,0.0698762,-0.0370548,-0.0936492,0.529259,0.116646,0.0727389,0.463975,-0.175963,1.19927e-11,0.133224,0.157808,-1.82983e-11,0.0517469,-0.140859,6.81397e-12
5.88,0.299601,-0.0506125,0.241548,0.068301,-0.0371677,-0.0934659,0.529503,0.116655,0.0724076,0.463975,-0.175963,1.19927e-11,0.133224,0.157808,-1.82983e-11,0.0517469,-0.140859,6.81397e-12
5.881,0.299607,-0.0503214,0.241468,0.0667429,-0.0372801,-0.0932918,0.529746,0.116663,0.072075,0.463975,-0.175963,1.19927e-11,0.133224,0.157808,-1.82983e-11,0.0517469,-0.140859,6.81397e-12
5.882,0.299614,-0.0500307,0.241388,0.0652022,-0.0373919,-0.0931269,0.529987,0.116671,0.071741,0.463975,-0.175963,1.19927e-11,0.133224,0.157808,-1.82983e-11,0.0517469,-0.140859,6.81397e-12
5.883,0.29962,-0.0497403,0.241308,0.0636792,-0.0375031,-0.0929714,0.530226,0.116679,0.0714056,0.463975,-0.175963,1.19927e-11,0.133224,0.157808,-1.82983e-11,0.0517469,-0.140859,6.81397e-12
5.884,0.299625,-0.0494502,0.241228,0.062174,-0.0376138,-0.0928256,0.530464,0.116687,0.0710689,0.463975,-0.175963,1.19927e-11,0.133224,0.157808,-1.82983e-11,0.0517469,-0.140859,6.81397e-12
5.885,0.299631,-0.0491604,0.241147,0.0606871,-0.0377239,-0.0926895,0.530701,0.116695,0.0707309,0.463975,-0.175963,1.19927e-11,0.133224,0.157808,-1.82983e-11,0.0517469,-0.140859,6.81397e-12
5.886,0.299636,-0.048871,0.241066,0.0592185,-0.0378333,-0.0925632,0.530936,0.116703,0.0703917,0.463975,-0.175963,1.19927e-11,0.133224,0.157808,-1.82983e-11,0.0517469,-0.140859,6.81397e-12
5.887,0.29964,-0.0485819,0.240985,0.0577687,-0.0379421,-0.092447,0.53117,0.11671,0.0700511,0.463975,-0.175963,1.19927e-11,0.133224,0.157808,-1.82983e-11,0.0517469,-0.140859,6.81397e-12
5.888,0.299645,-0.0482931,0.240903,0.0563377,-0.0380501,-0.092341,0.531402,0.116718,0.0697094,0.463975,-0.175963,1.19927e-11,0.133224,0.157808,-1.82983e-11,0.0517469,-0.140859,6.81397e-12
5.889,0.299649,-0.0480048,0.240821,0.054926,-0.0381575,-0.0922453,0.531633,0.116726,0.0693664,0.463975,-0.175963,1.19927e-11,0.133224,0.157808,-1.82983e-11,0.0517469,-0.140859,6.81397e-12
5.89,0.299652,-0.0477167,0.240739,0.0535338,-0.038264,-0.0921601,0.531862,0.116734,0.0690222,0.463975,-0.175963,1.19927e-11,0.133224,0.157808,-1.82983e-11,0.0517469,-0.140859,6.81397e-12
5.891,0.299656,-0.0474291,0.240657,0.0521612,-0.0383698,-0.0920855,0.53209,0.116741,0.0686768,0.463975,-0.175963,1.19927e-11,0.133224,0.157808,-1.82983e-11,0.0517469,-0.140859,6.81397e-12
5.892,0.299659,-0.0471418,0.240575,0.0508086,-0.0384749,-0.0920217,0.532317,0.116749,0.0683302,0.463975,-0.175963,1.19927e-11,0.133224,0.157808,-1.82983e-11,0.0517469,-0.140859,6.81397e-12
5.893,0.299662,-0.0468548,0.240492,0.0494762,-0.038579,-0.0919689,0.532542,0.116756,0.0679826,0.463975,-0.175963,1.19927e-11,0.133224,0.157808,-1.82983e-11,0.0517469,-0.140859,6.81397e-12
5.894,0.299664,-0.0465683,0.240409,0.0481643,-0.0386823,-0.0919271,0.532766,0.116764,0.0676338,0.463975,-0.175963,1.19927e-11,0.133224,0.157808,-1.82983e-11,0.0517469,-0.140859,6.81397e-12
5.895,0.299666,-0.0462821,0.240326,0.0468732,-0.0387848,-0.0918965,0.532988,0.116771,0.0672839,0.463975,-0.175963,1.19927e-11,0.133224,0.157808,-1.82983e-11,0.0517469,-0.140859,6.81397e-12
5.896,0.299668,-0.0459963,0.240243,0.0456031,-0.0388863,-0.0918773,0.533209,0.116779,0.0669329,0.463975,-0.175963,1.19927e-11,0.133224,0.157808,-1.82983e-11,0.0517469,-0.140859,6.81397e-12
5.897,0.29967,-0.0457109,0.240159,0.0443542,-0.0389869,-0.0918696,0.533428,0.116786,0.0665809,0.463975,-0.175963,1.19927e-11,0.133224,0.157808,-1.82983e-11,0.0517469,-0.140859,6.81397e-12
5.898,0.299671,-0.0454259,0.240076,0.0431268,-0.0390865,-0.0918736,0.533647,0.116793,0.0662278,0.463975,-0.175963,1.19927e-11,0.133224,0.157808,-1.82983e-11,0.0517469,-0.140859,6.81397e-12
5.899,0.299672,-0.0451413,0.239992,0.0419212,-0.0391851,-0.0918894,0.533863,0.116801,0.0658737,0.463975,-0.175963,1.19927e-11,0.133224,0.157808,-1.82983e-11,0.0517469,-0.140859,6.81397e-12
5.9,0.299673,-0.0448571,0.239908,0.0407376,-0.0392827,-0.0919172,0.534079,0.116808,0.0655186,0.463975,-0.175963,1.19927e-11,0.133224,0.157808,-1.82983e-11,0.0517469,-0.140859,6.81397e-12
5.901,0.299673,-0.0445733,0.239824,0.0395762,-0.0393793,-0.0919571,0.534293,0.116815,0.0651626,0.463975,-0.175963,1.19927e-11,0.133224,0.157808,-1.82983e-11,0.0517469,-0.140859,6.81397e-12
5.902,0.299674,-0.0442899,0.239739,0.0384369,-0.0394748,-0.0920089,0.534505,0.116822,0.0648056,0.463975,-0.175963,1.19927e-11,0.133224,0.157808,-1.82983e-11,0.0517469,-0.140859,6.81397e-12
5.903,0.299674,-0.0440069,0.239655,0.0373195,-0.0395693,-0.0920725,0.534717,0.116829,0.0644476,0.463975,-0.175963,1.19927e-11,0.133224,0.157808,-1.82983e-11,0.0517469,-0.140859,6.81397e-12
5.904,0.299673,-0.0437243,0.239571,0.0362237,-0.0396628,-0.0921477,0.534927,0.116836,0.0640888,0.463975,-0.175963,1.19927e-11,0.133224,0.157808,-1.82983e-11,0.0517469,-0.140859,6.81397e-12
5.905,0.299673,-0.0434422,0.239486,0.0351494,-0.0397552,-0.0922344,0.535135,0.116843,0.0637291,0.463975,-0.175963,1.19927e-11,0.133224,0.157808,-1.82983e-11,0.0517469,-0.140859,6.81397e-12
5.906,0.299672,-0.0431604,0.239401,0.0340964,-0.0398466,-0.0923325,0.535342,0.11685,0.0633685,0.463975,-0.175963,1.19927e-11,0.133224,0.157808,-1.82983e-11,0.0517469,-0.140859,6.81397e-12
5.907,0.299671,-0.042879,0.239316,0.0330645,-0.0399369,-0.0924417,0.535548,0.116857,0.063007,0.463975,-0.175963,1.19927e-11,0.133224,0.157808,-1.82983e-11,0.0517469,-0.140859,6.81397e-12
5.908,0.299669,-0.0425981,0.239231,0.0320534,-0.0400263,-0.0925619,0.535753,0.116864,0.0626447,0.463975,-0.175963,1.19927e-11,0.133224,0.157808,-1.82983e-11,0.0517469,-0.140859,6.81397e-12
5.909,0.299668,-0.0423175,0.239146,0.031063,-0.0401146,-0.092693,0.535956,0.116871,0.0622816,0.463975,-0.175963,1.19927e-11,0.133224,0.157808,-1.82983e-11,0.0517469,-0.140859,6.81397e-12
5.91,0.299666,-0.0420373,0.239061,0.030093,-0.0402019,-0.0928347,0.536158,0.116877,0.0619178,0.463975,-0.175963,1.19927e-11,0.133224,0.157808,-1.82983e-11,0.0517469,-0.140859,6.81397e-12
5.911,0.299664,-0.0417576,0.238976,0.0291433,-0.0402882,-0.092987,0.536358,0.116884,0.0615531,0.463975,-0.175963,1.19927e-11,0.133224,0.157808,-1.82983e-11,0.0517469,-0.140859,6.81397e-12
5.912,0.299662,-0.0414782,0.238891,0.0282136,-0.0403734,-0.0931496,0.536557,0.116891,0.0611877,0.463975,-0.175963,1.19927e-11,0.133224,0.157808,-1.82983e-11,0.0517469,-0.140859,6.81397e-12
5.913,0.299659,-0.0411992,0.238806,0.0273038,-0.0404577,-0.0933224,0.536755,0.116897,0.0608216,0.463975,-0.175963,1.19927e-11,0.133224,0.157808,-1.82983e-11,0.0517469,-0.140859,6.81397e-12
5.914,0.299656,-0.0409206,0.238721,0.0264136,-0.0405409,-0.0935053,0.536951,0.116904,0.0604548,0.463975,-0.175963,1.19927e-11,0.133224,0.157808,-1.82983e-11,0.0517469,-0.140859,6.81397e-12
5.915,0.299653,-0.0406425,0.238636,0.0255428,-0.0406232,-0.0936981,0.537146,0.116911,0.0600873,0.463975,-0.175963,1.19927e-11,0.133224,0.157808,-1.82983e-11,0.0517469,-0.140859,6.81397e-12
5.916,0.29965,-0.0403647,0.238551,0.0246913,-0.0407044,-0.0939006,0.53734,0.116917,0.0597192,0.463975,-0.175963,1.19927e-11,0.133224,0.157808,-1.82983e-11,0.0517469,-0.140859,6.81397e-12
5.917,0.299647,-0.0400873,0.238466,0.0238588,-0.0407847,-0.0941127,0.537533,0.116924,0.0593504,0.463975,-0.175963,1.19927e-11,0.133224,0.157808,-1.82983e-11,0.0517469,-0.140859,6.81397e-12
5.918,0.299643,-0.0398103,0.238381,0.0230452,-0.0408639,-0.0943342,0.537724,0.11693,0.0589809,0.463975,-0.175963,1.19927e-11,0.133224,0.157808,-1.82983e-11,0.0517469,-0.140859,6.81397e-12
5.919,0.299639,-0.0395336,0.238296,0.0222502,-0.0409422,-0.0945649,0.537914,0.116936,0.0586109,0.463975,-0.175963,1.19927e-11,0.133224,0.157808,-1.82983e-11,0.0517469,-0.140859,6.81397e-12
5.92,0.299635,-0.0392574,0.238212,0.0214736,-0.0410195,-0.0948047,0.538102,0.116943,0.0582403,0.463975,-0.175963,1.19927e-11,0.133224,0.157808,-1.82983e-11,0.0517469,-0.140859,6.81397e-12
5.921,0.299631,-0.0389816,0.238127,0.0207152,-0.0410958,-0.0950535,0.53829,0.116949,0.0578692,0.463975,-0.175963,1.19927e-11,0.133224,0.157808,-1.82983e-11,0.0517469,-0.140859,6.81397e-12
5.922,0.299627,-0.0387061,0.238042,0.0199749,-0.0411711,-0.0953111,0.538475,0.116955,0.0574975,0.463975,-0.175963,1.19927e-11,0.133224,0.157808,-1.82983e-11,0.0517469,-0.140859,6.81397e-12
5.923,0.299622,-0.038431,0.237958,0.0192523,-0.0412454,-0.0955772,0.53866,0.116961,0.0571253,0.463975,-0.175963,1.19927e-11,0.133224,0.157808,-1.82983e-11,0.0517469,-0.140859,6.81397e-12
5.924,0.299617,-0.0381563,0.237873,0.0185474,-0.0413188,-0.0958518,0.538844,0.116967,0.0567526,0.463975,-0.175963,1.19927e-11,0.133224,0.157808,-1.82983e-11,0.0517469,-0.140859,6.81397e-12
5.925,0.299612,-0.037882,0.237789,0.0178599,-0.0413912,-0.0961347,0.539026,0.116974,0.0563794,0.463975,-0.175963,1.19927e-11,0.133224,0.157808,-1.82983e-11,0.0517469,-0.140859,6.81397e-12
5.926,0.299607,-0.0376081,0.237705,0.0171895,-0.0414626,-0.0964258,0.539206,0.11698,0.0560058,0.463975,-0.175963,1.19927e-11,0.133224,0.157808,-1.82983e-11,0.0517469,-0.140859,6.81397e-12
5.927,0.299602,-0.0373346,0.237621,0.0165362,-0.0415331,-0.0967248,0.539386,0.116986,0.0556317,0.463975,-0.175963,1.19927e-11,0.133224,0.157808,-1.82983e-11,0.0517469,-0.140859,6.81397e-12
5.928,0.299597,-0.0370614,0.237537,0.0158997,-0.0416026,-0.0970317,0.539564,0.116992,0.0552572,0.463975,-0.175963,1.19927e-11,0.133224,0.157808,-1.82983e-11,0.0517469,-0.140859,6.81397e-12
5.929,0.299591,-0.0367886,0.237454,0.0152798,-0.0416711,-0.0973462,0.539741,0.116998,0.0548824,0.463975,-0.175963,1.19927e-11,0.133224,0.157808,-1.82983e-11,0.0517469,-0.140859,6.81397e-12
5.93,0.299585,-0.0365162,0.237371,0.0146763,-0.0417387,-0.0976682,0.539917,0.117003,0.0545071,0.463975,-0.175963,1.19927e-11,0.133224,0.157808,-1.82983e-11,0.0517469,-0.140859,6.81397e-12
5.931,0.299579,-0.0362442,0.237287,0.0140889,-0.0418053,-0.0979975,0.540092,0.117009,0.0541315,0.463975,-0.175963,1.19927e-11,0.133224,0.157808,-1.82983e-11,0.0517469,-0.140859,6.81397e-12
5.932,0.299573,-0.0359725,0.237204,0.0135176,-0.0418709,-0.098334,0.540265,0.117015,0.0537556,0.463975,-0.175963,1.19927e-11,0.133224,0.157808,-1.82983e-11,0.0517469,-0.140859,6.81397e-12
5.933,0.299567,-0.0357012,0.237122,0.012962,-0.0419357,-0.0986776,0.540437,0.117021,0.0533794,0.463975,-0.175963,1.19927e-11,0.133224,0.157808,-1.82983e-11,0.0517469,-0.140859,6.81397e-12
5.934,0.299561,-0.0354303,0.237039,0.012422,-0.0419994,-0.099028,0.540607,0.117027,0.0530029,0.463975,-0.175963,1.19927e-11,0.133224,0.157808,-1.82983e-11,0.0517469,-0.140859,6.81397e-12
5.935,0.299555,-0.0351598,0.236957,0.0118974,-0.0420623,-0.0993851,0.540777,0.117032,0.0526261,0.463975,-0.175963,1.19927e-11,0.133224,0.157808,-1.82983e-11,0.0517469,-0.140859,6.81397e-12
5.936,0.299548,-0.0348896,0.236875,0.011388,-0.0421242,-0.0997488,0.540945,0.117038,0.0522491,0.463975,-0.175963,1.19927e-11,0.133224,0.157808,-1.82983e-11,0.0517469,-0.140859,6.81397e-12
5.937,0.299541,-0.0346198,0.236793,0.0108935,-0.0421851,-0.100119,0.541112,0.117043,0.0518718,0.463975,-0.175963,1.19927e-11,0.133224,0.157808,-1.82983e-11,0.0517469,-0.140859,6.81397e-12
5.938,0.299535,-0.0343504,0.236712,0.0104138,-0.0422452,-0.100495,0.541278,0.117049,0.0514943,0.463975,-0.175963,1.19927e-11,0.133224,0.157808,-1.82983e-11,0.0517469,-0.140859,6.81397e-12
5.939,0.299528,-0.0340814,0.236631,0.00994866,-0.0423043,-0.100878,0.541443,0.117054,0.0511167,0.463975,-0.175963,1.19927e-11,0.133224,0.157808,-1.82983e-11,0.0517469,-0.140859,6.81397e-12
5.94,0.299521,-0.0338127,0.23655,0.00949788,-0.0423624,-0.101266,0.541606,0.11706,0.0507389,0.463975,-0.175963,1.19927e-11,0.133224,0.157808,-1.82983e-11,0.0517469,-0.140859,6.81397e-12
5.941,0.299513,-0.0335443,0.23647,0.00906127,-0.0424197,-0.10166,0.541768,0.117065,0.0503609,0.463975,-0.175963,1.19927e-11,0.133224,0.157808,-1.82983e-11,0.0517469,-0.140859,6.81397e-12
5.942,0.299506,-0.0332764,0.23639,0.0086386,-0.042476,-0.102059,0.541929,0.117071,0.0499829,0.463975,-0.175963,1.19927e-11,0.133224,0.157808,-1.82983e-11,0.0517469,-0.140859,6.81397e-12
5.943,0.299499,-0.0330088,0.23631,0.00822969,-0.0425314,-0.102464,0.542089,0.117076,0.0496047,0.463975,-0.175963,1.19927e-11,0.133224,0.157808,-1.82983e-11,0.0517469,-0.140859,6.81397e-12
5.944,0.299492,-0.0327415,0.236231,0.00783433,-0.0425859,-0.102875,0.542247,0.117081,0.0492264,0.463975,-0.175963,1.19927e-11,0.133224,0.157808,-1.82983e-11,0.051747,-0.140859,1.37422e-06
5.945,0.299484,-0.0324747,0.236152,0.00745232,-0.0426395,-0.10329,0.542404,0.117087,0.0488481,0.463975,-0.175963,1.19927e-11,0.133224,0.157808,-1.82983e-11,0.0517476,-0.140858,6.21428e-06
5.946,0.299476,-0.0322082,0.236073,0.00708344,-0.0426922,-0.103711,0.54256,0.117092,0.0484698,0.463975,-0.175963,1.19927e-11,0.133224,0.157808,-1.82983e-11,0.0517487,-0.140858,1.45245e-05
5.947,0.299469,-0.031942,0.235995,0.00672751,-0.042744,-0.104136,0.542715,0.117097,0.0480914,0.463975,-0.175963,1.19927e-11,0.133224,0.157808,-1.82983e-11,0.0517502,-0.140858,2.62866e-05
5.948,0.299461,-0.0316762,0.235917,0.00638431,-0.0427948,-0.104566,0.542869,0.117102,0.0477131,0.463975,-0.175963,1.19927e-11,0.133224,0.157808,-1.82983e-11,0.0517522,-0.140858,4.14821e-05
5.949,0.299453,-0.0314108,0.23584,0.00605365,-0.0428448,-0.105,0.543021,0.117107,0.0473347,0.463975,-0.175963,1.19927e-11,0.133224,0.157808,-1.82983e-11,0.0517546,-0.140858,6.00927e-05
5.95,0.299445,-0.0311457,0.235763,0.00573531,-0.0428939,-0.105438,0.543173,0.117112,0.0469564,0.463975,-0.175963,1.19927e-11,0.133224,0.157808,-1.82983e-11,0.0517576,-0.140858,8.21e-05
5.951,0.299437,-0.030881,0.235687,0.0054291,-0.0429421,-0.105881,0.543323,0.117117,0.0465782,0.463975,-0.175963,1.19927e-11,0.133224,0.157808,-1.82983e-11,0.0517609,-0.140858,0.000107486
5.952,0.299429,-0.0306166,0.235611,0.00513482,-0.0429894,-0.106328,0.543472,0.117122,0.0462,0.463975,-0.175963,1.19927e-11,0.133224,0.157808,-1.82983e-11,0.0517648,-0.140857,0.000136231
5.953,0.299421,-0.0303526,0.235535,0.00485226,-0.0430358,-0.106779,0.54362,0.117127,0.045822,0.463975,-0.175963,1.19927e-11,0.133224,0.157808,-1.82983e-11,0.0517691,-0.140857,0.000168319
5.954,0.299413,-0.0300889,0.23546,0.00458121,-0.0430813,-0.107233,0.543766,0.117132,0.0454441,0.463975,-0.175963,1.19927e-11,0.133224,0.157808,-1.82983e-11,0.0517739,-0.140857,0.000203729
5.955,0.299405,-0.0298256,0.235385,0.00432148,-0.0431259,-0.107691,0.543912,0.117137,0.0450663,0.463975,-0.175963,1.19927e-11,0.133224,0.157808,-1.82983e-11,0.0517792,-0.140856,0.000242445
5.956,0.299397,-0.0295626,0.235311,0.00407286,-0.0431697,-0.108152,0.544056,0.117142,0.0446887,0.463975,-0.175963,1.19927e-11,0.133224,0.157808,-1.82983e-11,0.051785,-0.140856,0.000284447
5.957,0.299389,-0.0293,0.235238,0.00383515,-0.0432126,-0.108616,0.544199,0.117147,0.0443113,0.463975,-0.175963,1.19927e-11,0.133224,0.157808,-1.82983e-11,0.0517913,-0.140855,0.000329717
5.958,0.299381,-0.0290377,0.235165,0.00360814,-0.0432546,-0.109084,0.544341,0.117152,0.0439341,0.463975,-0.175963,1.19927e-11,0.133224,0.157808,-1.82983e-11,0.051798,-0.140855,0.000378237
5.959,0.299372,-0.0287758,0.235093,0.00339163,-0.0432958,-0.109554,0.544482,0.117156,0.0435572,0.463975,-0.175963,1.19927e-11,0.133224,0.157808,-1.82983e-11,0.0518053,-0.140854,0.000429989
5.96,0.299364,-0.0285142,0.235021,0.00318542,-0.043336,-0.110027,0.544622,0.117161,0.0431805,0.463975,-0.175963,1.19927e-11,0.133224,0.157808,-1.82983e-11,0.0518131,-0.140854,0.000484954
5.961,0.299356,-0.028253,0.23495,0.00298931,-0.0433755,-0.110502,0.54476,0.117166,0.042804,0.463975,-0.175963,1.19927e-11,0.133224,0.157808,-1.82983e-11,0.0518214,-0.140853,0.000543113
5.962,0.299347,-0.0279921,0.234879,0.00280309,-0.043414,-0.11098,0.544898,0.11717,0.0424279,0.463975,-0.175963,1.19927e-11,0.133224,0.157808,-1.82983e-11,0.0518302,-0.140852,0.000604449
5.963,0.299339,-0.0277315,0.234809,0.00262656,-0.0434517,-0.111461,0.545034,0.117175,0.0420521,0.463975,-0.175963,1.19927e-11,0.133224,0.157808,-1.82983e-11,0.0518396,-0.140852,0.000668943
5.964,0.299331,-0.0274713,0.234739,0.00245952,-0.0434886,-0.111943,0.545169,0.117179,0.0416766,0.463975,-0.175963,1.19927e-11,0.133224,0.157808,-1.82983e-11,0.0518494,-0.140851,0.000736576
5.965,0.299322,-0.0272114,0.23467,0.00230176,-0.0435246,-0.112427,0.545303,0.117184,0.0413014,0.463975,-0.175963,1.19927e-11,0.133224,0.157808,-1.82983e-11,0.0518598,-0.14085,0.000807331
5.966,0.299314,-0.0269519,0.234602,0.00215308,-0.0435598,-0.112913,0.545436,0.117188,0.0409267,0.463975,-0.175963,1.19927e-11,0.133224,0.157808,-1.82983e-11,0.0518707,-0.14085,0.000881189
5.967,0.299306,-0.0266927,0.234535,0.00201327,-0.0435941,-0.113401,0.545568,0.117193,0.0405523,0.463975,-0.175963,1.19927e-11,0.133224,0.157808,-1.82983e-11,0.0518822,-0.140849,0.000958131
5.968,0.299298,-0.0264339,0.234468,0.00188214,-0.0436276,-0.11389,0.545698,0.117197,0.0401784,0.463975,-0.175963,1.19927e-11,0.133224,0.157808,-1.82983e-11,0.0518942,-0.140848,0.00103814
5.969,0.299289,-0.0261753,0.234401,0.00175948,-0.0436602,-0.11438,0.545828,0.117201,0.0398049,0.463975,-0.175963,1.19927e-11,0.133224,0.157808,-1.82983e-11,0.0519067,-0.140847,0.0011212
5.97,0.299281,-0.0259171,0.234336,0.00164509,-0.043692,-0.114872,0.545957,0.117206,0.0394318,0.463975,-0.175963,1.19927e-11,0.133224,0.157808,-1.82983e-11,0.0519198,-0.140846,0.00120728
5.971,0.299273,-0.0256593,0.234271,0.00153876,-0.043723,-0.115364,0.546084,0.11721,0.0390593,0.463975,-0.175963,1.19927e-11,0.133224,0.157808,-1.82983e-11,0.0519335,-0.140845,0.00129638
5.972,0.299265,-0.0254018,0.234207,0.00144029,-0.0437531,-0.115858,0.54621,0.117214,0.0386872,0.463975,-0.175963,1.19927e-11,0.133224,0.157808,-1.82983e-11,0.0519477,-0.140844,0.00138847
5.973,0.299256,-0.0251446,0.234143,0.00134948,-0.0437824,-0.116352,0.546335,0.117218,0.0383157,0.463975,-0.175963,1.19927e-11,0.133224,0.157808,-1.82983e-11,0.0519624,-0.140843,0.00148353
5.974,0.299248,-0.0248877,0.234081,0.00126613,-0.0438109,-0.116846,0.54646,0.117223,0.0379447,0.463975,-0.175963,1.19927e-11,0.133224,0.157808,-1.82983e-11,0.0519778,-0.140842,0.00158155
5.975,0.29924,-0.0246312,0.234019,0.00119003,-0.0438386,-0.117341,0.546583,0.117227,0.0375743,0.463975,-0.175963,1.19927e-11,0.133224,0.157808,-1.82983e-11,0.0519937,-0.140841,0.00168251
5.976,0.299232,-0.024375,0.233958,0.00112097,-0.0438655,-0.117836,0.546705,0.117231,0.0372044,0.463975,-0.175963,1.19927e-11,0.133224,0.157808,-1.82983e-11,0.0520101,-0.140839,0.00178639
5.977,0.299224,-0.0241191,0.233897,0.00105876,-0.0438915,-0.118331,0.546825,0.117235,0.0368352,0.463975,-0.175963,1.19927e-11,0.133224,0.157808,-1.82983e-11,0.0520272,-0.140838,0.00189317
5.978,0.299216,-0.0238635,0.233837,0.0010032,-0.0439168,-0.118826,0.546945,0.117239,0.0364665,0.463975,-0.175963,1.19927e-11,0.133224,0.157808,-1.82983e-11,0.0520448,-0.140837,0.00200283
5.979,0.299208,-0.0236083,0.233779,0.00095407,-0.0439412,-0.11932,0.547064,0.117243,0.0360986,0.463975,-0.175963,1.19927e-11,0.133224,0.157808,-1.82983e-11,0.052063,-0.140836,0.00211535
5.98,0.299201,-0.0233534,0.23372,0.000911179,-0.0439648,-0.119815,0.547182,0.117247,0.0357313,0.463975,-0.175963,1.19927e-11,0.133224,0.157808,-1.82983e-11,0.0520819,-0.140834,0.00223072
5.981,0.299193,-0.0230988,0.233663,0.000874321,-0.0439876,-0.120308,0.547298,0.117251,0.0353647,0.463975,-0.175963,1.19927e-11,0.133224,0.157808,-1.82983e-11,0.0521013,-0.140833,0.00234892
5.982,0.299185,-0.0228446,0.233607,0.000843292,-0.0440097,-0.120801,0.547414,0.117255,0.0349988,0.463975,-0.175963,1.19927e-11,0.133224,0.157808,-1.82983e-11,0.0521213,-0.140831,0.00246993
5.983,0.299178,-0.0225906,0.233551,0.000817891,-0.0440309,-0.121293,0.547528,0.117258,0.0346336,0.463975,-0.175963,1.19927e-11,0.133224,0.157808,-1.82983e-11,0.0521419,-0.14083,0.00259372
5.984,0.29917,-0.022337,0.233496,0.000797913,-0.0440514,-0.121783,0.547642,0.117262,0.0342692,0.463975,-0.175963,1.19927e-11,0.133224,0.157808,-1.82983e-11,0.0521631,-0.140828,0.00272029
5.985,0.299163,-0.0220837,0.233443,0.000783155,-0.044071,-0.122273,0.547754,0.117266,0.0339055,0.463975,-0.175963,1.19927e-11,0.133224,0.157808,-1.82983e-11,0.0521849,-0.140827,0.00284962
5.986,0.299156,-0.0218307,0.23339,0.000773414,-0.0440899,-0.122761,0.547866,0.11727,0.0335427,0.463975,-0.175963,1.19927e-11,0.133224,0.157808,-1.82983e-11,0.0522073,-0.140825,0.00298168
5.987,0.299148,-0.021578,0.233337,0.000768488,-0.044108,-0.123247,0.547976,0.117273,0.0331806,0.463975,-0.175963,1.19927e-11,0.133224,0.157808,-1.82983e-11,0.0522304,-0.140824,0.00311646
5.988,0.299141,-0.0213257,0.233286,0.000768173,-0.0441253,-0.123732,0.548085,0.117277,0.0328194,0.463975,-0.175963,1.19927e-11,0.133224,0.157808,-1.82983e-11,0.0522541,-0.140822,0.00325393
5.989,0.299134,-0.0210736,0.233236,0.000772266,-0.0441418,-0.124215,0.548193,0.117281,0.032459,0.463975,-0.175963,1.19927e-11,0.133224,0.157808,-1.82983e-11,0.0522784,-0.14082,0.00339409
5.99,0.299127,-0.0208219,0.233187,0.000780563,-0.0441575,-0.124695,0.548301,0.117284,0.0320996,0.463975,-0.175963,1.19927e-11,0.133224,0.157808,-1.82983e-11,0.0523033,-0.140818,0.00353691
5.991,0.299121,-0.0205705,0.233138,0.000792862,-0.0441725,-0.125174,0.548407,0.117288,0.031741,0.463975,-0.175963,1.19927e-11,0.133224,0.157808,-1.82983e-11,0.0523289,-0.140816,0.00368237
5.992,0.299114,-0.0203194,0.233091,0.00080896,-0.0441867,-0.12565,0.548512,0.117291,0.0313833,0.463975,-0.175963,1.19927e-11,0.133224,0.157808,-1.82983e-11,0.0523551,-0.140814,0.00383046
5.993,0.299107,-0.0200686,0.233044,0.000828653,-0.0442002,-0.126124,0.548616,0.117295,0.0310266,0.463975,-0.175963,1.19927e-11,0.133224,0.157808,-1.82983e-11,0.052382,-0.140813,0.00398116
5.994,0.299101,-0.0198181,0.232999,0.000851739,-0.0442129,-0.126595,0.54872,0.117298,0.0306708,0.463975,-0.175963,1.19927e-11,0.133224,0.157808,-1.82983e-11,0.0524095,-0.140811,0.00413444
5.995,0.299095,-0.0195679,0.232954,0.000878013,-0.0442248,-0.127063,0.548822,0.117302,0.030316,0.463975,-0.175963,1.19927e-11,0.133224,0.157808,-1.82983e-11,0.0524377,-0.140808,0.0042903
5.996,0.299089,-0.0193181,0.23291,0.000907274,-0.044236,-0.127528,0.548923,0.117305,0.0299622,0.463975,-0.175963,1.19927e-11,0.133224,0.157808,-1.82983e-11,0.0524665,-0.140806,0.0044487
5.997,0.299083,-0.0190685,0.232868,0.000939317,-0.0442464,-0.12799,0.549023,0.117308,0.0296094,0.463975,-0.175963,1.19927e-11,0.133224,0.157808,-1.82983e-11,0.052496,-0.140804,0.00460964
5.998,0.299077,-0.0188192,0.232826,0.00097394,-0.0442561,-0.128449,0.549122,0.117312,0.0292577,0.463975,-0.175963,1.19927e-11,0.133224,0.157808,-1.82983e-11,0.0525261,-0.140802,0.0047731
5.999,0.299071,-0.0185703,0.232786,0.00101094,-0.0442651,-0.128904,0.549221,0.117315,0.028907,0.463975,-0.175963,1.19927e-11,0.133224,0.157808,-1.82983e-11,0.0525569,-0.1408,0.00493905
6,0.299066,-0.0183216,0.232746,0.00105011,-0.0442732,-0.129355,0.549318,0.117318,0.0285575,0.463975,-0.175963,1.19927e-11,0.133224,0.157808,-1.82983e-11,0.0525884,-0.140798,0.00510749
6.001,0.29906,-0.0180732,0.232708,0.00109128,-0.0442807,-0.129803,0.549414,0.117322,0.028209,0.463975,-0.175963,1.19927e-11,0.133224,0.157808,-1.82983e-11,0.0526206,-0.140795,0.00527838
6.002,0.299055,-0.0178252,0.232671,0.00113432,-0.0442874,-0.130247,0.54951,0.117325,0.0278616,0.463975,-0.175963,1.19927e-11,0.133224,0.157808,-1.82983e-11,0.0526534,-0.140793,0.00545171
6.003,0.29905,-0.0175774,0.232634,0.00117916,-0.0442933,-0.130687,0.549604,0.117328,0.0275154,0.463975,-0.175963,1.19927e-11,0.133224,0.157808,-1.82983e-11,0.052687,-0.14079,0.00562747
6.004,0.299045,-0.0173299,0.232599,0.0012257,-0.0442983,-0.131123,0.549697,0.117331,0.0271704,0.463975,-0.175963,1.19927e-11,0.133224,0.157808,-1.82983e-11,0.0527212,-0.140788,0.00580563
6.005,0.29904,-0.0170827,0.232565,0.00127386,-0.0443026,-0.131555,0.54979,0.117334,0.0268265,0.463975,-0.175963,1.19927e-11,0.133224,0.157808,-1.82983e-11,0.0527561,-0.140785,0.00598618
6.006,0.299036,-0.0168357,0.232532,0.00132355,-0.0443059,-0.131983,0.549881,0.117337,0.0264839,0.463975,-0.175963,1.19927e-11,0.133224,0.157808,-1.82983e-11,0.0527917,-0.140783,0.0061691
6.007,0.299031,-0.0165891,0.2325,0.00137467,-0.0443084,-0.132407,0.549972,0.11734,0.0261424,0.463975,-0.175963,1.19927e-11,0.133224,0.157808,-1.82983e-11,0.0528281,-0.14078,0.00635437
6.008,0.299027,-0.0163427,0.232469,0.00142715,-0.04431,-0.132827,0.550061,0.117343,0.0258023,0.463975,-0.175963,1.19927e-11,0.133224,0.157808,-1.82983e-11,0.0528651,-0.140778,0.00654196
6.009,0.299023,-0.0160965,0.232439,0.00148089,-0.0443106,-0.133242,0.55015,0.117346,0.0254634,0.463975,-0.175963,1.19927e-11,0.133224,0.157808,-1.82983e-11,0.0529028,-0.140775,0.00673188
6.01,0.299019,-0.0158506,0.23241,0.0015358,-0.0443102,-0.133654,0.550237,0.117349,0.0251258,0.463975,-0.175963,1.19927e-11,0.133224,0.157808,-1.82983e-11,0.0529413,-0.140772,0.00692409
6.011,0.299016,-0.015605,0.232382,0.00159179,-0.0443089,-0.134061,0.550324,0.117352,0.0247895,0.463975,-0.175963,1.19927e-11,0.133224,0.157808,-1.82983e-11,0.0529804,-0.140769,0.00711857
6.012,0.299012,-0.0153595,0.232355,0.00164879,-0.0443065,-0.134464,0.55041,0.117355,0.0244545,0.463975,-0.175963,1.19927e-11,0.133224,0.157808,-1.82983e-11,0.0530203,-0.140766,0.00731531
6.013,0.299009,-0.0151144,0.232329,0.00170669,-0.0443031,-0.134862,0.550495,0.117358,0.0241209,0.463975,-0.175963,1.19927e-11,0.133224,0.157808,-1.82983e-11,0.053061,-0.140763,0.00751429
6.014,0.299006,-0.0148694,0.232304,0.00176541,-0.0442986,-0.135256,0.550579,0.117361,0.0237886,0.463975,-0.175963,1.19927e-11,0.133224,0.157808,-1.82983e-11,0.0531023,-0.14076,0.0077155
6.015,0.299003,-0.0146247,0.23228,0.00182486,-0.044293,-0.135645,0.550662,0.117363,0.0234578,0.463975,-0.175963,1.19927e-11,0.133224,0.157808,-1.82983e-11,0.0531444,-0.140757,0.00791891
6.016,0.299,-0.0143802,0.232257,0.00188495,-0.0442863,-0.13603,0.550744,0.117366,0.0231284,0.463975,-0.175963,1.19927e-11,0.133224,0.157808,-1.82983e-11,0.0531872,-0.140754,0.0081245
6.017,0.298997,-0.0141359,0.232236,0.0019456,-0.0442785,-0.136411,0.550825,0.117369,0.0228004,0.463975,-0.175963,1.19927e-11,0.133224,0.157808,-1.82983e-11,0.0532308,-0.140751,0.00833226
6.018,0.298995,-0.0138918,0.232215,0.00200671,-0.0442695,-0.136786,0.550905,0.117371,0.0224738,0.463975,-0.175963,1.19927e-11,0.133224,0.157808,-1.82983e-11,0.0532751,-0.140748,0.00854216
6.019,0.298993,-0.0136479,0.232195,0.0020682,-0.0442592,-0.137157,0.550984,0.117374,0.0221488,0.463975,-0.175963,1.19927e-11,0.133224,0.157808,-1.82983e-11,0.0533202,-0.140745,0.0087542
6.02,0.298991,-0.0134042,0.232176,0.00212998,-0.0442478,-0.137524,0.551063,0.117377,0.0218252,0.463975,-0.175963,1.19927e-11,0.133224,0.157808,-1.82983e-11,0.053366,-0.140741,0.00896835
6.021,0.298989,-0.0131607,0.232159,0.00219195,-0.0442351,-0.137885,0.55114,0.117379,0.0215032,0.463975,-0.175963,1.19927e-11,0.133224,0.157808,-1.82983e-11,0.0534126,-0.140738,0.00918459
6.022,0.298988,-0.0129174,0.232142,0.00225404,-0.0442212,-0.138242,0.551217,0.117382,0.0211827,0.463975,-0.175963,1.19927e-11,0.133224,0.157808,-1.82983e-11,0.05346,-0.140734,0.0094029
6.023,0.298986,-0.0126742,0.232126,0.00231615,-0.0442059,-0.138594,0.551293,0.117384,0.0208637,0.463975,-0.175963,1.19927e-11,0.133224,0.157808,-1.82983e-11,0.0535081,-0.140731,0.00962327
6.024,0.298985,-0.0124313,0.232111,0.00237819,-0.0441893,-0.138941,0.551368,0.117387,0.0205464,0.463975,-0.175963,1.19927e-11,0.133224,0.157808,-1.82983e-11,0.053557,-0.140727,0.00984568
6.025,0.298984,-0.0121885,0.232098,0.00244008,-0.0441714,-0.139283,0.551442,0.117389,0.0202306,0.463975,-0.175963,1.19927e-11,0.133224,0.157808,-1.82983e-11,0.0536067,-0.140724,0.0100701
6.026,0.298984,-0.0119458,0.232085,0.00250173,-0.0441521,-0.13962,0.551515,0.117392,0.0199165,0.463975,-0.175963,1.19927e-11,0.133224,0.157808,-1.82983e-11,0.0536571,-0.14072,0.0102965
6.027,0.298983,-0.0117033,0.232073,0.00256304,-0.0441314,-0.139951,0.551587,0.117394,0.019604,0.463975,-0.175963,1.19927e-11,0.133224,0.157808,-1.82983e-11,0.0537084,-0.140716,0.010525
6.028,0.298983,-0.011461,0.232062,0.00262394,-0.0441092,-0.140278,0.551658,0.117397,0.0192932,0.463975,-0.175963,1.19927e-11,0.133224,0.157808,-1.82983e-11,0.0537604,-0.140713,0.0107553
6.029,0.298983,-0.0112188,0.232053,0.00268432,-0.0440856,-0.1406,0.551729,0.117399,0.018984,0.463975,-0.175963,1.19927e-11,0.133224,0.157808,-1.82983e-11,0.0538132,-0.140709,0.0109877
6.03,0.298983,-0.0109768,0.232044,0.00274411,-0.0440606,-0.140916,0.551798,0.117401,0.0186766,0.463975,-0.175963,1.19927e-11,0.133224,0.157808,-1.82983e-11,0.0538669,-0.140705,0.0112219
6.031,0.298983,-0.0107349,0.232036,0.00280321,-0.044034,-0.141227,0.551867,0.117404,0.0183709,0.463975,-0.175963,1.19927e-11,0.133224,0.157808,-1.82983e-11,0.0539213,-0.140701,0.0114581
6.032,0.298984,-0.0104931,0.232029,0.00286154,-0.0440059,-0.141533,0.551935,0.117406,0.0180669,0.463975,-0.175963,1.19927e-11,0.133224,0.157808,-1.82983e-11,0.0539765,-0.140697,0.0116961
6.033,0.298985,-0.0102515,0.232023,0.002919,-0.0439763,-0.141834,0.552002,0.117408,0.0177647,0.463975,-0.175963,1.19927e-11,0.133224,0.157808,-1.82983e-11,0.0540326,-0.140693,0.011936
6.034,0.298986,-0.0100099,0.232018,0.00297551,-0.043945,-0.142129,0.552068,0.11741,0.0174643,0.463975,-0.175963,1.19927e-11,0.133224,0.157808,-1.82983e-11,0.0540894,-0.140689,0.0121778
6.035,0.298987,-0.00976851,0.232014,0.00303099,-0.0439122,-0.142419,0.552134,0.117413,0.0171658,0.463975,-0.175963,1.19927e-11,0.133224,0.157808,-1.82983e-11,0.0541471,-0.140685,0.0124214
6.036,0.298989,-0.00952719,0.232012,0.00308533,-0.0438778,-0.142703,0.552198,0.117415,0.016869,0.463975,-0.175963,1.19927e-11,0.133224,0.157808,-1.82983e-11,0.0542056,-0.14068,0.0126669
6.037,0.298991,-0.00928598,0.23201,0.00313846,-0.0438416,-0.142981,0.552262,0.117417,0.0165741,0.463975,-0.175963,1.19927e-11,0.133224,0.157808,-1.82983e-11,0.0542649,-0.140676,0.0129141
6.038,0.298993,-0.00904487,0.232009,0.00319028,-0.0438039,-0.143254,0.552325,0.117419,0.0162811,0.463975,-0.175963,1.19927e-11,0.133224,0.157808,-1.82983e-11,0.0543251,-0.140672,0.0131631
6.039,0.298995,-0.00880384,0.232009,0.00324071,-0.0437644,-0.143522,0.552387,0.117421,0.0159899,0.463975,-0.175963,1.19927e-11,0.133224,0.157808,-1.82983e-11,0.0543861,-0.140667,0.0134139
6.04,0.298997,-0.0085629,0.232009,0.00328965,-0.0437231,-0.143784,0.552448,0.117423,0.0157007,0.463975,-0.175963,1.19927e-11,0.133224,0.157808,-1.82983e-11,0.0544479,-0.140663,0.0136664
6.041,0.299,-0.00832204,0.232011,0.00333702,-0.0436801,-0.144039,0.552509,0.117425,0.0154134,0.463975,-0.175963,1.19927e-11,0.133224,0.157808,-1.82983e-11,0.0545106,-0.140658,0.0139206
6.042,0.299003,-0.00808125,0.232014,0.00338274,-0.0436354,-0.14429,0.552568,0.117427,0.0151281,0.463975,-0.175963,1.19927e-11,0.133224,0.157808,-1.82983e-11,0.0545741,-0.140654,0.0141766
6.043,0.299007,-0.00784054,0.232018,0.0034267,-0.0435888,-0.144534,0.552627,0.117429,0.0148447,0.463975,-0.175963,1.19927e-11,0.133224,0.157808,-1.82983e-11,0.0546385,-0.140649,0.0144342
6.044,0.29901,-0.00759988,0.232023,0.00346883,-0.0435404,-0.144772,0.552685,0.117431,0.0145633,0.463975,-0.175963,1.19927e-11,0.133224,0.157808,-1.82983e-11,0.0547037,-0.140644,0.0146936
6.045,0.299014,-0.00735928,0.232028,0.00350903,-0.0434901,-0.145005,0.552742,0.117433,0.014284,0.463975,-0.175963,1.19927e-11,0.133224,0.157808,-1.82983e-11,0.0547698,-0.14064,0.0149545
6.046,0.299018,-0.00711874,0.232035,0.00354722,-0.043438,-0.145231,0.552799,0.117435,0.0140067,0.463975,-0.175963,1.19927e-11,0.133224,0.157808,-1.82983e-11,0.0548368,-0.140635,0.0152171
6.047,0.299022,-0.00687824,0.232043,0.0035833,-0.0433839,-0.145452,0.552854,0.117437,0.0137314,0.463975,-0.175963,1.19927e-11,0.133224,0.157808,-1.82983e-11,0.0549046,-0.14063,0.0154813
6.048,0.299027,-0.00663778,0.232051,0.0036172,-0.0433279,-0.145666,0.552909,0.117439,0.0134583,0.463975,-0.175963,1.19927e-11,0.133224,0.157808,-1.82983e-11,0.0549733,-0.140625,0.0157471
6.049,0.299032,-0.00639736,0.23206,0.00364881,-0.0432699,-0.145875,0.552963,0.11744,0.0131872,0.463975,-0.175963,1.19927e-11,0.133224,0.157808,-1.82983e-11,0.0550429,-0.14062,0.0160145
6.05,0.299037,-0.00615697,0.232071,0.00367806,-0.04321,-0.146077,0.553016,0.117442,0.0129183,0.463975,-0.175963,1.19927e-11,0.133224,0.157808,-1.82983e-11,0.0551134,-0.140615,0.0162835
6.051,0.299042,-0.0059166,0.232082,0.00370485,-0.043148,-0.146273,0.553069,0.117444,0.0126515,0.463975,-0.175963,1.19927e-11,0.133224,0.157808,-1.82983e-11,0.0551847,-0.14061,0.016554
6.052,0.299048,-0.00567625,0.232094,0.0037291,-0.0430841,-0.146462,0.55312,0.117446,0.0123868,0.463975,-0.175963,1.19927e-11,0.133224,0.157808,-1.82983e-11,0.0552569,-0.140604,0.016826
6.053,0.299054,-0.00543592,0.232108,0.00375071,-0.043018,-0.146646,0.553171,0.117447,0.0121244,0.463975,-0.175963,1.19927e-11,0.133224,0.157808,-1.82983e-11,0.0553301,-0.140599,0.0170995
6.054,0.29906,-0.00519559,0.232122,0.00376959,-0.0429499,-0.146822,0.553221,0.117449,0.0118641,0.463975,-0.175963,1.19927e-11,0.133224,0.157808,-1.82983e-11,0.0554041,-0.140594,0.0173745
6.055,0.299066,-0.00495526,0.232137,0.00378567,-0.0428796,-0.146993,0.553271,0.117451,0.0116061,0.463975,-0.175963,1.19927e-11,0.133224,0.157808,-1.82983e-11,0.055479,-0.140588,0.017651
6.056,0.299073,-0.00471493,0.232153,0.00379885,-0.0428072,-0.147157,0.553319,0.117452,0.0113503,0.463975,-0.175963,1.19927e-11,0.133224,0.157808,-1.82983e-11,0.0555548,-0.140583,0.0179289
6.057,0.29908,-0.0044746,0.232169,0.00380904,-0.0427327,-0.147314,0.553367,0.117454,0.0110968,0.463975,-0.175963,1.19927e-11,0.133224,0.157808,-1.82983e-11,0.0556316,-0.140577,0.0182083
6.058,0.299087,-0.00423425,0.232187,0.00381615,-0.0426559,-0.147465,0.553414,0.117456,0.0108456,0.463975,-0.175963,1.19927e-11,0.133224,0.157808,-1.82983e-11,0.0557092,-0.140572,0.018489
6.059,0.299095,-0.00399387,0.232206,0.0038201,-0.042577,-0.14761,0.553461,0.117457,0.0105967,0.463975,-0.175963,1.19927e-11,0.133224,0.157808,-1.82983e-11,0.0557878,-0.140566,0.0187712
6.06,0.299103,-0.00375348,0.232225,0.0038208,-0.0424958,-0.147747,0.553506,0.117459,0.0103501,0.463975,-0.175963,1.19927e-11,0.133224,0.157808,-1.82983e-11,0.0558673,-0.14056,0.0190548
6.061,0.299111,-0.00351305,0.232246,0.00381815,-0.0424123,-0.147878,0.553551,0.11746,0.0101058,0.463975,-0.175963,1.19927e-11,0.133224,0.157808,-1.82983e-11,0.0559477,-0.140554,0.0193397
6.062,0.29912,-0.00327258,0.232267,0.00381207,-0.0423266,-0.148003,0.553595,0.117462,0.00986398,0.463975,-0.175963,1.19927e-11,0.133224,0.157808,-1.82983e-11,0.0560291,-0.140548,0.0196259
6.063,0.299128,-0.00303208,0.23229,0.00380247,-0.0422385,-0.14812,0.553639,0.117463,0.00962451,0.463975,-0.175963,1.19927e-11,0.133224,0.157808,-1.82983e-11,0.0561114,-0.140542,0.0199135
6.064,0.299137,-0.00279152,0.232313,0.00378927,-0.0421481,-0.148231,0.553681,0.117464,0.00938745,0.463975,-0.175963,1.19927e-11,0.133224,0.157808,-1.82983e-11,0.0561946,-0.140536,0.0202023
6.065,0.299147,-0.00255091,0.232337,0.00377237,-0.0420553,-0.148334,0.553723,0.117466,0.00915283,0.463975,-0.175963,1.19927e-11,0.133224,0.157808,-1.82983e-11,0.0562788,-0.14053,0.0204925
6.066,0.299156,-0.00231025,0.232362,0.00375168,-0.0419602,-0.148431,0.553765,0.117467,0.00892066,0.463975,-0.175963,1.19927e-11,0.133224,0.157808,-1.82983e-11,0.0563639,-0.140524,0.0207839
6.067,0.299166,-0.00206952,0.232388,0.00372712,-0.0418626,-0.148521,0.553805,0.117469,0.00869096,0.463975,-0.175963,1.19927e-11,0.133224,0.157808,-1.82983e-11,0.05645,-0.140518,0.0210766
6.068,0.299177,-0.00182872,0.232415,0.0036986,-0.0417626,-0.148603,0.553845,0.11747,0.00846376,0.463975,-0.175963,1.19927e-11,0.133224,0.157808,-1.82983e-11,0.056537,-0.140512,0.0213705
6.069,0.299187,-0.00158784,0.232442,0.00366603,-0.0416601,-0.148679,0.553884,0.117471,0.00823907,0.463975,-0.175963,1.19927e-11,0.133224,0.157808,-1.82983e-11,0.056625,-0.140505,0.0216656
6.07,0.299198,-0.00134689,0.232471,0.00362932,-0.0415551,-0.148747,0.553923,0.117473,0.00801693,0.463975,-0.175963,1.19927e-11,0.133224,0.157808,-1.82983e-11,0.056714,-0.140499,0.0219619
6.071,0.299209,-0.00110585,0.2325,0.00358838,-0.0414476,-0.148808,0.55396,0.117474,0.00779734,0.463975,-0.175963,1.19927e-11,0.133224,0.157808,-1.82983e-11,0.0568039,-0.140492,0.0222594
6.072,0.299221,-0.000864714,0.232531,0.00354312,-0.0413375,-0.148862,0.553997,0.117475,0.00758032,0.463975,-0.175963,1.19927e-11,0.133224,0.157808,-1.82983e-11,0.0568948,-0.140486,0.022558
6.073,0.299233,-0.000623483,0.232562,0.00349347,-0.0412249,-0.148909,0.554034,0.117476,0.00736591,0.463975,-0.175963,1.19927e-11,0.133224,0.157808,-1.82983e-11,0.0569866,-0.140479,0.0228578
6.074,0.299245,-0.000382149,0.232594,0.00343931,-0.0411097,-0.148948,0.554069,0.117477,0.00715412,0.463975,-0.175963,1.19927e-11,0.133224,0.157808,-1.82983e-11,0.0570795,-0.140472,0.0231587
6.075,0.299258,-0.000140707,0.232627,0.00338058,-0.0409919,-0.14898,0.554104,0.117479,0.00694497,0.463975,-0.175963,1.19927e-11,0.133224,0.157808,-1.82983e-11,0.0571733,-0.140465,0.0234607
6.076,0.29927,0.000100849,0.23266,0.00331717,-0.0408714,-0.149005,0.554139,0.11748,0.00673848,0.463975,-0.175963,1.19927e-11,0.133224,0.157808,-1.82983e-11,0.0572682,-0.140459,0.0237637
6.077,0.299284,0.000342524,0.232695,0.00324901,-0.0407482,-0.149022,0.554172,0.117481,0.00653468,0.463975,-0.175963,1.19927e-11,0.133224,0.157808,-1.82983e-11,0.057364,-0.140452,0.0240679
6.078,0.299297,0.000584324,0.232731,0.003176,-0.0406224,-0.149031,0.554205,0.117482,0.00633358,0.463975,-0.175963,1.19927e-11,0.133224,0.157808,-1.82983e-11,0.0574608,-0.140445,0.0243731
6.079,0.299311,0.000826255,0.232767,0.00309805,-0.0404938,-0.149033,0.554237,0.117483,0.0061352,0.463975,-0.175963,1.19927e-11,0.133224,0.157808,-1.82983e-11,0.0575586,-0.140438,0.0246793
6.08,0.299325,0.00106832,0.232804,0.00301508,-0.0403625,-0.149027,0.554269,0.117484,0.00593956,0.463975,-0.175963,1.19927e-11,0.133224,0.157808,-1.82983e-11,0.0576574,-0.14043,0.0249865
6.081,0.29934,0.00131053,0.232842,0.002927,-0.0402284,-0.149014,0.5543,0.117485,0.0057467,0.463975,-0.175963,1.19927e-11,0.133224,0.157808,-1.82983e-11,0.0577573,-0.140423,0.0252947
6.082,0.299354,0.00155288,0.232881,0.00283371,-0.0400915,-0.148993,0.55433,0.117486,0.00555661,0.463975,-0.175963,1.19927e-11,0.133224,0.157808,-1.82983e-11,0.0578581,-0.140416,0.0256039
6.083,0.29937,0.00179539,0.232921,0.00273513,-0.0399518,-0.148964,0.55436,0.117487,0.00536934,0.463975,-0.175963,1.19927e-11,0.133224,0.157808,-1.82983e-11,0.05796,-0.140408,0.0259141
6.084,0.299385,0.00203806,0.232962,0.00263118,-0.0398092,-0.148927,0.554389,0.117488,0.00518489,0.463975,-0.175963,1.19927e-11,0.133224,0.157808,-1.82983e-11,0.0580629,-0.140401,0.0262251
6.085,0.299401,0.00228089,0.233003,0.00252176,-0.0396637,-0.148883,0.554417,0.117489,0.0050033,0.463975,-0.175963,1.19927e-11,0.133224,0.157808,-1.82983e-11,0.0581668,-0.140394,0.0265371
6.086,0.299417,0.00252389,0.233046,0.00240678,-0.0395154,-0.14883,0.554445,0.11749,0.00482457,0.463975,-0.175963,1.19927e-11,0.133224,0.157808,-1.82983e-11,0.0582717,-0.140386,0.02685
6.087,0.299434,0.00276706,0.233089,0.00228616,-0.0393641,-0.148769,0.554472,0.117491,0.00464873,0.463975,-0.175963,1.19927e-11,0.133224,0.157808,-1.82983e-11,0.0583777,-0.140378,0.0271638
6.088,0.299451,0.00301041,0.233133,0.0021598,-0.0392099,-0.148701,0.554499,0.117492,0.00447581,0.463975,-0.175963,1.19927e-11,0.133224,0.157808,-1.82983e-11,0.0584847,-0.14037,0.0274785
6.089,0.299468,0.00325395,0.233178,0.00202763,-0.0390527,-0.148624,0.554525,0.117493,0.00430581,0.463975,-0.175963,1.19927e-11,0.133224,0.157808,-1.82983e-11,0.0585928,-0.140363,0.0277939
6.09,0.299485,0.00349768,0.233223,0.00188954,-0.0388925,-0.14854,0.55455,0.117494,0.00413877,0.463975,-0.175963,1.19927e-11,0.133224,0.157808,-1.82983e-11,0.0587019,-0.140355,0.0281103
6.091,0.299503,0.00374161,0.23327,0.00174546,-0.0387293,-0.148447,0.554574,0.117494,0.0039747,0.463975,-0.175963,1.19927e-11,0.133224,0.157808,-1.82983e-11,0.0588121,-0.140347,0.0284274
6.092,0.299522,0.00398574,0.233317,0.00159529,-0.038563,-0.148346,0.554598,0.117495,0.00381363,0.463975,-0.175963,1.19927e-11,0.133224,0.157808,-1.82983e-11,0.0589233,-0.140339,0.0287453
6.093,0.29954,0.00423008,0.233365,0.00143894,-0.0383936,-0.148236,0.554622,0.117496,0.00365557,0.463975,-0.175963,1.19927e-11,0.133224,0.157808,-1.82983e-11,0.0590356,-0.140331,0.029064
6.094,0.29956,0.00447463,0.233414,0.00127633,-0.0382211,-0.148119,0.554645,0.117497,0.00350054,0.463975,-0.175963,1.19927e-11,0.133224,0.157808,-1.82983e-11,0.0591489,-0.140322,0.0293834
6.095,0.299579,0.0047194,0.233464,0.00110737,-0.0380455,-0.147993,0.554667,0.117497,0.00334857,0.463975,-0.175963,1.19927e-11,0.133224,0.157808,-1.82983e-11,0.0592633,-0.140314,0.0297036
6.096,0.299599,0.0049644,0.233515,0.000931964,-0.0378668,-0.147858,0.554688,0.117498,0.00319968,0.463975,-0.175963,1.19927e-11,0.133224,0.157808,-1.82983e-11,0.0593788,-0.140306,0.0300244
6.097,0.299619,0.00520962,0.233566,0.00075003,-0.0376849,-0.147715,0.554709,0.117499,0.00305389,0.463975,-0.175963,1.19927e-11,0.133224,0.157808,-1.82983e-11,0.0594953,-0.140297,0.030346
6.098,0.299639,0.00545508,0.233618,0.000561477,-0.0374997,-0.147564,0.55473,0.1175,0.00291122,0.463975,-0.175963,1.19927e-11,0.133224,0.157808,-1.82983e-11,0.059613,-0.140289,0.0306683
6.099,0.29966,0.00570078,0.233672,0.000366218,-0.0373114,-0.147404,0.55475,0.1175,0.00277168,0.463975,-0.175963,1.19927e-11,0.133224,0.157808,-1.82983e-11,0.0597317,-0.14028,0.0309912
6.1,0.299682,0.00594673,0.233725,0.000164164,-0.0371197,-0.147235,0.554769,0.117501,0.00263531,0.463975,-0.175963,1.19927e-11,0.133224,0.157808,-1.82983e-11,0.0598515,-0.140271,0.0313148
6.101,0.299703,0.00619293,0.23378,-4.47645e-05,-0.0369248,-0.147058,0.554787,0.117501,0.00250212,0.463975,-0.175963,1.19927e-11,0.133224,0.157808,-1.82983e-11,0.0599724,-0.140263,0.031639
6.102,0.299725,0.00643938,0.233836,-0.000260608,-0.0367266,-0.146873,0.554805,0.117502,0.00237213,0.463975,-0.175963,1.19927e-11,0.133224,0.157808,-1.82983e-11,0.0600944,-0.140254,0.0319637
6.103,0.299748,0.00668609,0.233892,-0.000483398,-0.0365252,-0.146678,0.554823,0.117503,0.00224536,0.463975,-0.175963,1.19927e-11,0.133224,0.157808,-1.82983e-11,0.0602175,-0.140245,0.0322891
6.104,0.299771,0.00693304,0.233949,-0.000713166,-0.0363204,-0.146476,0.55484,0.117503,0.00212184,0.463975,-0.175963,1.19927e-11,0.133224,0.157808,-1.82983e-11,0.0603417,-0.140236,0.0326151
6.105,0.299794,0.00718026,0.234007,-0.000949943,-0.0361123,-0.146265,0.554856,0.117504,0.00200158,0.463975,-0.175963,1.19927e-11,0.133224,0.157808,-1.82983e-11,0.060467,-0.140227,0.0329416
6.106,0.299818,0.00742772,0.234065,-0.00119376,-0.035901,-0.146045,0.554872,0.117504,0.0018846,0.463975,-0.175963,1.19927e-11,0.133224,0.157808,-1.82983e-11,0.0605935,-0.140218,0.0332686
6.107,0.299842,0.00767545,0.234124,-0.00144465,-0.0356863,-0.145818,0.554887,0.117505,0.00177093,0.463975,-0.175963,1.19927e-11,0.133224,0.157808,-1.82983e-11,0.060721,-0.140208,0.0335961
6.108,0.299866,0.00792342,0.234184,-0.00170264,-0.0354683,-0.145582,0.554902,0.117505,0.00166059,0.463975,-0.175963,1.19927e-11,0.133224,0.157808,-1.82983e-11,0.0608497,-0.140199,0.0339242
6.109,0.299891,0.00817166,0.234245,-0.00196777,-0.035247,-0.145339,0.554916,0.117506,0.00155359,0.463975,-0.175963,1.19927e-11,0.133224,0.157808,-1.82983e-11,0.0609795,-0.14019,0.0342527
6.11,0.299916,0.00842015,0.234306,-0.00224006,-0.0350224,-0.145087,0.55493,0.117506,0.00144996,0.463975,-0.175963,1.19927e-11,0.133224,0.157808,-1.82983e-11,0.0611104,-0.14018,0.0345817
6.111,0.299941,0.0086689,0.234368,-0.00251955,-0.0347944,-0.144828,0.554943,0.117507,0.00134973,0.463975,-0.175963,1.19927e-11,0.133224,0.157808,-1.82983e-11,0.0612425,-0.140171,0.0349111
6.112,0.299967,0.0089179,0.234431,-0.00280627,-0.0345632,-0.144561,0.554956,0.117507,0.0012529,0.463975,-0.175963,1.19927e-11,0.133224,0.157808,-1.82983e-11,0.0613757,-0.140161,0.0352409
6.113,0.299994,0.00916717,0.234494,-0.00310024,-0.0343286,-0.144286,0.554968,0.117508,0.0011595,0.463975,-0.175963,1.19927e-11,0.133224,0.157808,-1.82983e-11,0.06151,-0.140151,0.0355712
6.114,0.30002,0.00941669,0.234559,-0.00340151,-0.0340906,-0.144003,0.554979,0.117508,0.00106955,0.463975,-0.175963,1.19927e-11,0.133224,0.157808,-1.82983e-11,0.0616455,-0.140142,0.0359018
6.115,0.300047,0.00966647,0.234623,-0.0037101,-0.0338494,-0.143713,0.55499,0.117508,0.000983073,0.463975,-0.175963,1.19927e-11,0.133224,0.157808,-1.82983e-11,0.0617821,-0.140132,0.0362328
6.116,0.300075,0.00991651,0.234688,-0.00402604,-0.0336047,-0.143415,0.555001,0.117509,0.00090009,0.463975,-0.175963,1.19927e-11,0.133224,0.157808,-1.82983e-11,0.0619199,-0.140122,0.0365641
6.117,0.300103,0.0101668,0.234754,-0.00434937,-0.0333568,-0.14311,0.55501,0.117509,0.00082062,0.463975,-0.175963,1.19927e-11,0.133224,0.157808,-1.82983e-11,0.0620589,-0.140112,0.0368958
6.118,0.300131,0.0104174,0.234821,-0.00468011,-0.0331055,-0.142798,0.55502,0.117509,0.000744685,0.463975,-0.175963,1.19927e-11,0.133224,0.157808,-1.82983e-11,0.062199,-0.140101,0.0372278
6.119,0.30016,0.0106682,0.234888,-0.0050183,-0.0328508,-0.142478,0.555029,0.11751,0.000672304,0.463975,-0.175963,1.19927e-11,0.133224,0.157808,-1.82983e-11,0.0623403,-0.140091,0.0375601
6.12,0.300189,0.0109193,0.234955,-0.00536397,-0.0325928,-0.142151,0.555037,0.11751,0.0006035,0.463975,-0.175963,1.19927e-11,0.133224,0.157808,-1.82983e-11,0.0624828,-0.140081,0.0378926
6.121,0.300218,0.0111706,0.235024,-0.00571715,-0.0323314,-0.141817,0.555045,0.11751,0.000538291,0.463975,-0.175963,1.19927e-11,0.133224,0.157808,-1.82983e-11,0.0626264,-0.14007,0.0382254
6.122,0.300248,0.0114222,0.235092,-0.00607787,-0.0320667,-0.141476,0.555053,0.11751,0.0004767,0.463975,-0.175963,1.19927e-11,0.133224,0.157808,-1.82983e-11,0.0627712,-0.14006,0.0385585
6.123,0.300278,0.0116741,0.235161,-0.00644616,-0.0317986,-0.141128,0.55506,0.117511,0.000418748,0.463975,-0.175963,1.19927e-11,0.133224,0.157808,-1.82983e-11,0.0629172,-0.140049,0.0388917
6.124,0.300309,0.0119262,0.235231,-0.00682206,-0.0315271,-0.140773,0.555066,0.117511,0.000364454,0.463975,-0.175963,1.19927e-11,0.133224,0.157808,-1.82983e-11,0.0630644,-0.140039,0.0392252
6.125,0.30034,0.0121786,0.235301,-0.00720559,-0.0312522,-0.140411,0.555072,0.117511,0.000313839,0.463975,-0.175963,1.19927e-11,0.133224,0.157808,-1.82983e-11,0.0632128,-0.140028,0.0395589
6.126,0.300371,0.0124313,0.235372,-0.00759679,-0.0309739,-0.140043,0.555078,0.117511,0.000266925,0.463975,-0.175963,1.19927e-11,0.133224,0.157808,-1.82983e-11,0.0633624,-0.140017,0.0398927
6.127,0.300403,0.0126842,0.235443,-0.00799568,-0.0306923,-0.139668,0.555083,0.117511,0.000223733,0.463975,-0.175963,1.19927e-11,0.133224,0.157808,-1.82983e-11,0.0635131,-0.140006,0.0402266
6.128,0.300436,0.0129374,0.235515,-0.00840231,-0.0304073,-0.139286,0.555087,0.117512,0.000184282,0.463975,-0.175963,1.19927e-11,0.133224,0.157808,-1.82983e-11,0.0636651,-0.139995,0.0405607
6.129,0.300468,0.0131909,0.235587,-0.00881669,-0.0301189,-0.138898,0.555091,0.117512,0.000148594,0.463975,-0.175963,1.19927e-11,0.133224,0.157808,-1.82983e-11,0.0638183,-0.139984,0.0408949
6.13,0.300501,0.0134446,0.23566,-0.00923887,-0.029827,-0.138503,0.555095,0.117512,0.000116689,0.463975,-0.175963,1.19927e-11,0.133224,0.157808,-1.82983e-11,0.0639727,-0.139973,0.0412292
6.131,0.300535,0.0136986,0.235733,-0.00966887,-0.0295318,-0.138103,0.555098,0.117512,8.85887e-05,0.463975,-0.175963,1.19927e-11,0.133224,0.157808,-1.82983e-11,0.0641283,-0.139962,0.0415636
6.132,0.300569,0.0139529,0.235806,-0.0101067,-0.0292332,-0.137695,0.555101,0.117512,6.43134e-05,0.463975,-0.175963,1.19927e-11,0.133224,0.157808,-1.82983e-11,0.0642852,-0.13995,0.041898
6.133,0.300603,0.0142074,0.23588,-0.0105525,-0.0289312,-0.137282,0.555103,0.117512,4.38839e-05,0.463975,-0.175963,1.19927e-11,0.133224,0.157808,-1.82983e-11,0.0644432,-0.139939,0.0422325
6.134,0.300637,0.0144622,0.235954,-0.0110061,-0.0286257,-0.136863,0.555105,0.117512,2.73209e-05,0.463975,-0.175963,1.19927e-11,0.133224,0.157808,-1.82983e-11,0.0646026,-0.139927,0.042567
6.135,0.300673,0.0147173,0.236029,-0.0114677,-0.0283168,-0.136437,0.555106,0.117512,1.46454e-05,0.463975,-0.175963,1.19927e-11,0.133224,0.157808,-1.82983e-11,0.0647631,-0.139916,0.0429014
6.136,0.300708,0.0149726,0.236104,-0.0119373,-0.0280046,-0.136006,0.555107,0.117512,5.87792e-06,0.463975,-0.175963,1.19927e-11,0.133224,0.157808,-1.82983e-11,0.0649249,-0.139904,0.0432359
6.137,0.300744,0.0152282,0.236179,-0.0124149,-0.0276888,-0.135568,0.555108,0.117512,1.03936e-06,0.463975,-0.175963,1.19927e-11,0.133224,0.157808,-1.82983e-11,0.0650879,-0.139892,0.0435703
6.138,0.30078,0.0154841,0.236255,-0.0129005,-0.0273697,-0.135125,0.555108,0.117512,-8.48223e-12,0.463975,-0.175963,1.19927e-11,0.133224,0.157808,-1.82983e-11,0.0652521,-0.13988,0.0439047
6.139,0.300817,0.0157402,0.236331,-0.0133943,-0.0270471,-0.134676,0.555108,0.117512,-8.48223e-12,0.463975,-0.175963,1.19927e-11,0.133224,0.157808,-1.82983e-11,0.0654176,-0.139868,0.044239
6.14,0.300854,0.0159966,0.236407,-0.0138961,-0.0267211,-0.134222,0.555108,0.117512,-8.48223e-12,0.463975,-0.175963,1.19927e-11,0.133224,0.157808,-1.82983e-11,0.0655844,-0.139856,0.0445732
6.141,0.300892,0.0162533,0.236484,-0.014406,-0.0263916,-0.133762,0.555108,0.117512,-8.48223e-12,0.463975,-0.175963,1.19927e-11,0.133224,0.157808,-1.82983e-11,0.0657524,-0.139844,0.0449072
6.142,0.30093,0.0165103,0.236561,-0.0149241,-0.0260587,-0.133296,0.555108,0.117512,-8.48223e-12,0.463975,-0.175963,1.19927e-11,0.133224,0.157808,-1.82983e-11,0.0659217,-0.139832,0.0452412
6.143,0.300968,0.0167675,0.236638,-0.0154505,-0.0257224,-0.132825,0.555108,0.117512,-8.48223e-12,0.463975,-0.175963,1.19927e-11,0.133224,0.157808,-1.82983e-11,0.0660923,-0.139819,0.045575
6.144,0.301007,0.017025,0.236715,-0.015985,-0.0253826,-0.132349,0.555108,0.117512,-8.48223e-12,0.463975,-0.175963,1.19927e-11,0.133224,0.157808,-1.82983e-11,0.0662641,-0.139807,0.0459087
6.145,0.301046,0.0172828,0.236793,-0.0165278,-0.0250393,-0.131867,0.555108,0.117512,-8.48223e-12,0.463975,-0.175963,1.19927e-11,0.133224,0.157808,-1.82983e-11,0.0664372,-0.139794,0.0462421
6.146,0.301085,0.0175409,0.236871,-0.0170789,-0.0246926,-0.13138,0.555108,0.117512,-8.48223e-12,0.463975,-0.175963,1.19927e-11,0.133224,0.157808,-1.82983e-11,0.0666116,-0.139782,0.0465754
6.147,0.301125,0.0177992,0.236949,-0.0176383,-0.0243424,-0.130888,0.555108,0.117512,-8.48223e-12,0.463975,-0.175963,1.19927e-11,0.133224,0.157808,-1.82983e-11,0.0667873,-0.139769,0.0469084
6.148,0.301166,0.0180578,0.237027,-0.0182061,-0.0239887,-0.130391,0.555108,0.117512,-8.48223e-12,0.463975,-0.175963,1.19927e-11,0.133224,0.157808,-1.82983e-11,0.0669642,-0.139756,0.0472412
6.149,0.301207,0.0183167,0.237106,-0.0187823,-0.0236316,-0.129889,0.555108,0.117512,-8.48223e-12,0.463975,-0.175963,1.19927e-11,0.133224,0.157808,-1.82983e-11,0.0671425,-0.139743,0.0475738
6.15,0.301248,0.0185759,0.237185,-0.0193669,-0.0232709,-0.129383,0.555108,0.117512,-8.48223e-12,0.463975,-0.175963,1.19927e-11,0.133224,0.157808,-1.82983e-11,0.067322,-0.13973,0.047906
6.151,0.30129,0.0188353,0.237264,-0.0199599,-0.0229068,-0.128871,0.555108,0.117512,-8.48223e-12,0.463975,-0.175963,1.19927e-11,0.133224,0.157808,-1.82983e-11,0.0675029,-0.139717,0.048238
6.152,0.301332,0.019095,0.237343,-0.0205614,-0.0225392,-0.128355,0.555108,0.117512,-8.48223e-12,0.463975,-0.175963,1.19927e-11,0.133224,0.157808,-1.82983e-11,0.067685,-0.139704,0.0485697
6.153,0.301374,0.019355,0.237422,-0.0211714,-0.0221682,-0.127834,0.555108,0.117512,-8.48223e-12,0.463975,-0.175963,1.19927e-11,0.133224,0.157808,-1.82983e-11,0.0678685,-0.139691,0.048901
6.154,0.301417,0.0196153,0.237501,-0.02179,-0.0217936,-0.127308,0.555108,0.117512,-8.48223e-12,0.463975,-0.175963,1.19927e-11,0.133224,0.157808,-1.82983e-11,0.0680533,-0.139677,0.049232
6.155,0.301461,0.0198758,0.237581,-0.0224171,-0.0214155,-0.126778,0.555108,0.117512,-8.48223e-12,0.463975,-0.175963,1.19927e-11,0.133224,0.157808,-1.82983e-11,0.0682393,-0.139664,0.0495626
6.156,0.301504,0.0201367,0.237661,-0.0230529,-0.021034,-0.126244,0.555108,0.117512,-8.48223e-12,0.463975,-0.175963,1.19927e-11,0.133224,0.157808,-1.82983e-11,0.0684268,-0.13965,0.0498928
6.157,0.301549,0.0203978,0.23774,-0.0236973,-0.0206489,-0.125705,0.555108,0.117512,-8.48223e-12,0.463975,-0.175963,1.19927e-11,0.133224,0.157808,-1.82983e-11,0.0686155,-0.139637,0.0502226
6.158,0.301593,0.0206592,0.23782,-0.0243503,-0.0202603,-0.125162,0.555108,0.117512,-8.48223e-12,0.463975,-0.175963,1.19927e-11,0.133224,0.157808,-1.82983e-11,0.0688056,-0.139623,0.050552
6.159,0.301638,0.0209208,0.2379,-0.0250121,-0.0198682,-0.124614,0.555108,0.117512,-8.48223e-12,0.463975,-0.175963,1.19927e-11,0.133224,0.157808,-1.82983e-11,0.068997,-0.139609,0.050881
6.16,0.301684,0.0211828,0.23798,-0.0256825,-0.0194726,-0.124063,0.555108,0.117512,-8.48223e-12,0.463975,-0.175963,1.19927e-11,0.133224,0.157808,-1.82983e-11,0.0691897,-0.139595,0.0512095
6.161,0.30173,0.021445,0.23806,-0.0263618,-0.0190734,-0.123508,0.555108,0.117512,-8.48223e-12,0.463975,-0.175963,1.19927e-11,0.133224,0.157808,-1.82983e-11,0.0693838,-0.139581,0.0515375
6.162,0.301776,0.0217076,0.23814,-0.0270498,-0.0186708,-0.122948,0.555108,0.117512,-8.48223e-12,0.463975,-0.175963,1.19927e-11,0.133224,0.157808,-1.82983e-11,0.0695792,-0.139567,0.0518651
6.163,0.301823,0.0219704,0.23822,-0.0277467,-0.0182646,-0.122385,0.555108,0.117512,-8.48223e-12,0.463975,-0.175963,1.19927e-11,0.133224,0.157808,-1.82983e-11,0.069776,-0.139553,0.0521921
6.164,0.30187,0.0222334,0.2383,-0.0284524,-0.0178549,-0.121818,0.555108,0.117512,-8.48223e-12,0.463975,-0.175963,1.19927e-11,0.133224,0.157808,-1.82983e-11,0.0699741,-0.139538,0.0525185
6.165,0.301918,0.0224968,0.238381,-0.029167,-0.0174416,-0.121247,0.555108,0.117512,-8.48223e-12,0.463975,-0.175963,1.19927e-11,0.133224,0.157808,-1.82983e-11,0.0701736,-0.139524,0.0528445
6.166,0.301966,0.0227605,0.238461,-0.0298905,-0.0170248,-0.120673,0.555108,0.117512,-8.48223e-12,0.463975,-0.175963,1.19927e-11,0.133224,0.157808,-1.82983e-11,0.0703745,-0.139509,0.0531698
6.167,0.302014,0.0230244,0.238541,-0.030623,-0.0166044,-0.120094,0.555108,0.117512,-8.48223e-12,0.463975,-0.175963,1.19927e-11,0.133224,0.157808,-1.82983e-11,0.0705767,-0.139495,0.0534946
6.168,0.302063,0.0232886,0.238621,-0.0313645,-0.0161805,-0.119513,0.555108,0.117512,-8.48223e-12,0.463975,-0.175963,1.19927e-11,0.133224,0.157808,-1.82983e-11,0.0707803,-0.13948,0.0538188
6.169,0.302112,0.0235531,0.238701,-0.0321149,-0.0157531,-0.118928,0.555108,0.117512,-8.48223e-12,0.463975,-0.175963,1.19927e-11,0.133224,0.157808,-1.82983e-11,0.0709852,-0.139465,0.0541423
6.17,0.302162,0.0238179,0.238781,-0.0328744,-0.015322,-0.11834,0.555108,0.117512,-8.48223e-12,0.463975,-0.175963,1.19927e-11,0.133224,0.157808,-1.82983e-11,0.0711916,-0.13945,0.0544652
6.171,0.302212,0.024083,0.238861,-0.033643,-0.0148875,-0.117748,0.555108,0.117512,-8.48223e-12,0.463975,-0.175963,1.19927e-11,0.133224,0.157808,-1.82983e-11,0.0713993,-0.139435,0.0547874
6.172,0.302263,0.0243484,0.23894,-0.0344207,-0.0144493,-0.117153,0.555108,0.117512,-8.48223e-12,0.463975,-0.175963,1.19927e-11,0.133224,0.157808,-1.82983e-11,0.0716084,-0.13942,0.055109
6.173,0.302314,0.024614,0.23902,-0.0352075,-0.0140076,-0.116556,0.555108,0.117512,-8.48223e-12,0.463975,-0.175963,1.19927e-11,0.133224,0.157808,-1.82983e-11,0.0718189,-0.139405,0.0554298
6.174,0.302366,0.02488,0.2391,-0.0360035,-0.0135623,-0.115955,0.555108,0.117512,-8.48223e-12,0.463975,-0.175963,1.19927e-11,0.133224,0.157808,-1.82983e-11,0.0720309,-0.139389,0.05575
6.175,0.302417,0.0251462,0.239179,-0.0368087,-0.0131134,-0.115351,0.555108,0.117512,-8.48223e-12,0.463975,-0.175963,1.19927e-11,0.133224,0.157808,-1.82983e-11,0.0722442,-0.139374,0.0560694
6.176,0.30247,0.0254127,0.239258,-0.0376232,-0.012661,-0.114744,0.555108,0.117512,-8.48223e-12,0.463975,-0.175963,1.19927e-11,0.133224,0.157808,-1.82983e-11,0.0724589,-0.139358,0.056388
6.177,0.302523,0.0256795,0.239338,-0.0384469,-0.0122049,-0.114134,0.555108,0.117512,-8.48223e-12,0.463975,-0.175963,1.19927e-11,0.133224,0.157808,-1.82983e-11,0.072675,-0.139343,0.0567059
6.178,0.302576,0.0259466,0.239417,-0.0392799,-0.0117453,-0.113522,0.555108,0.117512,-8.48223e-12,0.463975,-0.175963,1.19927e-11,0.133224,0.157808,-1.82983e-11,0.0728925,-0.139327,0.057023
6.179,0.30263,0.026214,0.239495,-0.0401222,-0.0112821,-0.112907,0.555108,0.117512,-8.48223e-12,0.463975,-0.175963,1.19927e-11,0.133224,0.157808,-1.82983e-11,0.0731115,-0.139311,0.0573393
6.18,0.302684,0.0264817,0.239574,-0.0409738,-0.0108153,-0.11229,0.555108,0.117512,-8.48223e-12,0.463975,-0.175963,1.19927e-11,0.133224,0.157808,-1.82983e-11,0.0733318,-0.139295,0.0576547
6.181,0.302738,0.0267497,0.239653,-0.0418349,-0.0103449,-0.11167,0.555108,0.117512,-8.48223e-12,0.463975,-0.175963,1.19927e-11,0.133224,0.157808,-1.82983e-11,0.0735536,-0.139279,0.0579694
6.182,0.302793,0.027018,0.239731,-0.0427054,-0.00987084,-0.111047,0.555108,0.117512,-8.48223e-12,0.463975,-0.175963,1.19927e-11,0.133224,0.157808,-1.82983e-11,0.0737769,-0.139263,0.0582831
6.183,0.302849,0.0272865,0.239809,-0.0435853,-0.0093932,-0.110423,0.555108,0.117512,-8.48223e-12,0.463975,-0.175963,1.19927e-11,0.133224,0.157808,-1.82983e-11,0.0740015,-0.139247,0.058596
6.184,0.302905,0.0275554,0.239887,-0.0444747,-0.00891195,-0.109795,0.555108,0.117512,-8.48223e-12,0.463975,-0.175963,1.19927e-11,0.133224,0.157808,-1.82983e-11,0.0742276,-0.13923,0.0589079
6.185,0.302961,0.0278245,0.239964,-0.0453736,-0.00842708,-0.109166,0.555108,0.117512,-8.48223e-12,0.463975,-0.175963,1.19927e-11,0.133224,0.157808,-1.82983e-11,0.0744552,-0.139214,0.059219
6.186,0.303018,0.028094,0.240041,-0.0462821,-0.00793859,-0.108535,0.555108,0.117512,-8.48223e-12,0.463975,-0.175963,1.19927e-11,0.133224,0.157808,-1.82983e-11,0.0746841,-0.139197,0.0595291
6.187,0.303075,0.0283637,0.240118,-0.0472001,-0.00744648,-0.107902,0.555108,0.117512,-8.48223e-12,0.463975,-0.175963,1.19927e-11,0.133224,0.157808,-1.82983e-11,0.0749146,-0.13918,0.0598382
6.188,0.303133,0.0286337,0.240195,-0.0481278,-0.00695073,-0.107266,0.555108,0.117512,-8.48223e-12,0.463975,-0.175963,1.19927e-11,0.133224,0.157808,-1.82983e-11,0.0751465,-0.139164,0.0601464
6.189,0.303191,0.0289041,0.240271,-0.0490651,-0.00645135,-0.106629,0.555108,0.117512,-8.48223e-12,0.463975,-0.175963,1.19927e-11,0.133224,0.157808,-1.82983e-11,0.0753798,-0.139147,0.0604536
6.19,0.30325,0.0291747,0.240348,-0.050012,-0.00594833,-0.10599,0.555108,0.117512,-8.48223e-12,0.463975,-0.175963,1.19927e-11,0.133224,0.157808,-1.82983e-11,0.0756146,-0.13913,0.0607598
6.191,0.303309,0.0294456,0.240423,-0.0509687,-0.00544167,-0.105349,0.555108,0.117512,-8.48223e-12,0.463975,-0.175963,1.19927e-11,0.133224,0.157808,-1.82983e-11,0.0758509,-0.139113,0.061065
6.192,0.303368,0.0297168,0.240499,-0.0519351,-0.00493136,-0.104707,0.555108,0.117512,-8.48223e-12,0.463975,-0.175963,1.19927e-11,0.133224,0.157808,-1.82983e-11,0.0760886,-0.139095,0.0613691
6.193,0.303428,0.0299884,0.240574,-0.0529112,-0.00441741,-0.104063,0.555108,0.117512,-8.48223e-12,0.463975,-0.175963,1.19927e-11,0.133224,0.157808,-1.82983e-11,0.0763279,-0.139078,0.0616721
6.194,0.303488,0.0302602,0.240649,-0.0538972,-0.0038998,-0.103417,0.555108,0.117512,-8.48223e-12,0.463975,-0.175963,1.19927e-11,0.133224,0.157808,-1.82983e-11,0.0765686,-0.139061,0.061974
6.195,0.303549,0.0305323,0.240723,-0.054893,-0.00337853,-0.10277,0.555108,0.117512,-8.48223e-12,0.463975,-0.175963,1.19927e-11,0.133224,0.157808,-1.82983e-11,0.0768107,-0.139043,0.0622749
6.196,0.303611,0.0308047,0.240797,-0.0558986,-0.0028536,-0.102122,0.555108,0.117512,-8.48223e-12,0.463975,-0.175963,1.19927e-11,0.133224,0.157808,-1.82983e-11,0.0770544,-0.139025,0.0625746
6.197,0.303672,0.0310774,0.24087,-0.0569141,-0.002325,-0.101473,0.555108,0.117512,-8.48223e-12,0.463975,-0.175963,1.19927e-11,0.133224,0.157808,-1.82983e-11,0.0772996,-0.139008,0.0628732
6.198,0.303734,0.0313504,0.240944,-0.0579396,-0.00179273,-0.100822,0.555108,0.117512,-8.48223e-12,0.463975,-0.175963,1.19927e-11,0.133224,0.157808,-1.82983e-11,0.0775462,-0.13899,0.0631707
6.199,0.303797,0.0316237,0.241016,-0.058975,-0.00125679,-0.10017,0.555108,0.117512,-8.48223e-12,0.463975,-0.175963,1.19927e-11,0.133224,0.157808,-1.82983e-11,0.0777944,-0.138972,0.0634669
6.2,0.30386,0.0318974,0.241089,-0.0600204,-0.000717174,-0.0995171,0.555108,0.117512,-8.48223e-12,0.463975,-0.175963,1.19927e-11,0.133224,0.157808,-1.82983e-11,0.0780441,-0.138954,0.063762
6.201,0.303924,0.0321713,0.24116,-0.0610757,-0.000173886,-0.0988633,0.555108,0.117512,-8.48223e-12,0.463975,-0.175963,1.19927e-11,0.133224,0.157808,-1.82983e-11,0.0782952,-0.138936,0.0640558
6.202,0.303988,0.0324455,0.241232,-0.062141,0.000373011,-0.0982086,0.555108,0.117512,-8.48223e-12,0.463975,-0.175963,1.19927e-11,0.133224,0.157808,-1.82983e-11,0.0785479,-0.138917,0.0643485
6.203,0.304052,0.03272,0.241303,-0.0632161,0.000923443,-0.0975531,0.555108,0.117512,-8.48223e-12,0.463975,-0.175963,1.19927e-11,0.133224,0.157808,-1.82983e-11,0.0788021,-0.138899,0.0646398
6.204,0.304117,0.0329948,0.241373,-0.0643009,0.00147734,-0.0968969,0.555108,0.117512,-8.48223e-12,0.463975,-0.175963,1.19927e-11,0.133224,0.157808,-1.82983e-11,0.0790578,-0.13888,0.0649299
6.205,0.304182,0.0332699,0.241443,-0.0653953,0.00203462,-0.0962401,0.555108,0.117512,-8.48223e-12,0.463975,-0.175963,1.19927e-11,0.133224,0.157808,-1.82983e-11,0.0793151,-0.138862,0.0652188
6.206,0.304248,0.0335452,0.241513,-0.0664992,0.00259522,-0.0955828,0.555108,0.117512,-8.48223e-12,0.463975,-0.175963,1.19927e-11,0.133224,0.157808,-1.82983e-11,0.0795739,-0.138843,0.0655063
6.207,0.304315,0.0338209,0.241582,-0.0676124,0.00315906,-0.0949251,0.555108,0.117512,-8.48223e-12,0.463975,-0.175963,1.19927e-11,0.133224,0.157808,-1.82983e-11,0.0798342,-0.138824,0.0657925
6.208,0.304381,0.0340968,0.24165,-0.068735,0.00372607,-0.094267,0.555108,0.117512,-8.48223e-12,0.463975,-0.175963,1.19927e-11,0.133224,0.157808,-1.82983e-11,0.080096,-0.138805,0.0660773
6.209,0.304448,0.0343729,0.241718,-0.0698667,0.00429618,-0.0936087,0.555108,0.117512,-8.48223e-12,0.463975,-0.175963,1.19927e-11,0.133224,0.157808,-1.82983e-11,0.0803594,-0.138786,0.0663608
6.21,0.304516,0.0346493,0.241786,-0.0710075,0.00486931,-0.0929502,0.555108,0.117512,-8.48223e-12,0.463975,-0.175963,1.19927e-11,0.133224,0.157808,-1.82983e-11,0.0806243,-0.138767,0.066643
6.211,0.304584,0.034926,0.241853,-0.0721573,0.00544539,-0.0922916,0.555108,0.117512,-8.48223e-12,0.463975,-0.175963,1.19927e-11,0.133224,0.157808,-1.82983e-11,0.0808908,-0.138748,0.0669237
6.212,0.304652,0.035203,0.24192,-0.073316,0.00602434,-0.0916331,0.555108,0.117512,-8.48223e-12,0.463975,-0.175963,1.19927e-11,0.133224,0.157808,-1.82983e-11,0.0811589,-0.138728,0.067203
6.213,0.304721,0.0354801,0.241986,-0.0744834,0.0066061,-0.0909746,0.555108,0.117512,-8.48223e-12,0.463975,-0.175963,1.19927e-11,0.133224,0.157808,-1.82983e-11,0.0814285,-0.138709,0.0674809
6.214,0.304791,0.0357576,0.242051,-0.0756595,0.00719059,-0.0903164,0.555108,0.117512,-8.48223e-12,0.463975,-0.175963,1.19927e-11,0.133224,0.157808,-1.82983e-11,0.0816996,-0.138689,0.0677573
6.215,0.30486,0.0360352,0.242116,-0.0768442,0.00777773,-0.0896584,0.555108,0.117512,-8.48223e-12,0.463975,-0.175963,1.19927e-11,0.133224,0.157808,-1.82983e-11,0.0819723,-0.138669,0.0680322
6.216,0.304931,0.0363131,0.242181,-0.0780373,0.00836746,-0.0890008,0.555108,0.117512,-8.48223e-12,0.463975,-0.175963,1.19927e-11,0.133224,0.157808,-1.82983e-11,0.0822466,-0.138649,0.0683057
6.217,0.305001,0.0365913,0.242245,-0.0792388,0.00895969,-0.0883436,0.555108,0.117512,-8.48223e-12,0.463975,-0.175963,1.19927e-11,0.133224,0.157808,-1.82983e-11,0.0825225,-0.138629,0.0685777
6.218,0.305072,0.0368696,0.242308,-0.0804485,0.00955437,-0.087687,0.555108,0.117512,-8.48223e-12,0.463975,-0.175963,1.19927e-11,0.133224,0.157808,-1.82983e-11,0.0827999,-0.138609,0.0688481
6.219,0.305144,0.0371482,0.242371,-0.0816663,0.0101514,-0.0870311,0.555108,0.117512,-8.48223e-12,0.463975,-0.175963,1.19927e-11,0.133224,0.157808,-1.82983e-11,0.083079,-0.138589,0.069117
6.22,0.305216,0.037427,0.242433,-0.0828922,0.0107507,-0.0863758,0.555108,0.117512,-8.48223e-12,0.463975,-0.175963,1.19927e-11,0.133224,0.157808,-1.82983e-11,0.0833596,-0.138569,0.0693843
6.221,0.305288,0.037706,0.242495,-0.084126,0.0113523,-0.0857214,0.555108,0.117512,-8.48223e-12,0.463975,-0.175963,1.19927e-11,0.133224,0.157808,-1.82983e-11,0.0836418,-0.138548,0.0696501
6.222,0.305361,0.0379852,0.242556,-0.0853677,0.011956,-0.0850678,0.555108,0.117512,-8.48223e-12,0.463975,-0.175963,1.19927e-11,0.133224,0.157808,-1.82983e-11,0.0839256,-0.138528,0.0699142
6.223,0.305434,0.0382646,0.242617,-0.0866171,0.0125617,-0.0844153,0.555108,0.117512,-8.48223e-12,0.463975,-0.175963,1.19927e-11,0.133224,0.157808,-1.82983e-11,0.084211,-0.138507,0.0701768
6.224,0.305508,0.0385442,0.242677,-0.0878741,0.0131695,-0.0837638,0.555108,0.117512,-8.48223e-12,0.463975,-0.175963,1.19927e-11,0.133224,0.157808,-1.82983e-11,0.084498,-0.138486,0.0704377
6.225,0.305582,0.0388239,0.242737,-0.0891386,0.0137792,-0.0831135,0.555108,0.117512,-8.48223e-12,0.463975,-0.175963,1.19927e-11,0.133224,0.157808,-1.82983e-11,0.0847866,-0.138465,0.0706969
6.226,0.305656,0.0391039,0.242796,-0.0904105,0.0143907,-0.0824644,0.555108,0.117512,-8.48223e-12,0.463975,-0.175963,1.19927e-11,0.133224,0.157808,-1.82983e-11,0.0850769,-0.138444,0.0709545
6.227,0.305731,0.0393841,0.242854,-0.0916898,0.015004,-0.0818167,0.555108,0.117512,-8.48223e-12,0.463975,-0.175963,1.19927e-11,0.133224,0.157808,-1.82983e-11,0.0853687,-0.138423,0.0712104
6.228,0.305806,0.0396644,0.242912,-0.0929762,0.015619,-0.0811704,0.555108,0.117512,-8.48223e-12,0.463975,-0.175963,1.19927e-11,0.133224,0.157808,-1.82983e-11,0.0856622,-0.138402,0.0714646
6.229,0.305882,0.039945,0.242969,-0.0942698,0.0162356,-0.0805257,0.555108,0.117512,-8.48223e-12,0.463975,-0.175963,1.19927e-11,0.133224,0.157808,-1.82983e-11,0.0859573,-0.138381,0.071717
6.23,0.305958,0.0402256,0.243026,-0.0955704,0.0168538,-0.0798825,0.555108,0.117512,-8.48223e-12,0.463975,-0.175963,1.19927e-11,0.133224,0.157808,-1.82983e-11,0.086254,-0.138359,0.0719678
6.231,0.306034,0.0405065,0.243082,-0.0968778,0.0174735,-0.0792411,0.555108,0.117512,-8.48223e-12,0.463975,-0.175963,1.19927e-11,0.133224,0.157808,-1.82983e-11,0.0865523,-0.138337,0.0722167
6.232,0.306111,0.0407875,0.243137,-0.0981921,0.0180946,-0.0786014,0.555108,0.117512,-8.48223e-12,0.463975,-0.175963,1.19927e-11,0.133224,0.157808,-1.82983e-11,0.0868523,-0.138316,0.0724639
6.233,0.306188,0.0410687,0.243192,-0.099513,0.018717,-0.0779636,0.555108,0.117512,-8.48223e-12,0.463975,-0.175963,1.19927e-11,0.133224,0.157808,-1.82983e-11,0.0871539,-0.138294,0.0727092
6.234,0.306266,0.04135,0.243247,-0.100841,0.0193407,-0.0773277,0.555108,0.117512,-8.48223e-12,0.463975,-0.175963,1.19927e-11,0.133224,0.157808,-1.82983e-11,0.0874572,-0.138272,0.0729528
6.235,0.306344,0.0416315,0.2433,-0.102175,0.0199656,-0.076694,0.555108,0.117512,-8.48223e-12,0.463975,-0.175963,1.19927e-11,0.133224,0.157808,-1.82983e-11,0.0877621,-0.13825,0.0731945
6.236,0.306422,0.0419131,0.243353,-0.103515,0.0205916,-0.0760623,0.555108,0.117512,-8.48223e-12,0.463975,-0.175963,1.19927e-11,0.133224,0.157808,-1.82983e-11,0.0880687,-0.138228,0.0734344
6.237,0.306501,0.0421948,0.243406,-0.104862,0.0212187,-0.0754329,0.555108,0.117512,-8.48223e-12,0.463975,-0.175963,1.19927e-11,0.133224,0.157808,-1.82983e-11,0.088377,-0.138205,0.0736723
6.238,0.30658,0.0424767,0.243457,-0.106214,0.0218467,-0.0748058,0.555108,0.117512,-8.48223e-12,0.463975,-0.175963,1.19927e-11,0.133224,0.157808,-1.82983e-11,0.0886869,-0.138183,0.0739084
6.239,0.30666,0.0427587,0.243508,-0.107573,0.0224756,-0.0741811,0.555108,0.117512,-8.48223e-12,0.463975,-0.175963,1.19927e-11,0.133224,0.157808,-1.82983e-11,0.0889984,-0.13816,0.0741426
6.24,0.30674,0.0430408,0.243559,-0.108938,0.0231053,-0.0735589,0.555108,0.117512,-8.48223e-12,0.463975,-0.175963,1.19927e-11,0.133224,0.157808,-1.82983e-11,0.0893117,-0.138138,0.0743749
6.241,0.306821,0.0433231,0.243609,-0.110309,0.0237358,-0.0729393,0.555108,0.117512,-8.48223e-12,0.463975,-0.175963,1.19927e-11,0.133224,0.157808,-1.82983e-11,0.0896266,-0.138115,0.0746052
6.242,0.306901,0.0436054,0.243658,-0.111685,0.024367,-0.0723224,0.555108,0.117512,-8.48223e-12,0.463975,-0.175963,1.19927e-11,0.133224,0.157808,-1.82983e-11,0.0899431,-0.138092,0.0748335
6.243,0.306983,0.0438879,0.243706,-0.113067,0.0249988,-0.0717082,0.555108,0.117512,-8.48223e-12,0.463975,-0.175963,1.19927e-11,0.133224,0.157808,-1.82983e-11,0.0902614,-0.138069,0.0750599
6.244,0.307064,0.0441705,0.243754,-0.114455,0.0256311,-0.0710968,0.555108,0.117512,-8.48223e-12,0.463975,-0.175963,1.19927e-11,0.133224,0.157808,-1.82983e-11,0.0905814,-0.138046,0.0752842
6.245,0.307146,0.0444532,0.243801,-0.115848,0.0262639,-0.0704884,0.555108,0.117512,-8.48223e-12,0.463975,-0.175963,1.19927e-11,0.133224,0.157808,-1.82983e-11,0.090903,-0.138022,0.0755066
6.246,0.307228,0.044736,0.243848,-0.117246,0.026897,-0.0698831,0.555108,0.117512,-8.48223e-12,0.463975,-0.175963,1.19927e-11,0.133224,0.157808,-1.82983e-11,0.0912264,-0.137999,0.0757269
6.247,0.307311,0.0450188,0.243894,-0.11865,0.0275305,-0.0692808,0.555108,0.117512,-8.48223e-12,0.463975,-0.175963,1.19927e-11,0.133224,0.157808,-1.82983e-11,0.0915514,-0.137975,0.0759451
6.248,0.307394,0.0453018,0.243939,-0.120059,0.0281642,-0.0686817,0.555108,0.117512,-8.48223e-12,0.463975,-0.175963,1.19927e-11,0.133224,0.157808,-1.82983e-11,0.0918781,-0.137952,0.0761613
6.249,0.307478,0.0455849,0.243983,-0.121473,0.028798,-0.068086,0.555108,0.117512,-8.48223e-12,0.463975,-0.175963,1.19927e-11,0.133224,0.157808,-1.82983e-11,0.0922066,-0.137928,0.0763753
6.25,0.307561,0.045868,0.244027,-0.122891,0.029432,-0.0674936,0.555108,0.117512,-8.48223e-12,0.463975,-0.175963,1.19927e-11,0.133224,0.157808,-1.82983e-11,0.0925368,-0.137904,0.0765873
6.251,0.307646,0.0461512,0.24407,-0.124315,0.030066,-0.0669047,0.555108,0.117512,-8.48223e-12,0.463975,-0.175963,1.19927e-11,0.133224,0.157808,-1.82983e-11,0.0928686,-0.13788,0.0767971
6.252,0.30773,0.0464344,0.244113,-0.125743,0.0306999,-0.0663193,0.555108,0.117512,-8.48223e-12,0.463975,-0.175963,1.19927e-11,0.133224,0.157808,-1.82983e-11,0.0932022,-0.137856,0.0770048
6.253,0.307815,0.0467178,0.244154,-0.127176,0.0313337,-0.0657376,0.555108,0.117512,-8.48223e-12,0.463975,-0.175963,1.19927e-11,0.133224,0.157808,-1.82983e-11,0.0935376,-0.137831,0.0772103
6.254,0.307901,0.0470012,0.244195,-0.128613,0.0319673,-0.0651596,0.555108,0.117512,-8.48223e-12,0.463975,-0.175963,1.19927e-11,0.133224,0.157808,-1.82983e-11,0.0938746,-0.137807,0.0774137
6.255,0.307986,0.0472846,0.244235,-0.130055,0.0326006,-0.0645855,0.555108,0.117512,-8.48223e-12,0.463975,-0.175963,1.19927e-11,0.133224,0.157808,-1.82983e-11,0.0942134,-0.137782,0.0776148
6.256,0.308072,0.0475681,0.244275,-0.131501,0.0332336,-0.0640152,0.555108,0.117512,-8.48223e-12,0.463975,-0.175963,1.19927e-11,0.133224,0.157808,-1.82983e-11,0.0945539,-0.137758,0.0778137
6.257,0.308159,0.0478517,0.244314,-0.132951,0.0338662,-0.063449,0.555108,0.117512,-8.48223e-12,0.463975,-0.175963,1.19927e-11,0.133224,0.157808,-1.82983e-11,0.0948962,-0.137733,0.0780103
6.258,0.308245,0.0481352,0.244352,-0.134406,0.0344982,-0.0628868,0.555108,0.117512,-8.48223e-12,0.463975,-0.175963,1.19927e-11,0.133224,0.157808,-1.82983e-11,0.0952402,-0.137708,0.0782047
6.259,0.308333,0.0484189,0.244389,-0.135864,0.0351297,-0.0623289,0.555108,0.117512,-8.48223e-12,0.463975,-0.175963,1.19927e-11,0.133224,0.157808,-1.82983e-11,0.095586,-0.137683,0.0783969
6.26,0.30842,0.0487025,0.244426,-0.137326,0.0357606,-0.0617752,0.555108,0.117512,-8.48223e-12,0.463975,-0.175963,1.19927e-11,0.133224,0.157808,-1.82983e-11,0.0959335,-0.137658,0.0785867
6.261,0.308508,0.0489862,0.244462,-0.138792,0.0363907,-0.0612258,0.555108,0.117512,-8.48223e-12,0.463975,-0.175963,1.19927e-11,0.133224,0.157808,-1.82983e-11,0.0962827,-0.137633,0.0787742
6.262,0.308596,0.0492699,0.244497,-0.140262,0.03702,-0.0606809,0.555108,0.117512,-8.48223e-12,0.463975,-0.175963,1.19927e-11,0.133224,0.157808,-1.82983e-11,0.0966338,-0.137607,0.0789594
6.263,0.308685,0.0495537,0.244531,-0.141735,0.0376485,-0.0601405,0.555108,0.117512,-8.48223e-12,0.463975,-0.175963,1.19927e-11,0.133224,0.157808,-1.82983e-11,0.0969866,-0.137582,0.0791422
6.264,0.308773,0.0498374,0.244565,-0.143212,0.0382761,-0.0596047,0.555108,0.117512,-8.48223e-12,0.463975,-0.175963,1.19927e-11,0.133224,0.157808,-1.82983e-11,0.0973411,-0.137556,0.0793227
6.265,0.308863,0.0501212,0.244598,-0.144692,0.0389026,-0.0590737,0.555108,0.117512,-8.48223e-12,0.463975,-0.175963,1.19927e-11,0.133224,0.157808,-1.82983e-11,0.0976975,-0.13753,0.0795008
6.266,0.308952,0.0504049,0.24463,-0.146175,0.0395281,-0.0585474,0.555108,0.117512,-8.48223e-12,0.463975,-0.175963,1.19927e-11,0.133224,0.157808,-1.82983e-11,0.0980556,-0.137504,0.0796764
6.267,0.309042,0.0506887,0.244661,-0.147662,0.0401524,-0.0580261,0.555108,0.117512,-8.48223e-12,0.463975,-0.175963,1.19927e-11,0.133224,0.157808,-1.82983e-11,0.0984155,-0.137478,0.0798497
6.268,0.309133,0.0509724,0.244691,-0.149151,0.0407755,-0.0575097,0.555108,0.117512,-8.48223e-12,0.463975,-0.175963,1.19927e-11,0.133224,0.157808,-1.82983e-11,0.0987772,-0.137452,0.0800205
6.269,0.309223,0.0512562,0.244721,-0.150644,0.0413973,-0.0569983,0.555108,0.117512,-8.48223e-12,0.463975,-0.175963,1.19927e-11,0.133224,0.157808,-1.82983e-11,0.0991406,-0.137426,0.0801888
6.27,0.309314,0.0515399,0.24475,-0.152139,0.0420177,-0.0564922,0.555108,0.117512,-8.48223e-12,0.463975,-0.175963,1.19927e-11,0.133224,0.157808,-1.82983e-11,0.0995059,-0.137399,0.0803547
6.271,0.309405,0.0518237,0.244778,-0.153637,0.0426367,-0.0559912,0.555108,0.117512,-8.48223e-12,0.463975,-0.175963,1.19927e-11,0.133224,0.157808,-1.82983e-11,0.099873,-0.137373,0.0805181
6.272,0.309497,0.0521074,0.244806,-0.155138,0.0432542,-0.0554956,0.555108,0.117512,-8.48223e-12,0.463975,-0.175963,1.19927e-11,0.133224,0.157808,-1.82983e-11,0.100242,-0.137346,0.0806789
6.273,0.309589,0.052391,0.244832,-0.156641,0.04387,-0.0550054,0.555108,0.117512,-8.48223e-12,0.463975,-0.175963,1.19927e-11,0.133224,0.157808,-1.82983e-11,0.100613,-0.137319,0.0808372
6.274,0.309681,0.0526747,0.244858,-0.158147,0.0444842,-0.0545207,0.555108,0.117512,-8.48223e-12,0.463975,-0.175963,1.19927e-11,0.133224,0.157808,-1.82983e-11,0.100985,-0.137292,0.080993
6.275,0.309774,0.0529583,0.244883,-0.159655,0.0450967,-0.0540417,0.555108,0.117512,-8.48223e-12,0.463975,-0.175963,1.19927e-11,0.133224,0.157808,-1.82983e-11,0.101359,-0.137265,0.0811462
6.276,0.309867,0.0532418,0.244907,-0.161165,0.0457073,-0.0535683,0.555108,0.117512,-8.48223e-12,0.463975,-0.175963,1.19927e-11,0.133224,0.157808,-1.82983e-11,0.101735,-0.137238,0.0812968
6.277,0.30996,0.0535254,0.24493,-0.162677,0.0463161,-0.0531006,0.555108,0.117512,-8.48223e-12,0.463975,-0.175963,1.19927e-11,0.133224,0.157808,-1.82983e-11,0.102113,-0.13721,0.0814448
6.278,0.310054,0.0538088,0.244953,-0.164191,0.0469228,-0.0526388,0.555108,0.117512,-8.48223e-12,0.463975,-0.175963,1.19927e-11,0.133224,0.157808,-1.82983e-11,0.102493,-0.137183,0.0815902
6.279,0.310148,0.0540923,0.244974,-0.165707,0.0475276,-0.052183,0.555108,0.117512,-8.48223e-12,0.463975,-0.175963,1.19927e-11,0.133224,0.157808,-1.82983e-11,0.102875,-0.137155,0.0817329
6.28,0.310242,0.0543756,0.244995,-0.167225,0.0481303,-0.0517332,0.555108,0.117512,-8.48223e-12,0.463975,-0.175963,1.19927e-11,0.133224,0.157808,-1.82983e-11,0.103258,-0.137127,0.0818729
6.281,0.310337,0.0546589,0.245015,-0.168745,0.0487307,-0.0512896,0.555108,0.117512,-8.48223e-12,0.463975,-0.175963,1.19927e-11,0.133224,0.157808,-1.82983e-11,0.103644,-0.137099,0.0820103
6.282,0.310431,0.0549422,0.245034,-0.170266,0.049329,-0.0508521,0.555108,0.117512,-8.48223e-12,0.463975,-0.175963,1.19927e-11,0.133224,0.157808,-1.82983e-11,0.104031,-0.137071,0.082145
6.283,0.310527,0.0552253,0.245052,-0.171789,0.0499249,-0.050421,0.555108,0.117512,-8.48223e-12,0.463975,-0.175963,1.19927e-11,0.133224,0.157808,-1.82983e-11,0.10442,-0.137043,0.082277
6.284,0.310622,0.0555084,0.245069,-0.173313,0.0505184,-0.0499962,0.555108,0.117512,-8.48223e-12,0.463975,-0.175963,1.19927e-11,0.133224,0.157808,-1.82983e-11,0.104811,-0.137015,0.0824062
6.285,0.310718,0.0557914,0.245086,-0.174839,0.0511094,-0.049578,0.555108,0.117512,-8.48223e-12,0.463975,-0.175963,1.19927e-11,0.133224,0.157808,-1.82983e-11,0.105203,-0.136986,0.0825327
6.286,0.310814,0.0560743,0.245102,-0.176366,0.0516979,-0.0491663,0.555108,0.117512,-8.48223e-12,0.463975,-0.175963,1.19927e-11,0.133224,0.157808,-1.82983e-11,0.105598,-0.136958,0.0826564
6.287,0.310911,0.0563572,0.245116,-0.177893,0.0522837,-0.0487612,0.555108,0.117512,-8.48223e-12,0.463975,-0.175963,1.19927e-11,0.133224,0.157808,-1.82983e-11,0.105994,-0.136929,0.0827773
6.288,0.311007,0.0566399,0.24513,-0.179422,0.0528669,-0.0483629,0.555108,0.117512,-8.48223e-12,0.463975,-0.175963,1.19927e-11,0.133224,0.157808,-1.82983e-11,0.106392,-0.1369,0.0828954
6.289,0.311105,0.0569225,0.245143,-0.180951,0.0534473,-0.0479715,0.555108,0.117512,-8.48223e-12,0.463975,-0.175963,1.19927e-11,0.133224,0.157808,-1.82983e-11,0.106793,-0.136871,0.0830106
6.29,0.311202,0.0572051,0.245155,-0.182482,0.0540249,-0.0475869,0.555108,0.117512,-8.48223e-12,0.463975,-0.175963,1.19927e-11,0.133224,0.157808,-1.82983e-11,0.107195,-0.136842,0.0831231
6.291,0.3113,0.0574875,0.245167,-0.184013,0.0545996,-0.0472094,0.555108,0.117512,-8.48223e-12,0.463975,-0.175963,1.19927e-11,0.133224,0.157808,-1.82983e-11,0.107599,-0.136813,0.0832326
6.292,0.311398,0.0577698,0.245177,-0.185544,0.0551712,-0.046839,0.555108,0.117512,-8.48223e-12,0.463975,-0.175963,1.19927e-11,0.133224,0.157808,-1.82983e-11,0.108004,-0.136784,0.0833393
6.293,0.311496,0.058052,0.245186,-0.187076,0.0557398,-0.0464758,0.555108,0.117512,-8.48223e-12,0.463975,-0.175963,1.19927e-11,0.133224,0.157808,-1.82983e-11,0.108412,-0.136754,0.0834431
6.294,0.311595,0.0583341,0.245195,-0.188608,0.0563053,-0.0461198,0.555108,0.117512,-8.48223e-12,0.463975,-0.175963,1.19927e-11,0.133224,0.157808,-1.82983e-11,0.108822,-0.136724,0.0835439
6.295,0.311693,0.058616,0.245203,-0.190141,0.0568676,-0.0457712,0.555108,0.117512,-8.48223e-12,0.463975,-0.175963,1.19927e-11,0.133224,0.157808,-1.82983e-11,0.109233,-0.136695,0.0836418
6.296,0.311793,0.0588978,0.245209,-0.191674,0.0574266,-0.0454301,0.555108,0.117512,-8.48223e-12,0.463975,-0.175963,1.19927e-11,0.133224,0.157808,-1.82983e-11,0.109647,-0.136665,0.0837368
6.297,0.311892,0.0591795,0.245215,-0.193206,0.0579822,-0.0450965,0.555108,0.117512,-8.48223e-12,0.463975,-0.175963,1.19927e-11,0.133224,0.157808,-1.82983e-11,0.110062,-0.136635,0.0838288
6.298,0.311992,0.0594611,0.24522,-0.194739,0.0585345,-0.0447705,0.555108,0.117512,-8.48223e-12,0.463975,-0.175963,1.19927e-11,0.133224,0.157808,-1.82983e-11,0.110479,-0.136604,0.0839178
6.299,0.312092,0.0597425,0.245224,-0.196272,0.0590832,-0.0444523,0.555108,0.117512,-8.48223e-12,0.463975,-0.175963,1.19927e-11,0.133224,0.157808,-1.82983e-11,0.110898,-0.136574,0.0840037
6.3,0.312192,0.0600237,0.245227,-0.197804,0.0596284,-0.0441419,0.555108,0.117512,-8.48223e-12,0.463975,-0.175963,1.19927e-11,0.133224,0.157808,-1.82983e-11,0.111319,-0.136543,0.0840867
6.301,0.312293,0.0603048,0.245229,-0.199336,0.0601699,-0.0438393,0.555108,0.117512,-8.48223e-12,0.463975,-0.175963,1.19927e-11,0.133224,0.157808,-1.82983e-11,0.111742,-0.136513,0.0841666
6.302,0.312394,0.0605857,0.24523,-0.200867,0.0607077,-0.0435446,0.555108,0.117512,-8.48223e-12,0.463975,-0.175963,1.19927e-11,0.133224,0.157808,-1.82983e-11,0.112167,-0.136482,0.0842434
6.303,0.312495,0.0608665,0.24523,-0.202398,0.0612418,-0.0432577,0.555108,0.117512,-8.48223e-12,0.463975,-0.175963,1.19927e-11,0.133224,0.157808,-1.82983e-11,0.112594,-0.136451,0.0843172
6.304,0.312597,0.0611471,0.245229,-0.203928,0.0617722,-0.0429786,0.555108,0.117512,-8.48223e-12,0.463975,-0.175963,1.19927e-11,0.133224,0.157808,-1.82983e-11,0.113023,-0.13642,0.0843878
6.305,0.312698,0.0614275,0.245228,-0.205458,0.0622988,-0.0427072,0.555108,0.117512,-8.48223e-12,0.463975,-0.175963,1.19927e-11,0.133224,0.157808,-1.82983e-11,0.113453,-0.136389,0.0844553
6.306,0.312801,0.0617077,0.245225,-0.206987,0.0628216,-0.0424434,0.555108,0.117512,-8.48223e-12,0.463975,-0.175963,1.19927e-11,0.133224,0.157808,-1.82983e-11,0.113886,-0.136357,0.0845197
6.307,0.312903,0.0619878,0.245221,-0.208515,0.0633405,-0.0421873,0.555108,0.117512,-8.48223e-12,0.463975,-0.175963,1.19927e-11,0.133224,0.157808,-1.82983e-11,0.114321,-0.136326,0.0845809
6.308,0.313005,0.0622676,0.245217,-0.210042,0.0638555,-0.0419387,0.555108,0.117512,-8.48223e-12,0.463975,-0.175963,1.19927e-11,0.133224,0.157808,-1.82983e-11,0.114757,-0.136294,0.084639
6.309,0.313108,0.0625473,0.245212,-0.211568,0.0643666,-0.0416977,0.555108,0.117512,-8.48223e-12,0.463975,-0.175963,1.19927e-11,0.133224,0.157808,-1.82983e-11,0.115196,-0.136263,0.0846938
6.31,0.313211,0.0628267,0.245205,-0.213094,0.0648738,-0.0414641,0.555108,0.117512,-8.48223e-12,0.463975,-0.175963,1.19927e-11,0.133224,0.157808,-1.82983e-11,0.115636,-0.136231,0.0847455
6.311,0.313315,0.0631059,0.245198,-0.214618,0.065377,-0.041238,0.555108,0.117512,-8.48223e-12,0.463975,-0.175963,1.19927e-11,0.133224,0.157808,-1.82983e-11,0.116079,-0.136199,0.0847939
6.312,0.313418,0.0633849,0.24519,-0.216141,0.0658761,-0.0410192,0.555108,0.117512,-8.48223e-12,0.463975,-0.175963,1.19927e-11,0.133224,0.157808,-1.82983e-11,0.116523,-0.136166,0.084839
6.313,0.313522,0.0636637,0.245181,-0.217663,0.0663712,-0.0408078,0.555108,0.117512,-8.48223e-12,0.463975,-0.175963,1.19927e-11,0.133224,0.157808,-1.82983e-11,0.116969,-0.136134,0.0848809
6.314,0.313627,0.0639422,0.245171,-0.219183,0.0668621,-0.0406037,0.555108,0.117512,-8.48223e-12,0.463975,-0.175963,1.19927e-11,0.133224,0.157808,-1.82983e-11,0.117418,-0.136102,0.0849195
6.315,0.313731,0.0642205,0.24516,-0.220702,0.067349,-0.0404068,0.555108,0.117512,-8.48223e-12,0.463975,-0.175963,1.19927e-11,0.133224,0.157808,-1.82983e-11,0.117868,-0.136069,0.0849548
6.316,0.313836,0.0644986,0.245149,-0.22222,0.0678317,-0.0402172,0.555108,0.117512,-8.48223e-12,0.463975,-0.175963,1.19927e-11,0.133224,0.157808,-1.82983e-11,0.11832,-0.136036,0.0849867
6.317,0.31394,0.0647764,0.245136,-0.223736,0.0683101,-0.0400347,0.555108,0.117512,-8.48223e-12,0.463975,-0.175963,1.19927e-11,0.133224,0.157808,-1.82983e-11,0.118775,-0.136003,0.0850154
6.318,0.314046,0.0650539,0.245122,-0.225251,0.0687844,-0.0398593,0.555108,0.117512,-8.48223e-12,0.463975,-0.175963,1.19927e-11,0.133224,0.157808,-1.82983e-11,0.119231,-0.13597,0.0850406
6.319,0.314151,0.0653312,0.245108,-0.226764,0.0692543,-0.0396909,0.555108,0.117512,-8.48223e-12,0.463975,-0.175963,1.19927e-11,0.133224,0.157808,-1.82983e-11,0.119689,-0.135937,0.0850625
6.32,0.314257,0.0656082,0.245093,-0.228276,0.06972,-0.0395296,0.555108,0.117512,-8.48223e-12,0.463975,-0.175963,1.19927e-11,0.133224,0.157808,-1.82983e-11,0.12015,-0.135904,0.085081
6.321,0.314362,0.0658849,0.245077,-0.229785,0.0701813,-0.0393752,0.555108,0.117512,-8.48223e-12,0.463975,-0.175963,1.19927e-11,0.133224,0.157808,-1.82983e-11,0.120612,-0.13587,0.0850961
6.322,0.314469,0.0661614,0.24506,-0.231293,0.0706383,-0.0392278,0.555108,0.117512,-8.48223e-12,0.463975,-0.175963,1.19927e-11,0.133224,0.157808,-1.82983e-11,0.121076,-0.135837,0.0851077
6.323,0.314575,0.0664375,0.245042,-0.232799,0.0710908,-0.0390872,0.555108,0.117512,-8.48223e-12,0.463975,-0.175963,1.19927e-11,0.133224,0.157808,-1.82983e-11,0.121543,-0.135803,0.0851159
6.324,0.314681,0.0667134,0.245023,-0.234303,0.0715389,-0.0389535,0.555108,0.117512,-8.48223e-12,0.463975,-0.175963,1.19927e-11,0.133224,0.157808,-1.82983e-11,0.122011,-0.135769,0.0851206
6.325,0.314788,0.066989,0.245004,-0.235805,0.0719825,-0.0388265,0.555108,0.117512,-8.48223e-12,0.463975,-0.175963,1.19927e-11,0.133224,0.157808,-1.82983e-11,0.122481,-0.135735,0.0851218
6.326,0.314895,0.0672642,0.244983,-0.237305,0.0724216,-0.0387063,0.555108,0.117512,-8.48223e-12,0.463975,-0.175963,1.19927e-11,0.133224,0.157808,-1.82983e-11,0.122951,-0.135701,0.0851196
6.327,0.315002,0.0675392,0.244962,-0.238802,0.0728562,-0.0385927,0.555108,0.117512,-8.48223e-12,0.463975,-0.175963,1.19927e-11,0.133224,0.157808,-1.82983e-11,0.123419,-0.135667,0.0851138
6.328,0.31511,0.0678138,0.24494,-0.240297,0.0732861,-0.0384858,0.555108,0.117512,-8.48223e-12,0.463975,-0.175963,1.19927e-11,0.133224,0.157808,-1.82983e-11,0.123885,-0.135633,0.0851046
6.329,0.315217,0.0680881,0.244917,-0.24179,0.0737115,-0.0383855,0.555108,0.117512,-8.48223e-12,0.463975,-0.175963,1.19927e-11,0.133224,0.157808,-1.82983e-11,0.124348,-0.1356,0.0850919
6.33,0.315325,0.0683621,0.244893,-0.243281,0.0741322,-0.0382918,0.555108,0.117512,-8.48223e-12,0.463975,-0.175963,1.19927e-11,0.133224,0.157808,-1.82983e-11,0.12481,-0.135566,0.0850758
6.331,0.315433,0.0686357,0.244868,-0.244769,0.0745482,-0.0382045,0.555108,0.117512,-8.48223e-12,0.463975,-0.175963,1.19927e-11,0.133224,0.157808,-1.82983e-11,0.12527,-0.135533,0.0850563
6.332,0.315542,0.068909,0.244842,-0.246255,0.0749595,-0.0381237,0.555108,0.117512,-8.48223e-12,0.463975,-0.175963,1.19927e-11,0.133224,0.157808,-1.82983e-11,0.125728,-0.1355,0.0850334
6.333,0.31565,0.0691819,0.244816,-0.247738,0.075366,-0.0380493,0.555108,0.117512,-8.48223e-12,0.463975,-0.175963,1.19927e-11,0.133224,0.157808,-1.82983e-11,0.126183,-0.135467,0.0850072
6.334,0.315759,0.0694545,0.244789,-0.249218,0.0757677,-0.0379813,0.555108,0.117512,-8.48223e-12,0.463975,-0.175963,1.19927e-11,0.133224,0.157808,-1.82983e-11,0.126637,-0.135434,0.0849775
6.335,0.315868,0.0697267,0.244761,-0.250696,0.0761646,-0.0379196,0.555108,0.117512,-8.48223e-12,0.463975,-0.175963,1.19927e-11,0.133224,0.157808,-1.82983e-11,0.127089,-0.135401,0.0849446
6.336,0.315977,0.0699986,0.244732,-0.25217,0.0765567,-0.0378641,0.555108,0.117512,-8.48223e-12,0.463975,-0.175963,1.19927e-11,0.133224,0.157808,-1.82983e-11,0.127538,-0.135369,0.0849083
6.337,0.316086,0.0702701,0.244702,-0.253642,0.0769438,-0.0378149,0.555108,0.117512,-8.48223e-12,0.463975,-0.175963,1.19927e-11,0.133224,0.157808,-1.82983e-11,0.127986,-0.135336,0.0848687
6.338,0.316195,0.0705412,0.244672,-0.255111,0.077326,-0.0377719,0.555108,0.117512,-8.48223e-12,0.463975,-0.175963,1.19927e-11,0.133224,0.157808,-1.82983e-11,0.128432,-0.135304,0.0848258
6.339,0.316305,0.0708119,0.24464,-0.256577,0.0777033,-0.0377349,0.555108,0.117512,-8.48223e-12,0.463975,-0.175963,1.19927e-11,0.133224,0.157808,-1.82983e-11,0.128876,-0.135272,0.0847797
6.34,0.316415,0.0710822,0.244608,-0.25804,0.0780755,-0.0377041,0.555108,0.117512,-8.48223e-12,0.463975,-0.175963,1.19927e-11,0.133224,0.157808,-1.82983e-11,0.129318,-0.13524,0.0847303
6.341,0.316525,0.0713521,0.244575,-0.2595,0.0784427,-0.0376793,0.555108,0.117512,-8.48223e-12,0.463975,-0.175963,1.19927e-11,0.133224,0.157808,-1.82983e-11,0.129758,-0.135208,0.0846777
6.342,0.316635,0.0716216,0.244541,-0.260956,0.0788049,-0.0376605,0.555108,0.117512,-8.48223e-12,0.463975,-0.175963,1.19927e-11,0.133224,0.157808,-1.82983e-11,0.130195,-0.135176,0.0846219
6.343,0.316745,0.0718907,0.244507,-0.262409,0.0791619,-0.0376476,0.555108,0.117512,-8.48223e-12,0.463975,-0.175963,1.19927e-11,0.133224,0.157808,-1.82983e-11,0.130631,-0.135145,0.0845629
6.344,0.316856,0.0721594,0.244471,-0.263859,0.0795138,-0.0376406,0.555108,0.117512,-8.48223e-12,0.463975,-0.175963,1.19927e-11,0.133224,0.157808,-1.82983e-11,0.131065,-0.135113,0.0845008
6.345,0.316966,0.0724276,0.244435,-0.265305,0.0798605,-0.0376395,0.555108,0.117512,-8.48223e-12,0.463975,-0.175963,1.19927e-11,0.133224,0.157808,-1.82983e-11,0.131498,-0.135082,0.0844354
6.346,0.317077,0.0726955,0.244398,-0.266748,0.080202,-0.0376442,0.555108,0.117512,-8.48223e-12,0.463975,-0.175963,1.19927e-11,0.133224,0.157808,-1.82983e-11,0.131928,-0.135051,0.084367
6.347,0.317188,0.0729629,0.24436,-0.268187,0.0805382,-0.0376546,0.555108,0.117512,-8.48223e-12,0.463975,-0.175963,1.19927e-11,0.133224,0.157808,-1.82983e-11,0.132356,-0.13502,0.0842954
6.348,0.317299,0.0732298,0.244322,-0.269623,0.0808692,-0.0376708,0.555108,0.117512,-8.48223e-12,0.463975,-0.175963,1.19927e-11,0.133224,0.157808,-1.82983e-11,0.132782,-0.134989,0.0842207
6.349,0.317411,0.0734963,0.244282,-0.271055,0.0811949,-0.0376926,0.555108,0.117512,-8.48223e-12,0.463975,-0.175963,1.19927e-11,0.133224,0.157808,-1.82983e-11,0.133206,-0.134958,0.084143
6.35,0.317522,0.0737624,0.244242,-0.272483,0.0815152,-0.03772,0.555108,0.117512,-8.48223e-12,0.463975,-0.175963,1.19927e-11,0.133224,0.157808,-1.82983e-11,0.133629,-0.134927,0.0840622
6.351,0.317634,0.074028,0.244201,-0.273907,0.0818301,-0.037753,0.555108,0.117512,-8.48223e-12,0.463975,-0.175963,1.19927e-11,0.133224,0.157808,-1.82983e-11,0.134049,-0.134897,0.0839783
6.352,0.317746,0.0742931,0.244159,-0.275328,0.0821396,-0.0377915,0.555108,0.117512,-8.48223e-12,0.463975,-0.175963,1.19927e-11,0.133224,0.157808,-1.82983e-11,0.134468,-0.134867,0.0838914
6.353,0.317858,0.0745577,0.244117,-0.276744,0.0824437,-0.0378355,0.555108,0.117512,-8.48223e-12,0.463975,-0.175963,1.19927e-11,0.133224,0.157808,-1.82983e-11,0.134884,-0.134836,0.0838015
6.354,0.31797,0.0748219,0.244074,-0.278156,0.0827423,-0.037885,0.555108,0.117512,-8.48223e-12,0.463975,-0.175963,1.19927e-11,0.133224,0.157808,-1.82983e-11,0.135299,-0.134806,0.0837087
6.355,0.318082,0.0750856,0.244029,-0.279565,0.0830353,-0.0379398,0.555108,0.117512,-8.48223e-12,0.463975,-0.175963,1.19927e-11,0.133224,0.157808,-1.82983e-11,0.135712,-0.134777,0.0836128
6.356,0.318194,0.0753488,0.243985,-0.280968,0.0833228,-0.0379999,0.555108,0.117512,-8.48223e-12,0.463975,-0.175963,1.19927e-11,0.133224,0.157808,-1.82983e-11,0.136123,-0.134747,0.083514
6.357,0.318307,0.0756115,0.243939,-0.282368,0.0836047,-0.0380654,0.555108,0.117512,-8.48223e-12,0.463975,-0.175963,1.19927e-11,0.133224,0.157808,-1.82983e-11,0.136532,-0.134717,0.0834123
6.358,0.31842,0.0758737,0.243893,-0.283764,0.0838809,-0.038136,0.555108,0.117512,-8.48223e-12,0.463975,-0.175963,1.19927e-11,0.133224,0.157808,-1.82983e-11,0.136939,-0.134688,0.0833076
6.359,0.318532,0.0761354,0.243846,-0.285155,0.0841515,-0.0382119,0.555108,0.117512,-8.48223e-12,0.463975,-0.175963,1.19927e-11,0.133224,0.157808,-1.82983e-11,0.137344,-0.134658,0.0832001
6.36,0.318645,0.0763965,0.243798,-0.286541,0.0844164,-0.0382929,0.555108,0.117512,-8.48223e-12,0.463975,-0.175963,1.19927e-11,0.133224,0.157808,-1.82983e-11,0.137748,-0.134629,0.0830897
6.361,0.318758,0.0766572,0.243749,-0.287923,0.0846756,-0.0383791,0.555108,0.117512,-8.48223e-12,0.463975,-0.175963,1.19927e-11,0.133224,0.157808,-1.82983e-11,0.138149,-0.1346,0.0829764
6.362,0.318872,0.0769173,0.2437,-0.2893,0.084929,-0.0384703,0.555108,0.117512,-8.48223e-12,0.463975,-0.175963,1.19927e-11,0.133224,0.157808,-1.82983e-11,0.138549,-0.134571,0.0828603
6.363,0.318985,0.0771769,0.24365,-0.290673,0.0851766,-0.0385665,0.555108,0.117512,-8.48223e-12,0.463975,-0.175963,1.19927e-11,0.133224,0.157808,-1.82983e-11,0.138947,-0.134542,0.0827414
6.364,0.319098,0.0774359,0.243599,-0.292041,0.0854184,-0.0386677,0.555108,0.117512,-8.48223e-12,0.463975,-0.175963,1.19927e-11,0.133224,0.157808,-1.82983e-11,0.139342,-0.134514,0.0826196
6.365,0.319212,0.0776944,0.243547,-0.293404,0.0856543,-0.0387738,0.555108,0.117512,-8.48223e-12,0.463975,-0.175963,1.19927e-11,0.133224,0.157808,-1.82983e-11,0.139736,-0.134485,0.0824951
6.366,0.319326,0.0779524,0.243495,-0.294762,0.0858842,-0.0388847,0.555108,0.117512,-8.48223e-12,0.463975,-0.175963,1.19927e-11,0.133224,0.157808,-1.82983e-11,0.140129,-0.134457,0.0823678
6.367,0.319439,0.0782098,0.243442,-0.296115,0.0861083,-0.0390005,0.555108,0.117512,-8.48223e-12,0.463975,-0.175963,1.19927e-11,0.133224,0.157808,-1.82983e-11,0.140519,-0.134428,0.0822377
6.368,0.319553,0.0784666,0.243388,-0.297463,0.0863264,-0.0391211,0.555108,0.117512,-8.48223e-12,0.463975,-0.175963,1.19927e-11,0.133224,0.157808,-1.82983e-11,0.140907,-0.1344,0.082105
6.369,0.319667,0.0787229,0.243334,-0.298806,0.0865384,-0.0392464,0.555108,0.117512,-8.48223e-12,0.463975,-0.175963,1.19927e-11,0.133224,0.157808,-1.82983e-11,0.141294,-0.134372,0.0819695
6.37,0.319781,0.0789785,0.243279,-0.300144,0.0867444,-0.0393764,0.555108,0.117512,-8.48223e-12,0.463975,-0.175963,1.19927e-11,0.133224,0.157808,-1.82983e-11,0.141679,-0.134344,0.0818313
6.371,0.319896,0.0792336,0.243223,-0.301477,0.0869443,-0.039511,0.555108,0.117512,-8.48223e-12,0.463975,-0.175963,1.19927e-11,0.133224,0.157808,-1.82983e-11,0.142061,-0.134317,0.0816904
6.372,0.32001,0.0794881,0.243166,-0.302804,0.0871382,-0.0396502,0.555108,0.117512,-8.48223e-12,0.463975,-0.175963,1.19927e-11,0.133224,0.157808,-1.82983e-11,0.142443,-0.134289,0.0815469
6.373,0.320124,0.079742,0.243109,-0.304126,0.0873258,-0.039794,0.555108,0.117512,-8.48223e-12,0.463975,-0.175963,1.19927e-11,0.133224,0.157808,-1.82983e-11,0.142822,-0.134262,0.0814008
6.374,0.320239,0.0799953,0.243051,-0.305443,0.0875073,-0.0399422,0.555108,0.117512,-8.48223e-12,0.463975,-0.175963,1.19927e-11,0.133224,0.157808,-1.82983e-11,0.143199,-0.134234,0.081252
6.375,0.320353,0.080248,0.242992,-0.306754,0.0876826,-0.0400949,0.555108,0.117512,-8.48223e-12,0.463975,-0.175963,1.19927e-11,0.133224,0.157808,-1.82983e-11,0.143575,-0.134207,0.0811006
6.376,0.320468,0.0805001,0.242932,-0.308059,0.0878516,-0.040252,0.555108,0.117512,-8.48223e-12,0.463975,-0.175963,1.19927e-11,0.133224,0.157808,-1.82983e-11,0.143949,-0.13418,0.0809466
6.377,0.320583,0.0807516,0.242872,-0.309359,0.0880143,-0.0404135,0.555108,0.117512,-8.48223e-12,0.463975,-0.175963,1.19927e-11,0.133224,0.157808,-1.82983e-11,0.14432,-0.134153,0.0807901
6.378,0.320698,0.0810024,0.242811,-0.310653,0.0881707,-0.0405793,0.555108,0.117512,-8.48223e-12,0.463975,-0.175963,1.19927e-11,0.133224,0.157808,-1.82983e-11,0.144691,-0.134126,0.080631
6.379,0.320812,0.0812527,0.24275,-0.311941,0.0883207,-0.0407494,0.555108,0.117512,-8.48223e-12,0.463975,-0.175963,1.19927e-11,0.133224,0.157808,-1.82983e-11,0.145059,-0.1341,0.0804694
6.38,0.320927,0.0815022,0.242688,-0.313224,0.0884643,-0.0409237,0.555108,0.117512,-8.48223e-12,0.463975,-0.175963,1.19927e-11,0.133224,0.157808,-1.82983e-11,0.145425,-0.134073,0.0803053
6.381,0.321043,0.0817511,0.242625,-0.3145,0.0886016,-0.0411021,0.555108,0.117512,-8.48223e-12,0.463975,-0.175963,1.19927e-11,0.133224,0.157808,-1.82983e-11,0.14579,-0.134047,0.0801387
6.382,0.321158,0.0819994,0.242561,-0.31577,0.0887323,-0.0412847,0.555108,0.117512,-8.48223e-12,0.463975,-0.175963,1.19927e-11,0.133224,0.157808,-1.82983e-11,0.146153,-0.13402,0.0799696
6.383,0.321273,0.082247,0.242497,-0.317035,0.0888566,-0.0414714,0.555108,0.117512,-8.48223e-12,0.463975,-0.175963,1.19927e-11,0.133224,0.157808,-1.82983e-11,0.146514,-0.133994,0.0797981
6.384,0.321388,0.082494,0.242432,-0.318293,0.0889743,-0.0416621,0.555108,0.117512,-8.48223e-12,0.463975,-0.175963,1.19927e-11,0.133224,0.157808,-1.82983e-11,0.146874,-0.133968,0.0796241
6.385,0.321504,0.0827403,0.242366,-0.319545,0.0890854,-0.0418567,0.555108,0.117512,-8.48223e-12,0.463975,-0.175963,1.19927e-11,0.133224,0.157808,-1.82983e-11,0.147231,-0.133942,0.0794477
6.386,0.321619,0.0829859,0.2423,-0.320791,0.08919,-0.0420554,0.555108,0.117512,-8.48223e-12,0.463975,-0.175963,1.19927e-11,0.133224,0.157808,-1.82983e-11,0.147587,-0.133916,0.0792689
6.387,0.321734,0.0832308,0.242233,-0.32203,0.0892879,-0.0422579,0.555108,0.117512,-8.48223e-12,0.463975,-0.175963,1.19927e-11,0.133224,0.157808,-1.82983e-11,0.147941,-0.133891,0.0790877
6.388,0.32185,0.0834751,0.242165,-0.323263,0.0893791,-0.0424642,0.555108,0.117512,-8.48223e-12,0.463975,-0.175963,1.19927e-11,0.133224,0.157808,-1.82983e-11,0.148293,-0.133865,0.0789042
6.389,0.321966,0.0837186,0.242097,-0.32449,0.0894636,-0.0426744,0.555108,0.117512,-8.48223e-12,0.463975,-0.175963,1.19927e-11,0.133224,0.157808,-1.82983e-11,0.148644,-0.13384,0.0787183
6.39,0.322081,0.0839615,0.242028,-0.325709,0.0895414,-0.0428883,0.555108,0.117512,-8.48223e-12,0.463975,-0.175963,1.19927e-11,0.133224,0.157808,-1.82983e-11,0.148993,-0.133815,0.0785301
6.391,0.322197,0.0842036,0.241959,-0.326923,0.0896124,-0.0431059,0.555108,0.117512,-8.48223e-12,0.463975,-0.175963,1.19927e-11,0.133224,0.157808,-1.82983e-11,0.14934,-0.133789,0.0783396
6.392,0.322313,0.084445,0.241888,-0.328129,0.0896766,-0.0433272,0.555108,0.117512,-8.48223e-12,0.463975,-0.175963,1.19927e-11,0.133224,0.157808,-1.82983e-11,0.149685,-0.133764,0.0781468
6.393,0.322428,0.0846858,0.241817,-0.329329,0.089734,-0.0435521,0.555108,0.117512,-8.48223e-12,0.463975,-0.175963,1.19927e-11,0.133224,0.157808,-1.82983e-11,0.150028,-0.13374,0.0779517
6.394,0.322544,0.0849258,0.241746,-0.330522,0.0897845,-0.0437806,0.555108,0.117512,-8.48223e-12,0.463975,-0.175963,1.19927e-11,0.133224,0.157808,-1.82983e-11,0.15037,-0.133715,0.0777544
6.395,0.32266,0.085165,0.241674,-0.331708,0.089828,-0.0440126,0.555108,0.117512,-8.48223e-12,0.463975,-0.175963,1.19927e-11,0.133224,0.157808,-1.82983e-11,0.15071,-0.13369,0.0775548
6.396,0.322776,0.0854035,0.241601,-0.332887,0.0898646,-0.0442481,0.555108,0.117512,-8.48223e-12,0.463975,-0.175963,1.19927e-11,0.133224,0.157808,-1.82983e-11,0.151048,-0.133666,0.077353
6.397,0.322892,0.0856413,0.241527,-0.334059,0.0898942,-0.044487,0.555108,0.117512,-8.48223e-12,0.463975,-0.175963,1.19927e-11,0.133224,0.157808,-1.82983e-11,0.151385,-0.133641,0.077149
6.398,0.323008,0.0858784,0.241453,-0.335224,0.0899168,-0.0447293,0.555108,0.117512,-8.48223e-12,0.463975,-0.175963,1.19927e-11,0.133224,0.157808,-1.82983e-11,0.15172,-0.133617,0.0769429
6.399,0.323124,0.0861146,0.241379,-0.336382,0.0899324,-0.0449749,0.555108,0.117512,-8.48223e-12,0.463975,-0.175963,1.19927e-11,0.133224,0.157808,-1.82983e-11,0.152053,-0.133593,0.0767345
6.4,0.32324,0.0863501,0.241303,-0.337532,0.0899408,-0.0452238,0.555108,0.117512,-8.48223e-12,0.463975,-0.175963,1.19927e-11,0.133224,0.157808,-1.82983e-11,0.152384,-0.133569,0.0765241
6.401,0.323356,0.0865849,0.241227,-0.338676,0.0899422,-0.0454759,0.555108,0.117512,-8.48223e-12,0.463975,-0.175963,1.19927e-11,0.133224,0.157808,-1.82983e-11,0.152714,-0.133545,0.0763115
6.402,0.323472,0.0868189,0.241151,-0.339811,0.0899364,-0.0457313,0.555108,0.117512,-8.48223e-12,0.463975,-0.175963,1.19927e-11,0.133224,0.157808,-1.82983e-11,0.153042,-0.133521,0.0760968
6.403,0.323588,0.0870521,0.241074,-0.34094,0.0899237,-0.0459899,0.555108,0.117512,-8.48223e-12,0.463975,-0.175963,1.19927e-11,0.133224,0.157808,-1.82983e-11,0.153368,-0.133498,0.07588
6.404,0.323704,0.0872845,0.240996,-0.342061,0.0899039,-0.0462517,0.555108,0.117512,-8.48223e-12,0.463975,-0.175963,1.19927e-11,0.133224,0.157808,-1.82983e-11,0.153692,-0.133474,0.0756611
6.405,0.32382,0.0875161,0.240917,-0.343174,0.0898772,-0.0465167,0.555108,0.117512,-8.48223e-12,0.463975,-0.175963,1.19927e-11,0.133224,0.157808,-1.82983e-11,0.154015,-0.133451,0.0754402
6.406,0.323936,0.087747,0.240839,-0.34428,0.0898435,-0.0467848,0.555108,0.117512,-8.48223e-12,0.463975,-0.175963,1.19927e-11,0.133224,0.157808,-1.82983e-11,0.154336,-0.133427,0.0752173
6.407,0.324052,0.0879771,0.240759,-0.345378,0.089803,-0.0470562,0.555108,0.117512,-8.48223e-12,0.463975,-0.175963,1.19927e-11,0.133224,0.157808,-1.82983e-11,0.154656,-0.133404,0.0749923
6.408,0.324168,0.0882063,0.240679,-0.346468,0.0897557,-0.0473306,0.555108,0.117512,-8.48223e-12,0.463975,-0.175963,1.19927e-11,0.133224,0.157808,-1.82983e-11,0.154974,-0.133381,0.0747654
6.409,0.324284,0.0884348,0.240598,-0.34755,0.0897016,-0.0476082,0.555108,0.117512,-8.48223e-12,0.463975,-0.175963,1.19927e-11,0.133224,0.157808,-1.82983e-11,0.15529,-0.133358,0.0745364
6.41,0.324401,0.0886624,0.240517,-0.348625,0.0896408,-0.047889,0.555108,0.117512,-8.48223e-12,0.463975,-0.175963,1.19927e-11,0.133224,0.157808,-1.82983e-11,0.155604,-0.133336,0.0743055
6.411,0.324517,0.0888893,0.240436,-0.349691,0.0895732,-0.0481728,0.555108,0.117512,-8.48223e-12,0.463975,-0.175963,1.19927e-11,0.133224,0.157808,-1.82983e-11,0.155917,-0.133313,0.0740727
6.412,0.324633,0.0891153,0.240354,-0.35075,0.089499,-0.0484597,0.555108,0.117512,-8.48223e-12,0.463975,-0.175963,1.19927e-11,0.133224,0.157808,-1.82983e-11,0.156228,-0.13329,0.0738379
6.413,0.324749,0.0893406,0.240271,-0.351801,0.0894183,-0.0487497,0.555108,0.117512,-8.48223e-12,0.463975,-0.175963,1.19927e-11,0.133224,0.157808,-1.82983e-11,0.156537,-0.133268,0.0736013
6.414,0.324865,0.089565,0.240188,-0.352843,0.0893309,-0.0490428,0.555108,0.117512,-8.48223e-12,0.463975,-0.175963,1.19927e-11,0.133224,0.157808,-1.82983e-11,0.156845,-0.133246,0.0733627
6.415,0.324981,0.0897885,0.240104,-0.353877,0.089237,-0.0493389,0.555108,0.117512,-8.48223e-12,0.463975,-0.175963,1.19927e-11,0.133224,0.157808,-1.82983e-11,0.157151,-0.133224,0.0731223
6.416,0.325097,0.0900113,0.24002,-0.354904,0.0891367,-0.0496381,0.555108,0.117512,-8.48223e-12,0.463975,-0.175963,1.19927e-11,0.133224,0.157808,-1.82983e-11,0.157456,-0.133202,0.0728801
6.417,0.325213,0.0902332,0.239936,-0.355921,0.0890299,-0.0499402,0.555108,0.117512,-8.48223e-12,0.463975,-0.175963,1.19927e-11,0.133224,0.157808,-1.82983e-11,0.157758,-0.13318,0.072636
6.418,0.32533,0.0904542,0.239851,-0.356931,0.0889167,-0.0502454,0.555108,0.117512,-8.48223e-12,0.463975,-0.175963,1.19927e-11,0.133224,0.157808,-1.82983e-11,0.15806,-0.133158,0.0723901
6.419,0.325446,0.0906745,0.239766,-0.357932,0.0887972,-0.0505536,0.555108,0.117512,-8.48223e-12,0.463975,-0.175963,1.19927e-11,0.133224,0.157808,-1.82983e-11,0.158359,-0.133136,0.0721424
6.42,0.325562,0.0908939,0.23968,-0.358925,0.0886713,-0.0508648,0.555108,0.117512,-8.48223e-12,0.463975,-0.175963,1.19927e-11,0.133224,0.157808,-1.82983e-11,0.158657,-0.133115,0.0718929
6.421,0.325678,0.0911124,0.239594,-0.359909,0.0885392,-0.051179,0.555108,0.117512,-8.48223e-12,0.463975,-0.175963,1.19927e-11,0.133224,0.157808,-1.82983e-11,0.158953,-0.133093,0.0716416
6.422,0.325794,0.0913301,0.239507,-0.360884,0.0884009,-0.0514961,0.555108,0.117512,-8.48223e-12,0.463975,-0.175963,1.19927e-11,0.133224,0.157808,-1.82983e-11,0.159248,-0.133072,0.0713887
6.423,0.32591,0.0915469,0.23942,-0.361851,0.0882564,-0.0518161,0.555108,0.117512,-8.48223e-12,0.463975,-0.175963,1.19927e-11,0.133224,0.157808,-1.82983e-11,0.159541,-0.133051,0.071134
6.424,0.326026,0.0917628,0.239333,-0.362809,0.0881058,-0.0521391,0.555108,0.117512,-8.48223e-12,0.463975,-0.175963,1.19927e-11,0.133224,0.157808,-1.82983e-11,0.159832,-0.133029,0.0708776
6.425,0.326142,0.0919779,0.239245,-0.363759,0.087949,-0.052465,0.555108,0.117512,-8.48223e-12,0.463975,-0.175963,1.19927e-11,0.133224,0.157808,-1.82983e-11,0.160122,-0.133008,0.0706195
6.426,0.326258,0.0921922,0.239157,-0.364699,0.0877863,-0.0527938,0.555108,0.117512,-8.48223e-12,0.463975,-0.175963,1.19927e-11,0.133224,0.157808,-1.82983e-11,0.16041,-0.132988,0.0703597
6.427,0.326374,0.0924055,0.239069,-0.365631,0.0876175,-0.0531255,0.555108,0.117512,-8.48223e-12,0.463975,-0.175963,1.19927e-11,0.133224,0.157808,-1.82983e-11,0.160696,-0.132967,0.0700983
6.428,0.326489,0.092618,0.23898,-0.366553,0.0874428,-0.0534601,0.555108,0.117512,-8.48223e-12,0.463975,-0.175963,1.19927e-11,0.133224,0.157808,-1.82983e-11,0.160981,-0.132946,0.0698353
6.429,0.326605,0.0928295,0.238891,-0.367467,0.0872621,-0.0537975,0.555108,0.117512,-8.48223e-12,0.463975,-0.175963,1.19927e-11,0.133224,0.157808,-1.82983e-11,0.161265,-0.132926,0.0695707
6.43,0.326721,0.0930402,0.238801,-0.368372,0.0870756,-0.0541378,0.555108,0.117512,-8.48223e-12,0.463975,-0.175963,1.19927e-11,0.133224,0.157808,-1.82983e-11,0.161546,-0.132905,0.0693045
6.431,0.326837,0.09325,0.238712,-0.369267,0.0868832,-0.0544809,0.555108,0.117512,-8.48223e-12,0.463975,-0.175963,1.19927e-11,0.133224,0.157808,-1.82983e-11,0.161827,-0.132885,0.0690367
6.432,0.326953,0.0934589,0.238621,-0.370154,0.0866851,-0.0548269,0.555108,0.117512,-8.48223e-12,0.463975,-0.175963,1.19927e-11,0.133224,0.157808,-1.82983e-11,0.162105,-0.132865,0.0687673
6.433,0.327068,0.0936669,0.238531,-0.371031,0.0864812,-0.0551756,0.555108,0.117512,-8.48223e-12,0.463975,-0.175963,1.19927e-11,0.133224,0.157808,-1.82983e-11,0.162382,-0.132845,0.0684964
6.434,0.327184,0.093874,0.238441,-0.371899,0.0862716,-0.0555272,0.555108,0.117512,-8.48223e-12,0.463975,-0.175963,1.19927e-11,0.133224,0.157808,-1.82983e-11,0.162657,-0.132825,0.068224
6.435,0.327299,0.0940802,0.23835,-0.372757,0.0860563,-0.0558815,0.555108,0.117512,-8.48223e-12,0.463975,-0.175963,1.19927e-11,0.133224,0.157808,-1.82983e-11,0.162931,-0.132805,0.0679501
6.436,0.327415,0.0942855,0.238259,-0.373606,0.0858354,-0.0562386,0.555108,0.117512,-8.48223e-12,0.463975,-0.175963,1.19927e-11,0.133224,0.157808,-1.82983e-11,0.163204,-0.132785,0.0676747
6.437,0.32753,0.0944898,0.238167,-0.374445,0.085609,-0.0565984,0.555108,0.117512,-8.48223e-12,0.463975,-0.175963,1.19927e-11,0.133224,0.157808,-1.82983e-11,0.163474,-0.132766,0.0673978
6.438,0.327646,0.0946933,0.238076,-0.375275,0.085377,-0.056961,0.555108,0.117512,-8.48223e-12,0.463975,-0.175963,1.19927e-11,0.133224,0.157808,-1.82983e-11,0.163743,-0.132746,0.0671195
6.439,0.327761,0.0948958,0.237984,-0.376096,0.0851395,-0.0573263,0.555108,0.117512,-8.48223e-12,0.463975,-0.175963,1.19927e-11,0.133224,0.157808,-1.82983e-11,0.164011,-0.132727,0.0668398
6.44,0.327877,0.0950974,0.237892,-0.376906,0.0848966,-0.0576944,0.555108,0.117512,-8.48223e-12,0.463975,-0.175963,1.19927e-11,0.133224,0.157808,-1.82983e-11,0.164277,-0.132707,0.0665586
6.441,0.327992,0.095298,0.2378,-0.377707,0.0846483,-0.0580651,0.555108,0.117512,-8.48223e-12,0.463975,-0.175963,1.19927e-11,0.133224,0.157808,-1.82983e-11,0.164541,-0.132688,0.0662761
6.442,0.328107,0.0954977,0.237707,-0.378498,0.0843946,-0.0584385,0.555108,0.117512,-8.48223e-12,0.463975,-0.175963,1.19927e-11,0.133224,0.157808,-1.82983e-11,0.164804,-0.132669,0.0659922
6.443,0.328222,0.0956965,0.237615,-0.37928,0.0841357,-0.0588146,0.555108,0.117512,-8.48223e-12,0.463975,-0.175963,1.19927e-11,0.133224,0.157808,-1.82983e-11,0.165066,-0.13265,0.0657069
6.444,0.328337,0.0958943,0.237522,-0.380051,0.0838714,-0.0591934,0.555108,0.117512,-8.48223e-12,0.463975,-0.175963,1.19927e-11,0.133224,0.157808,-1.82983e-11,0.165326,-0.132631,0.0654203
6.445,0.328452,0.0960912,0.237429,-0.380813,0.0836019,-0.0595748,0.555108,0.117512,-8.48223e-12,0.463975,-0.175963,1.19927e-11,0.133224,0.157808,-1.82983e-11,0.165584,-0.132613,0.0651324
6.446,0.328567,0.0962871,0.237336,-0.381564,0.0833272,-0.0599588,0.555108,0.117512,-8.48223e-12,0.463975,-0.175963,1.19927e-11,0.133224,0.157808,-1.82983e-11,0.165841,-0.132594,0.0648432
6.447,0.328682,0.0964821,0.237243,-0.382305,0.0830474,-0.0603455,0.555108,0.117512,-8.48223e-12,0.463975,-0.175963,1.19927e-11,0.133224,0.157808,-1.82983e-11,0.166096,-0.132576,0.0645527
6.448,0.328797,0.096676,0.23715,-0.383036,0.0827625,-0.0607347,0.555108,0.117512,-8.48223e-12,0.463975,-0.175963,1.19927e-11,0.133224,0.157808,-1.82983e-11,0.16635,-0.132557,0.064261
6.449,0.328912,0.0968691,0.237056,-0.383757,0.0824725,-0.0611266,0.555108,0.117512,-8.48223e-12,0.463975,-0.175963,1.19927e-11,0.133224,0.157808,-1.82983e-11,0.166602,-0.132539,0.063968
6.45,0.329026,0.0970611,0.236963,-0.384468,0.0821776,-0.061521,0.555108,0.117512,-8.48223e-12,0.463975,-0.175963,1.19927e-11,0.133224,0.157808,-1.82983e-11,0.166853,-0.132521,0.0636738
6.451,0.329141,0.0972522,0.236869,-0.385168,0.0818776,-0.061918,0.555108,0.117512,-8.48223e-12,0.463975,-0.175963,1.19927e-11,0.133224,0.157808,-1.82983e-11,0.167102,-0.132503,0.0633783
6.452,0.329255,0.0974423,0.236775,-0.385858,0.0815727,-0.0623175,0.555108,0.117512,-8.48223e-12,0.463975,-0.175963,1.19927e-11,0.133224,0.157808,-1.82983e-11,0.16735,-0.132485,0.0630817
6.453,0.32937,0.0976314,0.236682,-0.386538,0.081263,-0.0627196,0.555108,0.117512,-8.48223e-12,0.463975,-0.175963,1.19927e-11,0.133224,0.157808,-1.82983e-11,0.167596,-0.132467,0.0627839
6.454,0.329484,0.0978195,0.236588,-0.387207,0.0809483,-0.0631242,0.555108,0.117512,-8.48223e-12,0.463975,-0.175963,1.19927e-11,0.133224,0.157808,-1.82983e-11,0.167841,-0.132449,0.062485
6.455,0.329598,0.0980067,0.236494,-0.387865,0.0806289,-0.0635313,0.555108,0.117512,-8.48223e-12,0.463975,-0.175963,1.19927e-11,0.133224,0.157808,-1.82983e-11,0.168084,-0.132432,0.0621849
6.456,0.329712,0.0981928,0.2364,-0.388513,0.0803048,-0.0639409,0.555108,0.117512,-8.48223e-12,0.463975,-0.175963,1.19927e-11,0.133224,0.157808,-1.82983e-11,0.168325,-0.132414,0.0618838
6.457,0.329827,0.0983779,0.236306,-0.38915,0.0799759,-0.064353,0.555108,0.117512,-8.48223e-12,0.463975,-0.175963,1.19927e-11,0.133224,0.157808,-1.82983e-11,0.168566,-0.132397,0.0615815
6.458,0.32994,0.0985621,0.236212,-0.389777,0.0796424,-0.0647676,0.555108,0.117512,-8.48223e-12,0.463975,-0.175963,1.19927e-11,0.133224,0.157808,-1.82983e-11,0.168805,-0.13238,0.0612781
6.459,0.330054,0.0987452,0.236118,-0.390392,0.0793042,-0.0651846,0.555108,0.117512,-8.48223e-12,0.463975,-0.175963,1.19927e-11,0.133224,0.157808,-1.82983e-11,0.169042,-0.132362,0.0609737
6.46,0.330168,0.0989273,0.236024,-0.390997,0.0789615,-0.065604,0.555108,0.117512,-8.48223e-12,0.463975,-0.175963,1.19927e-11,0.133224,0.157808,-1.82983e-11,0.169278,-0.132345,0.0606682
6.461,0.330282,0.0991084,0.23593,-0.39159,0.0786142,-0.0660259,0.555108,0.117512,-8.48223e-12,0.463975,-0.175963,1.19927e-11,0.133224,0.157808,-1.82983e-11,0.169512,-0.132328,0.0603618
6.462,0.330395,0.0992885,0.235836,-0.392173,0.0782624,-0.0664502,0.555108,0.117512,-8.48223e-12,0.463975,-0.175963,1.19927e-11,0.133224,0.157808,-1.82983e-11,0.169745,-0.132311,0.0600543
6.463,0.330509,0.0994675,0.235742,-0.392745,0.0779061,-0.0668769,0.555108,0.117512,-8.48223e-12,0.463975,-0.175963,1.19927e-11,0.133224,0.157808,-1.82983e-11,0.169976,-0.132295,0.0597458
6.464,0.330622,0.0996455,0.235648,-0.393305,0.0775455,-0.067306,0.555108,0.117512,-8.48223e-12,0.463975,-0.175963,1.19927e-11,0.133224,0.157808,-1.82983e-11,0.170206,-0.132278,0.0594363
6.465,0.330735,0.0998225,0.235554,-0.393855,0.0771805,-0.0677375,0.555108,0.117512,-8.48223e-12,0.463975,-0.175963,1.19927e-11,0.133224,0.157808,-1.82983e-11,0.170435,-0.132261,0.059126
6.466,0.330849,0.0999984,0.23546,-0.394393,0.0768111,-0.0681714,0.555108,0.117512,-8.48223e-12,0.463975,-0.175963,1.19927e-11,0.133224,0.157808,-1.82983e-11,0.170662,-0.132245,0.0588146
6.467,0.330962,0.100173,0.235367,-0.39492,0.0764375,-0.0686075,0.555108,0.117512,-8.48223e-12,0.463975,-0.175963,1.19927e-11,0.133224,0.157808,-1.82983e-11,0.170888,-0.132229,0.0585024
6.468,0.331075,0.100347,0.235273,-0.395435,0.0760597,-0.0690461,0.555108,0.117512,-8.48223e-12,0.463975,-0.175963,1.19927e-11,0.133224,0.157808,-1.82983e-11,0.171112,-0.132212,0.0581893
6.469,0.331187,0.10052,0.23518,-0.39594,0.0756776,-0.0694869,0.555108,0.117512,-8.48223e-12,0.463975,-0.175963,1.19927e-11,0.133224,0.157808,-1.82983e-11,0.171335,-0.132196,0.0578753
6.47,0.3313,0.100692,0.235086,-0.396432,0.0752914,-0.06993,0.555108,0.117512,-8.48223e-12,0.463975,-0.175963,1.19927e-11,0.133224,0.157808,-1.82983e-11,0.171556,-0.13218,0.0575604
6.471,0.331413,0.100862,0.234993,-0.396913,0.0749011,-0.0703755,0.555108,0.117512,-8.48223e-12,0.463975,-0.175963,1.19927e-11,0.133224,0.157808,-1.82983e-11,0.171776,-0.132164,0.0572447
6.472,0.331525,0.101032,0.2349,-0.397383,0.0745067,-0.0708232,0.555108,0.117512,-8.48223e-12,0.463975,-0.175963,1.19927e-11,0.133224,0.157808,-1.82983e-11,0.171995,-0.132148,0.0569282
6.473,0.331638,0.101201,0.234807,-0.397841,0.0741083,-0.0712732,0.555108,0.117512,-8.48223e-12,0.463975,-0.175963,1.19927e-11,0.133224,0.157808,-1.82983e-11,0.172212,-0.132133,0.0566108
6.474,0.33175,0.101368,0.234714,-0.398287,0.0737059,-0.0717254,0.555108,0.117512,-8.48223e-12,0.463975,-0.175963,1.19927e-11,0.133224,0.157808,-1.82983e-11,0.172427,-0.132117,0.0562927
6.475,0.331862,0.101535,0.234621,-0.398721,0.0732996,-0.0721799,0.555108,0.117512,-8.48223e-12,0.463975,-0.175963,1.19927e-11,0.133224,0.157808,-1.82983e-11,0.172642,-0.132102,0.0559738
6.476,0.331974,0.1017,0.234528,-0.399144,0.0728894,-0.0726366,0.555108,0.117512,-8.48223e-12,0.463975,-0.175963,1.19927e-11,0.133224,0.157808,-1.82983e-11,0.172855,-0.132086,0.0556542
6.477,0.332086,0.101864,0.234436,-0.399554,0.0724754,-0.0730955,0.555108,0.117512,-8.48223e-12,0.463975,-0.175963,1.19927e-11,0.133224,0.157808,-1.82983e-11,0.173066,-0.132071,0.0553339
6.478,0.332197,0.102027,0.234344,-0.399953,0.0720575,-0.0735566,0.555108,0.117512,-8.48223e-12,0.463975,-0.175963,1.19927e-11,0.133224,0.157808,-1.82983e-11,0.173276,-0.132056,0.0550128
6.479,0.332309,0.102189,0.234252,-0.40034,0.0716359,-0.0740199,0.555108,0.117512,-8.48223e-12,0.463975,-0.175963,1.19927e-11,0.133224,0.157808,-1.82983e-11,0.173485,-0.13204,0.054691
6.48,0.33242,0.10235,0.23416,-0.400714,0.0712105,-0.0744854,0.555108,0.117512,-8.48223e-12,0.463975,-0.175963,1.19927e-11,0.133224,0.157808,-1.82983e-11,0.173692,-0.132025,0.0543686
6.481,0.332532,0.10251,0.234068,-0.401077,0.0707815,-0.074953,0.555108,0.117512,-8.48223e-12,0.463975,-0.175963,1.19927e-11,0.133224,0.157808,-1.82983e-11,0.173898,-0.132011,0.0540455
6.482,0.332643,0.102669,0.233977,-0.401427,0.0703488,-0.0754228,0.555108,0.117512,-8.48223e-12,0.463975,-0.175963,1.19927e-11,0.133224,0.157808,-1.82983e-11,0.174103,-0.131996,0.0537218
6.483,0.332754,0.102827,0.233886,-0.401765,0.0699126,-0.0758947,0.555108,0.117512,-8.48223e-12,0.463975,-0.175963,1.19927e-11,0.133224,0.157808,-1.82983e-11,0.174306,-0.131981,0.0533974
6.484,0.332865,0.102983,0.233795,-0.402091,0.0694728,-0.0763687,0.555108,0.117512,-8.48223e-12,0.463975,-0.175963,1.19927e-11,0.133224,0.157808,-1.82983e-11,0.174508,-0.131966,0.0530725
6.485,0.332975,0.103139,0.233704,-0.402404,0.0690295,-0.0768448,0.555108,0.117512,-8.48223e-12,0.463975,-0.175963,1.19927e-11,0.133224,0.157808,-1.82983e-11,0.174708,-0.131952,0.0527469
6.486,0.333086,0.103293,0.233614,-0.402705,0.0685827,-0.0773231,0.555108,0.117512,-8.48223e-12,0.463975,-0.175963,1.19927e-11,0.133224,0.157808,-1.82983e-11,0.174907,-0.131937,0.0524209
6.487,0.333196,0.103446,0.233524,-0.402994,0.0681325,-0.0778034,0.555108,0.117512,-8.48223e-12,0.463975,-0.175963,1.19927e-11,0.133224,0.157808,-1.82983e-11,0.175105,-0.131923,0.0520942
6.488,0.333307,0.103598,0.233434,-0.403269,0.0676789,-0.0782857,0.555108,0.117512,-8.48223e-12,0.463975,-0.175963,1.19927e-11,0.133224,0.157808,-1.82983e-11,0.175301,-0.131909,0.051767
6.489,0.333417,0.103749,0.233345,-0.403533,0.067222,-0.0787701,0.555108,0.117512,-8.48223e-12,0.463975,-0.175963,1.19927e-11,0.133224,0.157808,-1.82983e-11,0.175496,-0.131895,0.0514394
6.49,0.333527,0.103899,0.233256,-0.403783,0.0667618,-0.0792566,0.555108,0.117512,-8.48223e-12,0.463975,-0.175963,1.19927e-11,0.133224,0.157808,-1.82983e-11,0.17569,-0.131881,0.0511112
6.491,0.333636,0.104047,0.233167,-0.404021,0.0662984,-0.079745,0.555108,0.117512,-8.48223e-12,0.463975,-0.175963,1.19927e-11,0.133224,0.157808,-1.82983e-11,0.175882,-0.131867,0.0507826
6.492,0.333746,0.104195,0.233078,-0.404246,0.0658318,-0.0802355,0.555108,0.117512,-8.48223e-12,0.463975,-0.175963,1.19927e-11,0.133224,0.157808,-1.82983e-11,0.176073,-0.131853,0.0504535
6.493,0.333855,0.104341,0.23299,-0.404458,0.065362,-0.080728,0.555108,0.117512,-8.48223e-12,0.463975,-0.175963,1.19927e-11,0.133224,0.157808,-1.82983e-11,0.176263,-0.131839,0.0501239
6.494,0.333965,0.104486,0.232903,-0.404658,0.064889,-0.0812224,0.555108,0.117512,-8.48223e-12,0.463975,-0.175963,1.19927e-11,0.133224,0.157808,-1.82983e-11,0.176451,-0.131826,0.049794
6.495,0.334074,0.10463,0.232815,-0.404844,0.0644131,-0.0817189,0.555108,0.117512,-8.48223e-12,0.463975,-0.175963,1.19927e-11,0.133224,0.157808,-1.82983e-11,0.176638,-0.131812,0.0494636
6.496,0.334183,0.104773,0.232728,-0.405017,0.063934,-0.0822172,0.555108,0.117512,-8.48223e-12,0.463975,-0.175963,1.19927e-11,0.133224,0.157808,-1.82983e-11,0.176824,-0.131799,0.0491329
6.497,0.334292,0.104915,0.232641,-0.405177,0.063452,-0.0827175,0.555108,0.117512,-8.48223e-12,0.463975,-0.175963,1.19927e-11,0.133224,0.157808,-1.82983e-11,0.177008,-0.131785,0.0488018
6.498,0.3344,0.105055,0.232555,-0.405324,0.0629671,-0.0832198,0.555108,0.117512,-8.48223e-12,0.463975,-0.175963,1.19927e-11,0.133224,0.157808,-1.82983e-11,0.177191,-0.131772,0.0484704
6.499,0.334509,0.105195,0.232469,-0.405458,0.0624792,-0.0837239,0.555108,0.117512,-8.48223e-12,0.463975,-0.175963,1.19927e-11,0.133224,0.157808,-1.82983e-11,0.177373,-0.131759,0.0481387
6.5,0.334617,0.105333,0.232384,-0.405578,0.0619885,-0.08423,0.555108,0.117512,-8.48223e-12,0.463975,-0.175963,1.19927e-11,0.133224,0.157808,-1.82983e-11,0.177554,-0.131746,0.0478066
6.501,0.334725,0.10547,0.232299,-0.405686,0.061495,-0.0847379,0.555108,0.117512,-8.48223e-12,0.463975,-0.175963,1.19927e-11,0.133224,0.157808,-1.82983e-11,0.177733,-0.131733,0.0474742
6.502,0.334833,0.105606,0.232215,-0.40578,0.0609987,-0.0852476,0.555108,0.117512,-8.48223e-12,0.463975,-0.175963,1.19927e-11,0.133224,0.157808,-1.82983e-11,0.177911,-0.13172,0.0471416
6.503,0.334941,0.10574,0.232131,-0.405861,0.0604998,-0.0857589,0.555108,0.117512,-8.48223e-12,0.463975,-0.175963,1.19927e-11,0.133224,0.157808,-1.82983e-11,0.178087,-0.131707,0.0468087
6.504,0.335048,0.105874,0.232047,-0.405929,0.0599983,-0.0862717,0.555108,0.117512,-8.48223e-12,0.463975,-0.175963,1.19927e-11,0.133224,0.157808,-1.82983e-11,0.178263,-0.131694,0.0464756
6.505,0.335156,0.106006,0.231964,-0.405985,0.0594943,-0.0867858,0.555108,0.117512,-8.48223e-12,0.463975,-0.175963,1.19927e-11,0.133224,0.157808,-1.82983e-11,0.178437,-0.131682,0.0461423
6.506,0.335263,0.106137,0.231881,-0.406028,0.0589879,-0.0873012,0.555108,0.117512,-8.48223e-12,0.463975,-0.175963,1.19927e-11,0.133224,0.157808,-1.82983e-11,0.178609,-0.131669,0.0458088
6.507,0.33537,0.106267,0.231799,-0.406059,0.0584792,-0.0878176,0.555108,0.117512,-8.48223e-12,0.463975,-0.175963,1.19927e-11,0.133224,0.157808,-1.82983e-11,0.178781,-0.131657,0.0454751
6.508,0.335477,0.106395,0.231717,-0.406078,0.0579683,-0.0883349,0.555108,0.117512,-8.48223e-12,0.463975,-0.175963,1.19927e-11,0.133224,0.157808,-1.82983e-11,0.178951,-0.131645,0.0451412
6.509,0.335584,0.106523,0.231636,-0.406085,0.0574551,-0.0888531,0.555108,0.117512,-8.48223e-12,0.463975,-0.175963,1.19927e-11,0.133224,0.157808,-1.82983e-11,0.17912,-0.131632,0.0448072
6.51,0.33569,0.106649,0.231556,-0.40608,0.0569399,-0.089372,0.555108,0.117512,-8.48223e-12,0.463975,-0.175963,1.19927e-11,0.133224,0.157808,-1.82983e-11,0.179287,-0.13162,0.0444731
6.511,0.335797,0.106774,0.231476,-0.406064,0.0564227,-0.0898914,0.555108,0.117512,-8.48223e-12,0.463975,-0.175963,1.19927e-11,0.133224,0.157808,-1.82983e-11,0.179454,-0.131608,0.0441389
6.512,0.335903,0.106898,0.231396,-0.406036,0.0559036,-0.0904111,0.555108,0.117512,-8.48223e-12,0.463975,-0.175963,1.16422e-09,0.133224,0.157808,-1.82983e-11,0.179619,-0.131596,0.0438046
6.513,0.336009,0.107021,0.231317,-0.405997,0.0553827,-0.0909312,0.555108,0.117512,-8.48223e-12,0.463976,-0.175963,2.10211e-06,0.133224,0.157808,-1.82983e-11,0.179783,-0.131584,0.0434702
6.514,0.336115,0.107142,0.231239,-0.405947,0.05486,-0.0914514,0.555108,0.117512,-8.48223e-12,0.463976,-0.175963,8.19849e-06,0.133224,0.157808,-1.82983e-11,0.179946,-0.131573,0.0431358
6.515,0.336221,0.107263,0.231161,-0.405887,0.0543356,-0.0919716,0.555108,0.117512,-8.48223e-12,0.463977,-0.175963,1.82693e-05,0.133224,0.157808,-1.82983e-11,0.180107,-0.131561,0.0428013
6.516,0.336326,0.107382,0.231084,-0.405815,0.0538096,-0.0924917,0.555108,0.117512,-8.48223e-12,0.463978,-0.175963,3.22934e-05,0.133224,0.157808,-1.82983e-11,0.180267,-0.131549,0.0424668
6.517,0.336432,0.107499,0.231007,-0.405734,0.0532821,-0.0930115,0.555108,0.117512,-8.48223e-12,0.46398,-0.175963,5.02498e-05,0.133224,0.157808,-1.82983e-11,0.180426,-0.131538,0.0421323
6.518,0.336537,0.107616,0.230931,-0.405642,0.0527532,-0.0935309,0.555108,0.117512,-8.48223e-12,0.463982,-0.175962,7.21175e-05,0.133224,0.157808,-1.82983e-11,0.180584,-0.131526,0.0417979
6.519,0.336642,0.107731,0.230856,-0.40554,0.0522229,-0.0940497,0.555108,0.117512,-8.48223e-12,0.463984,-0.175962,9.78754e-05,0.133224,0.157808,-1.82983e-11,0.18074,-0.131515,0.0414635
6.52,0.336747,0.107846,0.230781,-0.405427,0.0516914,-0.0945679,0.555108,0.117512,-8.48223e-12,0.463987,-0.175962,0.000127502,0.133224,0.157808,-1.82983e-11,0.180895,-0.131504,0.0411291
6.521,0.336852,0.107959,0.230707,-0.405306,0.0511587,-0.0950853,0.555108,0.117512,-8.48223e-12,0.46399,-0.175961,0.000160978,0.133224,0.157808,-1.82983e-11,0.18105,-0.131493,0.0407949
6.522,0.336957,0.108071,0.230633,-0.405174,0.0506249,-0.0956017,0.555108,0.117512,-8.48223e-12,0.463993,-0.175961,0.00019828,0.133224,0.157808,-1.82983e-11,0.181202,-0.131481,0.0404607
6.523,0.337061,0.108181,0.230561,-0.405034,0.05009,-0.096117,0.555108,0.117512,-8.48223e-12,0.463997,-0.175961,0.000239388,0.133224,0.157808,-1.82983e-11,0.181354,-0.13147,0.0401266
6.524,0.337166,0.10829,0.230488,-0.404884,0.0495542,-0.0966312,0.555108,0.117512,-8.48223e-12,0.464001,-0.17596,0.000284281,0.133224,0.157808,-1.82983e-11,0.181504,-0.13146,0.0397927
6.525,0.33727,0.108399,0.230417,-0.404725,0.0490176,-0.097144,0.555108,0.117512,-8.48223e-12,0.464006,-0.17596,0.000332939,0.133224,0.157808,-1.82983e-11,0.181654,-0.131449,0.0394589
6.526,0.337375,0.108506,0.230346,-0.404557,0.0484802,-0.0976553,0.555108,0.117512,-8.48223e-12,0.46401,-0.175959,0.000385339,0.133224,0.157808,-1.82983e-11,0.181802,-0.131438,0.0391253
6.527,0.337479,0.108611,0.230276,-0.40438,0.0479421,-0.098165,0.555108,0.117512,-8.48223e-12,0.464016,-0.175958,0.000441461,0.133224,0.157808,-1.82983e-11,0.181948,-0.131427,0.0387919
6.528,0.337583,0.108716,0.230207,-0.404195,0.0474034,-0.0986729,0.555108,0.117512,-8.48223e-12,0.464021,-0.175958,0.000501283,0.133224,0.157808,-1.82983e-11,0.182094,-0.131417,0.0384587
6.529,0.337686,0.108819,0.230138,-0.404002,0.0468641,-0.099179,0.555108,0.117512,-8.48223e-12,0.464028,-0.175957,0.000564786,0.133224,0.157808,-1.82983e-11,0.182239,-0.131406,0.0381258
6.53,0.33779,0.108921,0.230071,-0.403801,0.0463244,-0.099683,0.555108,0.117512,-8.48223e-12,0.464034,-0.175956,0.000631947,0.133224,0.157808,-1.82983e-11,0.182382,-0.131396,0.037793
6.531,0.337894,0.109022,0.230003,-0.403592,0.0457843,-0.100185,0.555108,0.117512,-8.48223e-12,0.464041,-0.175955,0.000702746,0.133224,0.157808,-1.82983e-11,0.182524,-0.131386,0.0374605
6.532,0.337997,0.109122,0.229937,-0.403374,0.045244,-0.100685,0.555108,0.117512,-8.48223e-12,0.464048,-0.175954,0.000777161,0.133224,0.157808,-1.82983e-11,0.182665,-0.131376,0.0371284
6.533,0.3381,0.10922,0.229872,-0.40315,0.0447034,-0.101182,0.555108,0.117512,-8.48223e-12,0.464056,-0.175953,0.000855172,0.133224,0.157808,-1.82983e-11,0.182805,-0.131365,0.0367965
6.534,0.338204,0.109317,0.229807,-0.402918,0.0441627,-0.101676,0.555108,0.117512,-8.48223e-12,0.464064,-0.175952,0.000936758,0.133224,0.157808,-1.82983e-11,0.182943,-0.131355,0.0364649
6.535,0.338307,0.109413,0.229743,-0.402678,0.043622,-0.102168,0.555108,0.117512,-8.48223e-12,0.464072,-0.175951,0.0010219,0.133224,0.157808,-1.82983e-11,0.183081,-0.131345,0.0361336
6.536,0.33841,0.109508,0.22968,-0.402432,0.0430813,-0.102657,0.555108,0.117512,-8.48223e-12,0.464081,-0.17595,0.00111057,0.133224,0.157808,-1.82983e-11,0.183217,-0.131336,0.0358028
6.537,0.338513,0.109601,0.229617,-0.402179,0.0425408,-0.103143,0.555108,0.117512,-8.48223e-12,0.464091,-0.175949,0.00120275,0.133224,0.157808,-1.82983e-11,0.183352,-0.131326,0.0354722
6.538,0.338615,0.109693,0.229556,-0.401919,0.0420004,-0.103626,0.555108,0.117512,-8.48223e-12,0.4641,-0.175948,0.00129842,0.133224,0.157808,-1.82983e-11,0.183486,-0.131316,0.0351421
6.539,0.338718,0.109784,0.229495,-0.401653,0.0414603,-0.104106,0.555108,0.117512,-8.48223e-12,0.464111,-0.175947,0.00139757,0.133224,0.157808,-1.82983e-11,0.183619,-0.131306,0.0348124
6.54,0.338821,0.109874,0.229435,-0.40138,0.0409206,-0.104583,0.555108,0.117512,-8.48223e-12,0.464121,-0.175945,0.00150016,0.133224,0.157808,-1.82983e-11,0.183751,-0.131297,0.0344831
6.541,0.338923,0.109963,0.229376,-0.401101,0.0403813,-0.105056,0.555108,0.117512,-8.48223e-12,0.464132,-0.175944,0.00160618,0.133224,0.157808,-1.82983e-11,0.183881,-0.131287,0.0341543
6.542,0.339025,0.11005,0.229318,-0.400816,0.0398426,-0.105525,0.555108,0.117512,-8.48223e-12,0.464144,-0.175942,0.0017156,0.133224,0.157808,-1.82983e-11,0.184011,-0.131278,0.0338259
6.543,0.339128,0.110136,0.229261,-0.400526,0.0393045,-0.10599,0.555108,0.117512,-8.48223e-12,0.464156,-0.175941,0.00182841,0.133224,0.157808,-1.82983e-11,0.184139,-0.131269,0.033498
6.544,0.33923,0.110221,0.229204,-0.400229,0.0387671,-0.106452,0.555108,0.117512,-8.48223e-12,0.464168,-0.175939,0.00194458,0.133224,0.157808,-1.82983e-11,0.184266,-0.13126,0.0331706
6.545,0.339332,0.110304,0.229149,-0.399928,0.0382304,-0.10691,0.555108,0.117512,-8.48223e-12,0.464181,-0.175938,0.0020641,0.133224,0.157808,-1.82983e-11,0.184392,-0.13125,0.0328438
6.546,0.339434,0.110387,0.229094,-0.399621,0.0376946,-0.107363,0.555108,0.117512,-8.48223e-12,0.464194,-0.175936,0.00218694,0.133224,0.157808,-1.82983e-11,0.184517,-0.131241,0.0325174
6.547,0.339535,0.110468,0.229041,-0.399309,0.0371597,-0.107812,0.555108,0.117512,-8.48223e-12,0.464208,-0.175935,0.00231308,0.133224,0.157808,-1.82983e-11,0.184641,-0.131232,0.0321916
6.548,0.339637,0.110548,0.228988,-0.398992,0.0366259,-0.108257,0.555108,0.117512,-8.48223e-12,0.464222,-0.175933,0.00244249,0.133224,0.157808,-1.82983e-11,0.184764,-0.131223,0.0318664
6.549,0.339739,0.110626,0.228936,-0.39867,0.0360931,-0.108697,0.555108,0.117512,-8.48223e-12,0.464236,-0.175931,0.00257517,0.133224,0.157808,-1.82983e-11,0.184886,-0.131215,0.0315418
6.55,0.33984,0.110704,0.228885,-0.398344,0.0355616,-0.109132,0.555108,0.117512,-8.48223e-12,0.464251,-0.175929,0.00271109,0.133224,0.157808,-1.82983e-11,0.185006,-0.131206,0.0312178
6.551,0.339942,0.11078,0.228836,-0.398014,0.0350313,-0.109563,0.555108,0.117512,-8.48223e-12,0.464267,-0.175927,0.00285022,0.133224,0.157808,-1.82983e-11,0.185126,-0.131197,0.0308945
6.552,0.340043,0.110855,0.228787,-0.397679,0.0345023,-0.109988,0.555108,0.117512,-8.48223e-12,0.464283,-0.175925,0.00299255,0.133224,0.157808,-1.82983e-11,0.185244,-0.131189,0.0305717
6.553,0.340145,0.110928,0.228739,-0.397341,0.0339748,-0.110408,0.555108,0.117512,-8.48223e-12,0.464299,-0.175923,0.00313805,0.133224,0.157808,-1.82983e-11,0.185361,-0.13118,0.0302497
6.554,0.340246,0.111,0.228692,-0.396998,0.0334487,-0.110824,0.555108,0.117512,-8.48223e-12,0.464316,-0.175921,0.00328671,0.133224,0.157808,-1.82983e-11,0.185478,-0.131172,0.0299283
6.555,0.340347,0.111072,0.228646,-0.396652,0.0329243,-0.111233,0.555108,0.117512,-8.48223e-12,0.464334,-0.175919,0.0034385,0.133224,0.157808,-1.82983e-11,0.185593,-0.131163,0.0296076
6.556,0.340448,0.111141,0.228601,-0.396303,0.0324016,-0.111637,0.555108,0.117512,-8.48223e-12,0.464352,-0.175917,0.0035934,0.133224,0.157808,-1.82983e-11,0.185707,-0.131155,0.0292877
6.557,0.340549,0.11121,0.228557,-0.39595,0.0318805,-0.112036,0.555108,0.117512,-8.48223e-12,0.46437,-0.175915,0.00375139,0.133224,0.157808,-1.82983e-11,0.18582,-0.131147,0.0289685
6.558,0.34065,0.111277,0.228514,-0.395594,0.0313614,-0.112429,0.555108,0.117512,-8.48223e-12,0.464389,-0.175912,0.00391245,0.133224,0.157808,-1.82983e-11,0.185932,-0.131139,0.02865
6.559,0.340751,0.111343,0.228473,-0.395235,0.0308441,-0.112816,0.555108,0.117512,-8.48223e-12,0.464408,-0.17591,0.00407656,0.133224,0.157808,-1.82983e-11,0.186043,-0.131131,0.0283323
6.56,0.340852,0.111408,0.228432,-0.394874,0.0303289,-0.113196,0.555108,0.117512,-8.48223e-12,0.464428,-0.175907,0.00424369,0.133224,0.157808,-1.82983e-11,0.186153,-0.131123,0.0280155
6.561,0.340952,0.111472,0.228392,-0.39451,0.0298157,-0.113571,0.555108,0.117512,-8.48223e-12,0.464448,-0.175905,0.00441383,0.133224,0.157808,-1.82983e-11,0.186261,-0.131115,0.0276994
6.562,0.341053,0.111534,0.228354,-0.394144,0.0293047,-0.113939,0.555108,0.117512,-8.48223e-12,0.464469,-0.175902,0.00458696,0.133224,0.157808,-1.82983e-11,0.186369,-0.131107,0.0273842
6.563,0.341154,0.111595,0.228316,-0.393775,0.0287959,-0.114301,0.555108,0.117512,-8.48223e-12,0.464491,-0.1759,0.00476305,0.133224,0.157808,-1.82983e-11,0.186476,-0.131099,0.0270698
6.564,0.341254,0.111654,0.22828,-0.393404,0.0282894,-0.114656,0.555108,0.117512,-8.48223e-12,0.464512,-0.175897,0.00494209,0.133224,0.157808,-1.82983e-11,0.186582,-0.131092,0.0267563
6.565,0.341355,0.111713,0.228244,-0.393032,0.0277854,-0.115005,0.555108,0.117512,-8.48223e-12,0.464535,-0.175894,0.00512405,0.133224,0.157808,-1.82983e-11,0.186686,-0.131084,0.0264436
6.566,0.341455,0.11177,0.22821,-0.392658,0.0272838,-0.115346,0.555108,0.117512,-8.48223e-12,0.464558,-0.175891,0.0053089,0.133224,0.157808,-1.82983e-11,0.18679,-0.131077,0.0261319
6.567,0.341555,0.111826,0.228177,-0.392282,0.0267848,-0.115681,0.555108,0.117512,-8.48223e-12,0.464581,-0.175889,0.00549664,0.133224,0.157808,-1.82983e-11,0.186892,-0.131069,0.0258211
6.568,0.341656,0.111881,0.228145,-0.391906,0.0262885,-0.116008,0.555108,0.117512,-8.48223e-12,0.464605,-0.175886,0.00568724,0.133224,0.157808,-1.82983e-11,0.186994,-0.131062,0.0255112
6.569,0.341756,0.111934,0.228115,-0.391528,0.0257949,-0.116328,0.555108,0.117512,-8.48223e-12,0.464629,-0.175883,0.00588067,0.133224,0.157808,-1.82983e-11,0.187095,-0.131055,0.0252023
6.57,0.341856,0.111986,0.228085,-0.391149,0.0253041,-0.116641,0.555108,0.117512,-8.48223e-12,0.464654,-0.175879,0.00607693,0.133224,0.157808,-1.82983e-11,0.187194,-0.131047,0.0248944
6.571,0.341956,0.112037,0.228057,-0.390769,0.0248162,-0.116946,0.555108,0.117512,-8.48223e-12,0.46468,-0.175876,0.00627597,0.133224,0.157808,-1.82983e-11,0.187293,-0.13104,0.0245875
6.572,0.342056,0.112086,0.228029,-0.390389,0.0243313,-0.117244,0.555108,0.117512,-8.48223e-12,0.464706,-0.175873,0.0064778,0.133224,0.157808,-1.82983e-11,0.18739,-0.131033,0.0242816
6.573,0.342156,0.112135,0.228003,-0.390008,0.0238494,-0.117533,0.555108,0.117512,-8.48223e-12,0.464732,-0.17587,0.00668237,0.133224,0.157808,-1.82983e-11,0.187487,-0.131026,0.0239767
6.574,0.342256,0.112182,0.227979,-0.389627,0.0233707,-0.117815,0.555108,0.117512,-8.48223e-12,0.464759,-0.175867,0.00688968,0.133224,0.157808,-1.82983e-11,0.187582,-0.131019,0.0236729
6.575,0.342356,0.112227,0.227955,-0.389247,0.0228952,-0.118089,0.555108,0.117512,-8.48223e-12,0.464787,-0.175863,0.0070997,0.133224,0.157808,-1.82983e-11,0.187677,-0.131013,0.0233701
6.576,0.342456,0.112272,0.227933,-0.388866,0.022423,-0.118354,0.555108,0.117512,-8.48223e-12,0.464815,-0.17586,0.00731241,0.133224,0.157808,-1.82983e-11,0.18777,-0.131006,0.0230685
6.577,0.342556,0.112315,0.227911,-0.388486,0.0219541,-0.118611,0.555108,0.117512,-8.48223e-12,0.464844,-0.175856,0.00752779,0.133224,0.157808,-1.82983e-11,0.187863,-0.130999,0.0227679
6.578,0.342656,0.112357,0.227892,-0.388106,0.0214888,-0.11886,0.555108,0.117512,-8.48223e-12,0.464873,-0.175852,0.00774582,0.133224,0.157808,-1.82983e-11,0.187954,-0.130992,0.0224685
6.579,0.342756,0.112397,0.227873,-0.387726,0.021027,-0.1191,0.555108,0.117512,-8.48223e-12,0.464903,-0.175849,0.00796648,0.133224,0.157808,-1.82983e-11,0.188045,-0.130986,0.0221702
6.58,0.342855,0.112436,0.227856,-0.387348,0.0205688,-0.119331,0.555108,0.117512,-8.48223e-12,0.464933,-0.175845,0.00818974,0.133224,0.157808,-1.82983e-11,0.188135,-0.130979,0.0218731
6.581,0.342955,0.112474,0.22784,-0.386971,0.0201144,-0.119553,0.555108,0.117512,-8.48223e-12,0.464964,-0.175841,0.00841559,0.133224,0.157808,-1.82983e-11,0.188223,-0.130973,0.0215771
6.582,0.343055,0.112511,0.227825,-0.386595,0.0196637,-0.119767,0.555108,0.117512,-8.48223e-12,0.464995,-0.175837,0.008644,0.133224,0.157808,-1.82983e-11,0.188311,-0.130967,0.0212824
6.583,0.343154,0.112547,0.227811,-0.38622,0.0192169,-0.119971,0.555108,0.117512,-8.48223e-12,0.465027,-0.175833,0.00887496,0.133224,0.157808,-1.82983e-11,0.188398,-0.13096,0.0209888
6.584,0.343254,0.112581,0.227799,-0.385847,0.0187741,-0.120166,0.555108,0.117512,-8.48223e-12,0.46506,-0.175829,0.00910844,0.133224,0.157808,-1.82983e-11,0.188483,-0.130954,0.0206965
6.585,0.343354,0.112613,0.227788,-0.385476,0.0183353,-0.120351,0.555108,0.117512,-8.48223e-12,0.465093,-0.175825,0.00934442,0.133224,0.157808,-1.82983e-11,0.188568,-0.130948,0.0204055
6.586,0.343453,0.112645,0.227779,-0.385107,0.0179006,-0.120527,0.555108,0.117512,-8.48223e-12,0.465127,-0.175821,0.00958287,0.133224,0.157808,-1.82983e-11,0.188652,-0.130942,0.0201157
6.587,0.343553,0.112675,0.227771,-0.384739,0.0174701,-0.120693,0.555108,0.117512,-8.48223e-12,0.465161,-0.175817,0.00982379,0.133224,0.157808,-1.82983e-11,0.188735,-0.130936,0.0198272
6.588,0.343652,0.112704,0.227764,-0.384374,0.0170439,-0.120849,0.555108,0.117512,-8.48223e-12,0.465196,-0.175813,0.0100671,0.133224,0.157808,-1.82983e-11,0.188817,-0.13093,0.0195401
6.589,0.343752,0.112732,0.227758,-0.384012,0.0166221,-0.120996,0.555108,0.117512,-8.48223e-12,0.465232,-0.175808,0.0103129,0.133224,0.157808,-1.82983e-11,0.188898,-0.130924,0.0192542
6.59,0.343851,0.112758,0.227754,-0.383652,0.0162047,-0.121132,0.555108,0.117512,-8.48223e-12,0.465268,-0.175804,0.0105611,0.133224,0.157808,-1.82983e-11,0.188978,-0.130918,0.0189697
6.591,0.343951,0.112783,0.227752,-0.383295,0.0157918,-0.121258,0.555108,0.117512,-8.48223e-12,0.465304,-0.175799,0.0108116,0.133224,0.157808,-1.82983e-11,0.189058,-0.130912,0.0186866
6.592,0.34405,0.112807,0.22775,-0.382941,0.0153835,-0.121374,0.555108,0.117512,-8.48223e-12,0.465342,-0.175795,0.0110645,0.133224,0.157808,-1.82983e-11,0.189136,-0.130907,0.0184048
6.593,0.34415,0.112829,0.22775,-0.382591,0.01498,-0.121479,0.555108,0.117512,-8.48223e-12,0.46538,-0.17579,0.0113198,0.133224,0.157808,-1.82983e-11,0.189213,-0.130901,0.0181245
6.594,0.344249,0.11285,0.227752,-0.382243,0.0145812,-0.121573,0.555108,0.117512,-8.48223e-12,0.465418,-0.175785,0.0115773,0.133224,0.157808,-1.82983e-11,0.18929,-0.130896,0.0178456
6.595,0.344349,0.11287,0.227755,-0.3819,0.0141872,-0.121657,0.555108,0.117512,-8.48223e-12,0.465457,-0.17578,0.0118371,0.133224,0.157808,-1.82983e-11,0.189365,-0.13089,0.0175681
6.596,0.344448,0.112888,0.227759,-0.38156,0.0137982,-0.12173,0.555108,0.117512,-8.48223e-12,0.465497,-0.175775,0.0120992,0.133224,0.157808,-1.82983e-11,0.18944,-0.130885,0.017292
6.597,0.344548,0.112906,0.227765,-0.381224,0.0134143,-0.121791,0.555108,0.117512,-8.48223e-12,0.465537,-0.175771,0.0123636,0.133224,0.157808,-1.82983e-11,0.189514,-0.130879,0.0170175
6.598,0.344647,0.112921,0.227772,-0.380892,0.0130354,-0.121842,0.555108,0.117512,-8.48223e-12,0.465578,-0.175765,0.0126302,0.133224,0.157808,-1.82983e-11,0.189587,-0.130874,0.0167444
6.599,0.344747,0.112936,0.227781,-0.380564,0.0126617,-0.121881,0.555108,0.117512,-8.48223e-12,0.46562,-0.17576,0.012899,0.133224,0.157808,-1.82983e-11,0.189659,-0.130869,0.0164728
6.6,0.344846,0.112949,0.227791,-0.380241,0.0122932,-0.121909,0.555108,0.117512,-8.48223e-12,0.465662,-0.175755,0.0131699,0.133224,0.157808,-1.82983e-11,0.18973,-0.130864,0.0162028
6.601,0.344946,0.112961,0.227803,-0.379922,0.0119301,-0.121925,0.555108,0.117512,-8.48223e-12,0.465704,-0.17575,0.0134431,0.133224,0.157808,-1.82983e-11,0.1898,-0.130859,0.0159343
6.602,0.345045,0.112972,0.227816,-0.379608,0.0115723,-0.12193,0.555108,0.117512,-8.48223e-12,0.465748,-0.175745,0.0137184,0.133224,0.157808,-1.82983e-11,0.189869,-0.130854,0.0156674
6.603,0.345145,0.112981,0.227831,-0.379299,0.0112197,-0.121923,0.555108,0.117512,-8.48223e-12,0.465792,-0.175739,0.0139958,0.133224,0.157808,-1.82983e-11,0.189938,-0.130849,0.0154021
6.604,0.345244,0.112989,0.227847,-0.378994,0.0108724,-0.121905,0.555108,0.117512,-8.48223e-12,0.465837,-0.175734,0.0142753,0.133224,0.157808,-1.82983e-11,0.190005,-0.130844,0.0151383
6.605,0.345344,0.112996,0.227865,-0.378694,0.0105302,-0.121875,0.555108,0.117512,-8.48223e-12,0.465882,-0.175728,0.0145568,0.133224,0.157808,-1.82983e-11,0.190072,-0.130839,0.0148762
6.606,0.345443,0.113001,0.227884,-0.378399,0.0101932,-0.121834,0.555108,0.117512,-8.48223e-12,0.465928,-0.175722,0.0148405,0.133224,0.157808,-1.82983e-11,0.190138,-0.130834,0.0146157
6.607,0.345543,0.113005,0.227905,-0.378109,0.00986127,-0.121783,0.555108,0.117512,-8.48223e-12,0.465974,-0.175717,0.0151262,0.133224,0.157808,-1.82983e-11,0.190203,-0.13083,0.0143569
6.608,0.345642,0.113008,0.227926,-0.377823,0.00953442,-0.121719,0.555108,0.117512,-8.48223e-12,0.466022,-0.175711,0.0154139,0.133224,0.157808,-1.82983e-11,0.190267,-0.130825,0.0140998
6.609,0.345742,0.113009,0.22795,-0.377542,0.00921258,-0.121645,0.555108,0.117512,-8.48223e-12,0.466069,-0.175705,0.0157036,0.133224,0.157808,-1.82983e-11,0.19033,-0.13082,0.0138443
6.61,0.345841,0.113009,0.227974,-0.377266,0.00889574,-0.12156,0.555108,0.117512,-8.48223e-12,0.466118,-0.175699,0.0159952,0.133224,0.157808,-1.82983e-11,0.190393,-0.130816,0.0135906
6.611,0.345941,0.113008,0.228001,-0.376995,0.00858383,-0.121464,0.555108,0.117512,-8.48223e-12,0.466167,-0.175693,0.0162888,0.133224,0.157808,-1.82983e-11,0.190454,-0.130811,0.0133386
6.612,0.34604,0.113005,0.228028,-0.376729,0.00827682,-0.121357,0.555108,0.117512,-8.48223e-12,0.466217,-0.175687,0.0165844,0.133224,0.157808,-1.82983e-11,0.190515,-0.130807,0.0130884
6.613,0.34614,0.113001,0.228057,-0.376467,0.00797467,-0.121239,0.555108,0.117512,-8.48223e-12,0.466268,-0.17568,0.0168819,0.133224,0.157808,-1.82983e-11,0.190575,-0.130803,0.0128399
6.614,0.346239,0.112996,0.228087,-0.376211,0.00767735,-0.121111,0.555108,0.117512,-8.48223e-12,0.466319,-0.175674,0.0171812,0.133224,0.157808,-1.82983e-11,0.190634,-0.130798,0.0125932
6.615,0.346339,0.11299,0.228119,-0.375959,0.0073848,-0.120972,0.555108,0.117512,-8.48223e-12,0.466371,-0.175668,0.0174825,0.133224,0.157808,-1.82983e-11,0.190692,-0.130794,0.0123483
6.616,0.346438,0.112982,0.228152,-0.375712,0.007097,-0.120822,0.555108,0.117512,-8.48223e-12,0.466423,-0.175661,0.0177855,0.133224,0.157808,-1.82983e-11,0.19075,-0.13079,0.0121052
6.617,0.346537,0.112973,0.228186,-0.37547,0.00681389,-0.120662,0.555108,0.117512,-8.48223e-12,0.466476,-0.175655,0.0180904,0.133224,0.157808,-1.82983e-11,0.190806,-0.130786,0.011864
6.618,0.346637,0.112963,0.228221,-0.375233,0.00653545,-0.120491,0.555108,0.117512,-8.48223e-12,0.46653,-0.175648,0.0183972,0.133224,0.157808,-1.82983e-11,0.190862,-0.130782,0.0116246
6.619,0.346736,0.112951,0.228258,-0.375001,0.00626162,-0.12031,0.555108,0.117512,-8.48223e-12,0.466585,-0.175641,0.0187056,0.133224,0.157808,-1.82983e-11,0.190917,-0.130778,0.0113872
6.62,0.346836,0.112938,0.228296,-0.374775,0.00599237,-0.120118,0.555108,0.117512,-8.48223e-12,0.46664,-0.175634,0.0190159,0.133224,0.157808,-1.82983e-11,0.190971,-0.130774,0.0111516
6.621,0.346935,0.112924,0.228336,-0.374553,0.00572767,-0.119916,0.555108,0.117512,-8.48223e-12,0.466696,-0.175628,0.0193279,0.133224,0.157808,-1.82983e-11,0.191024,-0.13077,0.0109179
6.622,0.347035,0.112908,0.228376,-0.374336,0.00546746,-0.119704,0.555108,0.117512,-8.48223e-12,0.466752,-0.175621,0.0196416,0.133224,0.157808,-1.82983e-11,0.191077,-0.130766,0.0106862
6.623,0.347134,0.112891,0.228418,-0.374124,0.00521171,-0.119482,0.555108,0.117512,-8.48223e-12,0.46681,-0.175613,0.0199571,0.133224,0.157808,-1.82983e-11,0.191129,-0.130762,0.0104564
6.624,0.347234,0.112873,0.228461,-0.373917,0.00496038,-0.11925,0.555108,0.117512,-8.48223e-12,0.466868,-0.175606,0.0202742,0.133224,0.157808,-1.82983e-11,0.19118,-0.130759,0.0102285
6.625,0.347333,0.112853,0.228506,-0.373715,0.00471343,-0.119007,0.555108,0.117512,-8.48223e-12,0.466926,-0.175599,0.020593,0.133224,0.157808,-1.82983e-11,0.19123,-0.130755,0.0100027
6.626,0.347433,0.112832,0.228551,-0.373518,0.00447081,-0.118755,0.555108,0.117512,-8.48223e-12,0.466986,-0.175592,0.0209134,0.133224,0.157808,-1.82983e-11,0.19128,-0.130752,0.00977888
6.627,0.347532,0.11281,0.228598,-0.373327,0.0042325,-0.118493,0.555108,0.117512,-8.48223e-12,0.467046,-0.175584,0.0212354,0.133224,0.157808,-1.82983e-11,0.191328,-0.130748,0.00955708
6.628,0.347631,0.112787,0.228646,-0.373141,0.00399844,-0.118221,0.555108,0.117512,-8.48223e-12,0.467107,-0.175577,0.021559,0.133224,0.157808,-1.82983e-11,0.191376,-0.130745,0.00933732
6.629,0.347731,0.112762,0.228696,-0.372959,0.0037686,-0.117939,0.555108,0.117512,-8.48223e-12,0.467168,-0.175569,0.0218842,0.133224,0.157808,-1.82983e-11,0.191423,-0.130741,0.00911963
6.63,0.34783,0.112736,0.228746,-0.372783,0.00354294,-0.117648,0.555108,0.117512,-8.48223e-12,0.467231,-0.175562,0.0222109,0.133224,0.157808,-1.82983e-11,0.19147,-0.130738,0.00890401
6.631,0.347929,0.112709,0.228798,-0.372612,0.00332142,-0.117347,0.555108,0.117512,-8.48223e-12,0.467293,-0.175554,0.0225392,0.133224,0.157808,-1.82983e-11,0.191515,-0.130734,0.00869049
6.632,0.348029,0.11268,0.228851,-0.372447,0.00310399,-0.117036,0.555108,0.117512,-8.48223e-12,0.467357,-0.175546,0.022869,0.133224,0.157808,-1.82983e-11,0.19156,-0.130731,0.00847909
6.633,0.348128,0.11265,0.228905,-0.372286,0.00289062,-0.116716,0.555108,0.117512,-8.48223e-12,0.467422,-0.175538,0.0232003,0.133224,0.157808,-1.82983e-11,0.191604,-0.130728,0.00826983
6.634,0.348228,0.112619,0.22896,-0.372131,0.00268127,-0.116387,0.555108,0.117512,-8.48223e-12,0.467487,-0.17553,0.0235331,0.133224,0.157808,-1.82983e-11,0.191647,-0.130725,0.00806272
6.635,0.348327,0.112586,0.229016,-0.371981,0.00247589,-0.116048,0.555108,0.117512,-8.48223e-12,0.467553,-0.175522,0.0238673,0.133224,0.157808,-1.82983e-11,0.19169,-0.130722,0.00785778
6.636,0.348426,0.112553,0.229073,-0.371836,0.00227445,-0.115699,0.555108,0.117512,-8.48223e-12,0.467619,-0.175514,0.0242029,0.133224,0.157808,-1.82983e-11,0.191732,-0.130719,0.00765503
6.637,0.348525,0.112517,0.229132,-0.371697,0.00207691,-0.115342,0.555108,0.117512,-8.48223e-12,0.467687,-0.175505,0.0245399,0.133224,0.157808,-1.82983e-11,0.191773,-0.130716,0.00745449
6.638,0.348625,0.112481,0.229191,-0.371563,0.00188323,-0.114975,0.555108,0.117512,-8.48223e-12,0.467755,-0.175497,0.0248784,0.133224,0.157808,-1.82983e-11,0.191814,-0.130713,0.00725617
6.639,0.348724,0.112443,0.229252,-0.371434,0.00169336,-0.114599,0.555108,0.117512,-8.48223e-12,0.467824,-0.175488,0.0252182,0.133224,0.157808,-1.82983e-11,0.191853,-0.13071,0.0070601
6.64,0.348823,0.112404,0.229314,-0.371311,0.00150726,-0.114215,0.555108,0.117512,-8.48223e-12,0.467893,-0.17548,0.0255593,0.133224,0.157808,-1.82983e-11,0.191892,-0.130707,0.0068663
6.641,0.348923,0.112364,0.229377,-0.371193,0.0013249,-0.113821,0.555108,0.117512,-8.48223e-12,0.467964,-0.175471,0.0259018,0.133224,0.157808,-1.82983e-11,0.19193,-0.130704,0.00667478
6.642,0.349022,0.112322,0.229441,-0.37108,0.00114624,-0.113418,0.555108,0.117512,-8.48223e-12,0.468035,-0.175462,0.0262455,0.133224,0.157808,-1.82983e-11,0.191968,-0.130702,0.00648555
6.643,0.349121,0.112279,0.229506,-0.370973,0.000971235,-0.113007,0.555108,0.117512,-8.48223e-12,0.468106,-0.175453,0.0265905,0.133224,0.157808,-1.82983e-11,0.192005,-0.130699,0.00629865
6.644,0.34922,0.112235,0.229572,-0.370871,0.000799843,-0.112586,0.555108,0.117512,-8.48223e-12,0.468179,-0.175444,0.0269368,0.133224,0.157808,-1.82983e-11,0.192041,-0.130696,0.00611408
6.645,0.349319,0.11219,0.229639,-0.370775,0.000632027,-0.112157,0.555108,0.117512,-8.48223e-12,0.468252,-0.175435,0.0272844,0.133224,0.157808,-1.82983e-11,0.192076,-0.130694,0.00593187
6.646,0.349418,0.112143,0.229707,-0.370684,0.000467745,-0.11172,0.555108,0.117512,-8.48223e-12,0.468327,-0.175426,0.0276331,0.133224,0.157808,-1.82983e-11,0.192111,-0.130691,0.00575204
6.647,0.349518,0.112095,0.229776,-0.370599,0.000306958,-0.111273,0.555108,0.117512,-8.48223e-12,0.468402,-0.175417,0.0279831,0.133224,0.157808,-1.82983e-11,0.192145,-0.130689,0.00557459
6.648,0.349617,0.112046,0.229846,-0.370519,0.000149625,-0.110819,0.555108,0.117512,-8.48223e-12,0.468477,-0.175408,0.0283342,0.133224,0.157808,-1.82983e-11,0.192178,-0.130686,0.00539956
6.649,0.349716,0.111995,0.229917,-0.370444,-4.29322e-06,-0.110355,0.555108,0.117512,-8.48223e-12,0.468554,-0.175398,0.0286865,0.133224,0.157808,-1.82983e-11,0.192211,-0.130684,0.00522696
6.65,0.349815,0.111943,0.229989,-0.370375,-0.000154837,-0.109884,0.555108,0.117512,-8.48223e-12,0.468631,-0.175389,0.0290399,0.133224,0.157808,-1.82983e-11,0.192243,-0.130682,0.0050568
6.651,0.349914,0.11189,0.230062,-0.370312,-0.000302047,-0.109404,0.555108,0.117512,-8.48223e-12,0.468709,-0.175379,0.0293944,0.133224,0.157808,-1.82983e-11,0.192274,-0.130679,0.00488911
6.652,0.350013,0.111835,0.230136,-0.370254,-0.000445963,-0.108916,0.555108,0.117512,-8.48223e-12,0.468788,-0.175369,0.02975,0.133224,0.157808,-1.82983e-11,0.192305,-0.130677,0.0047239
6.653,0.350112,0.111779,0.230211,-0.370202,-0.000586626,-0.108419,0.555108,0.117512,-8.48223e-12,0.468868,-0.175359,0.0301067,0.133224,0.157808,-1.82983e-11,0.192335,-0.130675,0.00456119
6.654,0.350211,0.111722,0.230286,-0.370156,-0.000724075,-0.107915,0.555108,0.117512,-8.48223e-12,0.468948,-0.17535,0.0304645,0.133224,0.157808,-1.82983e-11,0.192364,-0.130673,0.00440101
6.655,0.35031,0.111664,0.230363,-0.370115,-0.000858351,-0.107402,0.555108,0.117512,-8.48223e-12,0.469029,-0.17534,0.0308232,0.133224,0.157808,-1.82983e-11,0.192393,-0.130671,0.00424337
6.656,0.350409,0.111604,0.230441,-0.370079,-0.000989493,-0.106881,0.555108,0.117512,-8.48223e-12,0.469111,-0.175329,0.031183,0.133224,0.157808,-1.82983e-11,0.192421,-0.130669,0.00408828
6.657,0.350508,0.111543,0.230519,-0.37005,-0.00111754,-0.106353,0.555108,0.117512,-8.48223e-12,0.469194,-0.175319,0.0315438,0.133224,0.157808,-1.82983e-11,0.192448,-0.130667,0.00393577
6.658,0.350607,0.111481,0.230599,-0.370026,-0.00124254,-0.105817,0.555108,0.117512,-8.48223e-12,0.469278,-0.175309,0.0319055,0.133224,0.157808,-1.82983e-11,0.192475,-0.130665,0.00378585
6.659,0.350706,0.111417,0.230679,-0.370008,-0.00136452,-0.105272,0.555108,0.117512,-8.48223e-12,0.469362,-0.175298,0.0322681,0.133224,0.157808,-1.82983e-11,0.192501,-0.130663,0.00363854
6.66,0.350804,0.111352,0.23076,-0.369995,-0.00148354,-0.10472,0.555108,0.117512,-8.48223e-12,0.469447,-0.175288,0.0326317,0.133224,0.157808,-1.82983e-11,0.192526,-0.130661,0.00349387
6.661,0.350903,0.111286,0.230842,-0.369988,-0.00159962,-0.104161,0.555108,0.117512,-8.48223e-12,0.469533,-0.175277,0.0329962,0.133224,0.157808,-1.82983e-11,0.192551,-0.130659,0.00335185
6.662,0.351002,0.111219,0.230925,-0.369987,-0.0017128,-0.103594,0.555108,0.117512,-8.48223e-12,0.46962,-0.175267,0.0333616,0.133224,0.157808,-1.82983e-11,0.192575,-0.130658,0.00321249
6.663,0.351101,0.11115,0.231009,-0.369992,-0.00182314,-0.103019,0.555108,0.117512,-8.48223e-12,0.469708,-0.175256,0.0337278,0.133224,0.157808,-1.82983e-11,0.192598,-0.130656,0.00307582
6.664,0.351199,0.11108,0.231094,-0.370003,-0.00193066,-0.102437,0.555108,0.117512,-8.48223e-12,0.469796,-0.175245,0.0340949,0.133224,0.157808,-1.82983e-11,0.192621,-0.130654,0.00294185
6.665,0.351298,0.111009,0.231179,-0.370019,-0.00203541,-0.101847,0.555108,0.117512,-8.48223e-12,0.469886,-0.175234,0.0344628,0.133224,0.157808,-1.82983e-11,0.192644,-0.130653,0.00281061
6.666,0.351397,0.110936,0.231265,-0.370041,-0.00213744,-0.10125,0.555108,0.117512,-8.48223e-12,0.469976,-0.175223,0.0348315,0.133224,0.157808,-1.82983e-11,0.192665,-0.130651,0.00268211
6.667,0.351495,0.110863,0.231352,-0.370069,-0.00223677,-0.100646,0.555108,0.117512,-8.48223e-12,0.470067,-0.175211,0.0352009,0.133224,0.157808,-1.82983e-11,0.192686,-0.13065,0.00255637
6.668,0.351594,0.110787,0.23144,-0.370103,-0.00233344,-0.100034,0.555108,0.117512,-8.48223e-12,0.470159,-0.1752,0.0355711,0.133224,0.157808,-1.82983e-11,0.192707,-0.130648,0.0024334
6.669,0.351693,0.110711,0.231529,-0.370143,-0.00242751,-0.0994156,0.555108,0.117512,-8.48223e-12,0.470252,-0.175189,0.0359421,0.133224,0.157808,-1.82983e-11,0.192726,-0.130647,0.00231324
6.67,0.351791,0.110633,0.231618,-0.370189,-0.00251901,-0.0987899,0.555108,0.117512,-8.48223e-12,0.470345,-0.175177,0.0363137,0.133224,0.157808,-1.82983e-11,0.192746,-0.130645,0.00219588
6.671,0.35189,0.110554,0.231708,-0.37024,-0.00260798,-0.0981571,0.555108,0.117512,-8.48223e-12,0.47044,-0.175165,0.0366861,0.133224,0.157808,-1.82983e-11,0.192764,-0.130644,0.00208136
6.672,0.351988,0.110474,0.231799,-0.370298,-0.00269445,-0.0975174,0.555108,0.117512,-8.48223e-12,0.470535,-0.175154,0.0370591,0.133224,0.157808,-1.82983e-11,0.192782,-0.130643,0.00196969
6.673,0.352087,0.110393,0.231891,-0.370361,-0.00277848,-0.0968708,0.555108,0.117512,-8.48223e-12,0.470631,-0.175142,0.0374328,0.133224,0.157808,-1.82983e-11,0.1928,-0.130641,0.00186089
6.674,0.352185,0.11031,0.231983,-0.370431,-0.0028601,-0.0962174,0.555108,0.117512,-8.48223e-12,0.470728,-0.17513,0.0378071,0.133224,0.157808,-1.82983e-11,0.192817,-0.13064,0.00175498
6.675,0.352283,0.110226,0.232076,-0.370506,-0.00293934,-0.0955573,0.555108,0.117512,-8.48223e-12,0.470826,-0.175118,0.038182,0.133224,0.157808,-1.82983e-11,0.192833,-0.130639,0.00165198
6.676,0.352382,0.11014,0.23217,-0.370587,-0.00301626,-0.0948904,0.555108,0.117512,-8.48223e-12,0.470924,-0.175106,0.0385574,0.133224,0.157808,-1.82983e-11,0.192849,-0.130638,0.0015519
6.677,0.35248,0.110054,0.232264,-0.370675,-0.00309089,-0.0942169,0.555108,0.117512,-8.48223e-12,0.471024,-0.175093,0.0389335,0.133224,0.157808,-1.82983e-11,0.192864,-0.130637,0.00145476
6.678,0.352578,0.109966,0.232359,-0.370768,-0.00316326,-0.0935369,0.555108,0.117512,-8.48223e-12,0.471124,-0.175081,0.0393101,0.133224,0.157808,-1.82983e-11,0.192878,-0.130636,0.00136058
6.679,0.352677,0.109877,0.232455,-0.370868,-0.00323343,-0.0928504,0.555108,0.117512,-8.48223e-12,0.471226,-0.175068,0.0396872,0.133224,0.157808,-1.82983e-11,0.192892,-0.130635,0.00126939
6.68,0.352775,0.109786,0.232552,-0.370974,-0.00330143,-0.0921574,0.555108,0.117512,-8.48223e-12,0.471328,-0.175056,0.0400648,0.133224,0.157808,-1.82983e-11,0.192906,-0.130634,0.00118119
6.681,0.352873,0.109695,0.232649,-0.371085,-0.00336731,-0.091458,0.555108,0.117512,-8.48223e-12,0.471431,-0.175043,0.0404429,0.133224,0.157808,-1.82983e-11,0.192919,-0.130633,0.00109601
6.682,0.352971,0.109602,0.232746,-0.371203,-0.00343109,-0.0907524,0.555108,0.117512,-8.48223e-12,0.471535,-0.17503,0.0408215,0.133224,0.157808,-1.82983e-11,0.192931,-0.130632,0.00101386
6.683,0.353069,0.109507,0.232845,-0.371327,-0.00349282,-0.0900405,0.555108,0.117512,-8.48223e-12,0.47164,-0.175017,0.0412005,0.133224,0.157808,-1.82983e-11,0.192943,-0.130631,0.000934772
6.684,0.353167,0.109412,0.232944,-0.371457,-0.00355255,-0.0893225,0.555108,0.117512,-8.48223e-12,0.471745,-0.175004,0.0415799,0.133224,0.157808,-1.82983e-11,0.192954,-0.13063,0.000858751
6.685,0.353265,0.109315,0.233043,-0.371594,-0.00361031,-0.0885983,0.555108,0.117512,-8.48223e-12,0.471852,-0.174991,0.0419597,0.133224,0.157808,-1.82983e-11,0.192965,-0.130629,0.000785821
6.686,0.353363,0.109217,0.233144,-0.371736,-0.00366614,-0.0878681,0.555108,0.117512,-8.48223e-12,0.471959,-0.174978,0.0423399,0.133224,0.157808,-1.82983e-11,0.192975,-0.130629,0.000715999
6.687,0.353461,0.109117,0.233244,-0.371885,-0.00372008,-0.087132,0.555108,0.117512,-8.48223e-12,0.472068,-0.174965,0.0427205,0.133224,0.157808,-1.82983e-11,0.192985,-0.130628,0.000649303
6.688,0.353559,0.109017,0.233346,-0.37204,-0.00377218,-0.0863899,0.555108,0.117512,-8.48223e-12,0.472177,-0.174951,0.0431014,0.133224,0.157808,-1.82983e-11,0.192994,-0.130627,0.000585753
6.689,0.353657,0.108915,0.233448,-0.372201,-0.00382247,-0.085642,0.555108,0.117512,-8.48223e-12,0.472287,-0.174937,0.0434825,0.133224,0.157808,-1.82983e-11,0.193003,-0.130627,0.000525366
6.69,0.353755,0.108812,0.23355,-0.372369,-0.00387099,-0.0848883,0.555108,0.117512,-8.48223e-12,0.472399,-0.174924,0.043864,0.133224,0.157808,-1.82983e-11,0.193011,-0.130626,0.000468161
6.691,0.353853,0.108707,0.233653,-0.372542,-0.00391778,-0.0841288,0.555108,0.117512,-8.48223e-12,0.472511,-0.17491,0.0442458,0.133224,0.157808,-1.82983e-11,0.193019,-0.130626,0.000414157
6.692,0.35395,0.108601,0.233757,-0.372722,-0.00396289,-0.0833638,0.555108,0.117512,-8.48223e-12,0.472624,-0.174896,0.0446278,0.133224,0.157808,-1.82983e-11,0.193026,-0.130625,0.000363371
6.693,0.354048,0.108494,0.233861,-0.372909,-0.00400635,-0.0825931,0.555108,0.117512,-8.48223e-12,0.472737,-0.174882,0.04501,0.133224,0.157808,-1.82983e-11,0.193032,-0.130625,0.000315822
6.694,0.354146,0.108386,0.233966,-0.373101,-0.0040482,-0.081817,0.555108,0.117512,-8.48223e-12,0.472852,-0.174868,0.0453925,0.133224,0.157808,-1.82983e-11,0.193039,-0.130624,0.000271528
6.695,0.354243,0.108277,0.234071,-0.373301,-0.00408849,-0.0810353,0.555108,0.117512,-8.48223e-12,0.472968,-0.174853,0.0457751,0.133224,0.157808,-1.82983e-11,0.193044,-0.130624,0.000230508
6.696,0.354341,0.108166,0.234176,-0.373506,-0.00412725,-0.0802483,0.555108,0.117512,-8.48223e-12,0.473085,-0.174839,0.0461579,0.133224,0.157808,-1.82983e-11,0.193049,-0.130623,0.00019278
6.697,0.354439,0.108054,0.234282,-0.373718,-0.00416453,-0.079456,0.555108,0.117512,-8.48223e-12,0.473202,-0.174825,0.0465408,0.133224,0.157808,-1.82983e-11,0.193054,-0.130623,0.000158362
6.698,0.354536,0.10794,0.234389,-0.373936,-0.00420036,-0.0786584,0.555108,0.117512,-8.48223e-12,0.473321,-0.17481,0.0469239,0.133224,0.157808,-1.82983e-11,0.193058,-0.130623,0.000127274
6.699,0.354633,0.107826,0.234496,-0.374161,-0.00423478,-0.0778556,0.555108,0.117512,-8.48223e-12,0.47344,-0.174795,0.047307,0.133224,0.157808,-1.82983e-11,0.193062,-0.130622,9.9532e-05
6.7,0.354731,0.10771,0.234604,-0.374392,-0.00426784,-0.0770477,0.555108,0.117512,-8.48223e-12,0.473561,-0.17478,0.0476903,0.133224,0.157808,-1.82983e-11,0.193065,-0.130622,7.51559e-05
6.701,0.354828,0.107593,0.234712,-0.374629,-0.00429958,-0.0762348,0.555108,0.117512,-8.48223e-12,0.473682,-0.174765,0.0480736,0.133224,0.157808,-1.82983e-11,0.193068,-0.130622,5.41636e-05
6.702,0.354925,0.107474,0.23482,-0.374873,-0.00433006,-0.075417,0.555108,0.117512,-8.48223e-12,0.473804,-0.17475,0.0484569,0.133224,0.157808,-1.82983e-11,0.19307,-0.130622,3.65735e-05
6.703,0.355023,0.107355,0.234929,-0.375123,-0.00435934,-0.0745945,0.555108,0.117512,-8.48223e-12,0.473927,-0.174735,0.0488403,0.133224,0.157808,-1.82983e-11,0.193072,-0.130622,2.24041e-05
6.704,0.35512,0.107234,0.235038,-0.375378,-0.00438749,-0.0737677,0.555108,0.117512,-8.48223e-12,0.474052,-0.17472,0.0492236,0.133224,0.157808,-1.82983e-11,0.193073,-0.130622,1.16736e-05
6.705,0.355217,0.107112,0.235147,-0.375639,-0.00441458,-0.0729366,0.555108,0.117512,-8.48223e-12,0.474177,-0.174704,0.0496069,0.133224,0.157808,-1.82983e-11,0.193074,-0.130622,4.40038e-06
6.706,0.355314,0.106988,0.235257,-0.375905,-0.00444067,-0.0721016,0.555108,0.117512,-8.48223e-12,0.474303,-0.174689,0.0499902,0.133224,0.157808,-1.82983e-11,0.193075,-0.130621,6.02863e-07
6.707,0.355411,0.106864,0.235368,-0.376176,-0.00446582,-0.0712627,0.555108,0.117512,-8.48223e-12,0.47443,-0.174673,0.0503734,0.133224,0.157808,-1.82983e-11,0.193075,-0.130621,1.33575e-11
6.708,0.355508,0.106738,0.235478,-0.376452,-0.00449011,-0.0704203,0.555108,0.117512,-8.48223e-12,0.474558,-0.174657,0.0507566,0.133224,0.157808,-1.82983e-11,0.193075,-0.130621,1.33575e-11
6.709,0.355605,0.106611,0.235589,-0.376733,-0.00451359,-0.0695745,0.555108,0.117512,-8.48223e-12,0.474687,-0.174641,0.0511396,0.133224,0.157808,-1.82983e-11,0.193075,-0.130621,1.33575e-11
6.71,0.355702,0.106482,0.235701,-0.377017,-0.00453633,-0.0687256,0.555108,0.117512,-8.48223e-12,0.474817,-0.174625,0.0515225,0.133224,0.157808,-1.82983e-11,0.193075,-0.130621,1.33575e-11
6.711,0.355798,0.106353,0.235812,-0.377306,-0.00455839,-0.0678737,0.555108,0.117512,-8.48223e-12,0.474948,-0.174609,0.0519052,0.133224,0.157808,-1.82983e-11,0.193075,-0.130621,1.33575e-11
6.712,0.355895,0.106222,0.235924,-0.377598,-0.00457985,-0.0670191,0.555108,0.117512,-8.48223e-12,0.47508,-0.174593,0.0522878,0.133224,0.157808,-1.82983e-11,0.193075,-0.130621,1.33575e-11
6.713,0.355992,0.10609,0.236037,-0.377894,-0.00460076,-0.066162,0.555108,0.117512,-8.48223e-12,0.475213,-0.174576,0.0526702,0.133224,0.157808,-1.82983e-11,0.193075,-0.130621,1.33575e-11
6.714,0.356088,0.105957,0.236149,-0.378193,-0.00462119,-0.0653026,0.555108,0.117512,-8.48223e-12,0.475347,-0.17456,0.0530523,0.133224,0.157808,-1.82983e-11,0.193075,-0.130621,1.33575e-11
6.715,0.356185,0.105822,0.236262,-0.378495,-0.00464121,-0.0644411,0.555108,0.117512,-8.48223e-12,0.475482,-0.174543,0.0534342,0.133224,0.157808,-1.82983e-11,0.193075,-0.130621,1.33575e-11
6.716,0.356281,0.105686,0.236375,-0.3788,-0.00466088,-0.0635777,0.555108,0.117512,-8.48223e-12,0.475618,-0.174526,0.0538159,0.133224,0.157808,-1.82983e-11,0.193075,-0.130621,1.33575e-11
6.717,0.356377,0.105549,0.236489,-0.379107,-0.00468027,-0.0627126,0.555108,0.117512,-8.48223e-12,0.475754,-0.17451,0.0541973,0.133224,0.157808,-1.82983e-11,0.193075,-0.130621,1.33575e-11
6.718,0.356473,0.105411,0.236602,-0.379417,-0.00469943,-0.0618462,0.555108,0.117512,-8.48223e-12,0.475892,-0.174493,0.0545784,0.133224,0.157808,-1.82983e-11,0.193075,-0.130621,1.33575e-11
6.719,0.356569,0.105272,0.236716,-0.379729,-0.00471844,-0.0609784,0.555108,0.117512,-8.48223e-12,0.476031,-0.174475,0.0549592,0.133224,0.157808,-1.82983e-11,0.193075,-0.130621,1.33575e-11
6.72,0.356665,0.105132,0.23683,-0.380042,-0.00473737,-0.0601097,0.555108,0.117512,-8.48223e-12,0.476171,-0.174458,0.0553396,0.133224,0.157808,-1.82983e-11,0.193075,-0.130621,1.33575e-11
6.721,0.356761,0.10499,0.236944,-0.380357,-0.00475627,-0.0592401,0.555108,0.117512,-8.48223e-12,0.476312,-0.174441,0.0557197,0.133224,0.157808,-1.82983e-11,0.193075,-0.130621,1.33575e-11
6.722,0.356857,0.104847,0.237058,-0.380674,-0.00477521,-0.0583699,0.555108,0.117512,-8.48223e-12,0.476454,-0.174423,0.0560994,0.133224,0.157808,-1.82983e-11,0.193075,-0.130621,1.33575e-11
6.723,0.356953,0.104703,0.237173,-0.380991,-0.00479426,-0.0574994,0.555108,0.117512,-8.48223e-12,0.476597,-0.174406,0.0564787,0.133224,0.157808,-1.82983e-11,0.193075,-0.130621,1.33575e-11
6.724,0.357049,0.104558,0.237288,-0.381309,-0.00481348,-0.0566287,0.555108,0.117512,-8.48223e-12,0.476741,-0.174388,0.0568576,0.133224,0.157808,-1.82983e-11,0.193075,-0.130621,1.33575e-11
6.725,0.357144,0.104411,0.237403,-0.381628,-0.00483293,-0.055758,0.555108,0.117512,-8.48223e-12,0.476886,-0.17437,0.057236,0.133224,0.157808,-1.82983e-11,0.193075,-0.130621,1.33575e-11
6.726,0.357239,0.104264,0.237518,-0.381947,-0.00485269,-0.0548875,0.555108,0.117512,-8.48223e-12,0.477032,-0.174352,0.0576139,0.133224,0.157808,-1.82983e-11,0.193075,-0.130621,1.33575e-11
6.727,0.357335,0.104115,0.237633,-0.382266,-0.00487282,-0.0540175,0.555108,0.117512,-8.48223e-12,0.477179,-0.174334,0.0579914,0.133224,0.157808,-1.82983e-11,0.193075,-0.130621,1.33575e-11
6.728,0.35743,0.103965,0.237748,-0.382585,-0.00489337,-0.0531482,0.555108,0.117512,-8.48223e-12,0.477327,-0.174315,0.0583684,0.133224,0.157808,-1.82983e-11,0.193075,-0.130621,1.33575e-11
6.729,0.357525,0.103814,0.237863,-0.382903,-0.00491443,-0.0522798,0.555108,0.117512,-8.48223e-12,0.477476,-0.174297,0.0587448,0.133224,0.157808,-1.82983e-11,0.193075,-0.130621,1.33575e-11
6.73,0.35762,0.103662,0.237979,-0.383221,-0.00493604,-0.0514125,0.555108,0.117512,-8.48223e-12,0.477626,-0.174279,0.0591207,0.133224,0.157808,-1.82983e-11,0.193075,-0.130621,1.33575e-11
6.731,0.357715,0.103508,0.238094,-0.383538,-0.00495828,-0.0505465,0.555108,0.117512,-8.48223e-12,0.477777,-0.17426,0.059496,0.133224,0.157808,-1.82983e-11,0.193075,-0.130621,1.33575e-11
6.732,0.35781,0.103354,0.23821,-0.383853,-0.00498122,-0.049682,0.555108,0.117512,-8.48223e-12,0.477929,-0.174241,0.0598707,0.133224,0.157808,-1.82983e-11,0.193075,-0.130621,1.33575e-11
6.733,0.357904,0.103198,0.238325,-0.384168,-0.00500491,-0.0488192,0.555108,0.117512,-8.48223e-12,0.478083,-0.174222,0.0602448,0.133224,0.157808,-1.82983e-11,0.193075,-0.130621,1.33575e-11
6.734,0.357999,0.103041,0.238441,-0.38448,-0.00502942,-0.0479584,0.555108,0.117512,-8.48223e-12,0.478237,-0.174203,0.0606183,0.133224,0.157808,-1.82983e-11,0.193075,-0.130621,1.33575e-11
6.735,0.358093,0.102883,0.238557,-0.384791,-0.00505482,-0.0470998,0.555108,0.117512,-8.48223e-12,0.478392,-0.174184,0.0609911,0.133224,0.157808,-1.82983e-11,0.193075,-0.130621,1.33575e-11
6.736,0.358187,0.102724,0.238673,-0.385099,-0.00508118,-0.0462435,0.555108,0.117512,-8.48223e-12,0.478549,-0.174165,0.0613632,0.133224,0.157808,-1.82983e-11,0.193075,-0.130621,1.33575e-11
6.737,0.358281,0.102564,0.238788,-0.385405,-0.00510855,-0.0453898,0.555108,0.117512,-8.48223e-12,0.478706,-0.174145,0.0617347,0.133224,0.157808,-1.82983e-11,0.193075,-0.130621,1.33575e-11
6.738,0.358375,0.102402,0.238904,-0.385709,-0.005137,-0.0445389,0.555108,0.117512,-8.48223e-12,0.478865,-0.174126,0.0621054,0.133224,0.157808,-1.82983e-11,0.193075,-0.130621,1.33575e-11
6.739,0.358469,0.10224,0.23902,-0.386009,-0.0051666,-0.0436911,0.555108,0.117512,-8.48223e-12,0.479024,-0.174106,0.0624754,0.133224,0.157808,-1.82983e-11,0.193075,-0.130621,1.33575e-11
6.74,0.358563,0.102076,0.239135,-0.386307,-0.00519742,-0.0428464,0.555108,0.117512,-8.48223e-12,0.479185,-0.174086,0.0628446,0.133224,0.157808,-1.82983e-11,0.193075,-0.130621,1.33575e-11
6.741,0.358656,0.101911,0.239251,-0.386601,-0.00522951,-0.0420052,0.555108,0.117512,-8.48223e-12,0.479347,-0.174066,0.063213,0.133224,0.157808,-1.82983e-11,0.193075,-0.130621,1.33575e-11
6.742,0.35875,0.101745,0.239366,-0.386891,-0.00526295,-0.0411676,0.555108,0.117512,-8.48223e-12,0.47951,-0.174046,0.0635806,0.133224,0.157808,-1.82983e-11,0.193075,-0.130621,1.33575e-11
6.743,0.358843,0.101578,0.239482,-0.387177,-0.00529779,-0.0403339,0.555108,0.117512,-8.48223e-12,0.479674,-0.174026,0.0639474,0.133224,0.157808,-1.82983e-11,0.193075,-0.130621,1.33575e-11
6.744,0.358936,0.10141,0.239597,-0.38746,-0.00533411,-0.0395043,0.555108,0.117512,-8.48223e-12,0.479839,-0.174005,0.0643134,0.133224,0.157808,-1.82983e-11,0.193075,-0.130621,1.33575e-11
6.745,0.359029,0.101241,0.239712,-0.387737,-0.00537196,-0.0386789,0.555108,0.117512,-8.48223e-12,0.480005,-0.173985,0.0646785,0.133224,0.157808,-1.82983e-11,0.193075,-0.130621,1.33575e-11
6.746,0.359122,0.10107,0.239828,-0.388011,-0.00541142,-0.037858,0.555108,0.117512,-8.48223e-12,0.480172,-0.173964,0.0650427,0.133224,0.157808,-1.82983e-11,0.193075,-0.130621,1.33575e-11
6.747,0.359215,0.100899,0.239943,-0.388279,-0.00545254,-0.0370419,0.555108,0.117512,-8.48223e-12,0.48034,-0.173944,0.065406,0.133224,0.157808,-1.82983e-11,0.193075,-0.130621,1.33575e-11
6.748,0.359307,0.100727,0.240058,-0.388542,-0.0054954,-0.0362307,0.555108,0.117512,-8.48223e-12,0.48051,-0.173923,0.0657684,0.133224,0.157808,-1.82983e-11,0.193075,-0.130621,1.33575e-11
6.749,0.359399,0.100553,0.240172,-0.3888,-0.00554006,-0.0354246,0.555108,0.117512,-8.48223e-12,0.48068,-0.173902,0.0661298,0.133224,0.157808,-1.82983e-11,0.193075,-0.130621,1.33575e-11
6.75,0.359492,0.100378,0.240287,-0.389053,-0.00558658,-0.0346238,0.555108,0.117512,-8.48223e-12,0.480852,-0.17388,0.0664903,0.133224,0.157808,-1.82983e-11,0.193075,-0.130621,1.33575e-11
6.751,0.359584,0.100202,0.240401,-0.389299,-0.00563503,-0.0338287,0.555108,0.117512,-8.48223e-12,0.481024,-0.173859,0.0668497,0.133224,0.157808,-1.82983e-11,0.193075,-0.130621,1.33575e-11
6.752,0.359676,0.100025,0.240516,-0.389539,-0.00568547,-0.0330392,0.555108,0.117512,-8.48223e-12,0.481198,-0.173838,0.0672082,0.133224,0.157808,-1.82983e-11,0.193075,-0.130621,1.33575e-11
6.753,0.359767,0.0998475,0.24063,-0.389773,-0.00573797,-0.0322558,0.555108,0.117512,-8.48223e-12,0.481373,-0.173816,0.0675656,0.133224,0.157808,-1.82983e-11,0.193075,-0.130621,1.33575e-11
6.754,0.359859,0.0996685,0.240744,-0.390001,-0.0057926,-0.0314786,0.555108,0.117512,-8.48223e-12,0.481549,-0.173794,0.0679219,0.133224,0.157808,-1.82983e-11,0.193075,-0.130621,1.33575e-11
6.755,0.35995,0.0994884,0.240857,-0.390221,-0.00584941,-0.0307078,0.555108,0.117512,-8.48223e-12,0.481726,-0.173773,0.0682772,0.133224,0.157808,-1.82983e-11,0.193075,-0.130621,1.33575e-11
6.756,0.360041,0.0993072,0.240971,-0.390435,-0.00590848,-0.0299436,0.555108,0.117512,-8.48223e-12,0.481904,-0.173751,0.0686314,0.133224,0.157808,-1.82983e-11,0.193075,-0.130621,1.33575e-11
6.757,0.360132,0.099125,0.241084,-0.390641,-0.00596987,-0.0291862,0.555108,0.117512,-8.48223e-12,0.482084,-0.173728,0.0689845,0.133224,0.157808,-1.82983e-11,0.193075,-0.130621,1.33575e-11
6.758,0.360223,0.0989417,0.241197,-0.390839,-0.00603364,-0.0284359,0.555108,0.117512,-8.48223e-12,0.482264,-0.173706,0.0693364,0.133224,0.157808,-1.82983e-11,0.193075,-0.130621,1.33575e-11
6.759,0.360314,0.0987573,0.24131,-0.39103,-0.00609986,-0.0276928,0.555108,0.117512,-8.48223e-12,0.482446,-0.173684,0.0696871,0.133224,0.157808,-1.82983e-11,0.193075,-0.130621,1.33575e-11
6.76,0.360404,0.0985719,0.241422,-0.391213,-0.0061686,-0.0269572,0.555108,0.117512,-8.48223e-12,0.482628,-0.173661,0.0700367,0.133224,0.157808,-1.82983e-11,0.193075,-0.130621,1.33575e-11
6.761,0.360494,0.0983855,0.241534,-0.391387,-0.00623991,-0.0262293,0.555108,0.117512,-8.48223e-12,0.482812,-0.173638,0.0703851,0.133224,0.157808,-1.82983e-11,0.193075,-0.130621,1.33575e-11
6.762,0.360584,0.098198,0.241646,-0.391553,-0.00631387,-0.0255093,0.555108,0.117512,-8.48223e-12,0.482997,-0.173616,0.0707323,0.133224,0.157808,-1.82983e-11,0.193075,-0.130621,1.33575e-11
6.763,0.360674,0.0980094,0.241757,-0.39171,-0.00639054,-0.0247974,0.555108,0.117512,-8.48223e-12,0.483183,-0.173593,0.0710782,0.133224,0.157808,-1.82983e-11,0.193075,-0.130621,1.33575e-11
6.764,0.360764,0.0978199,0.241868,-0.391857,-0.00646998,-0.0240938,0.555108,0.117512,-8.48223e-12,0.483371,-0.17357,0.0714228,0.133224,0.157808,-1.82983e-11,0.193075,-0.130621,1.33575e-11
6.765,0.360854,0.0976293,0.241979,-0.391996,-0.00655227,-0.0233988,0.555108,0.117512,-8.48223e-12,0.483559,-0.173546,0.0717662,0.133224,0.157808,-1.82983e-11,0.193075,-0.130621,1.33575e-11
6.766,0.360943,0.0974376,0.24209,-0.392125,-0.00663745,-0.0227125,0.555108,0.117512,-8.48223e-12,0.483749,-0.173523,0.0721082,0.133224,0.157808,-1.82983e-11,0.193075,-0.130621,1.33575e-11
6.767,0.361032,0.0972449,0.2422,-0.392244,-0.00672561,-0.0220352,0.555108,0.117512,-8.48223e-12,0.48394,-0.173499,0.0724489,0.133224,0.157808,-1.82983e-11,0.193075,-0.130621,1.33575e-11
6.768,0.361121,0.0970513,0.24231,-0.392353,-0.0068168,-0.021367,0.555108,0.117512,-8.48223e-12,0.484132,-0.173476,0.0727883,0.133224,0.157808,-1.82983e-11,0.193075,-0.130621,1.33575e-11
6.769,0.36121,0.0968565,0.242419,-0.392452,-0.00691109,-0.0207082,0.555108,0.117512,-8.48223e-12,0.484325,-0.173452,0.0731263,0.133224,0.157808,-1.82983e-11,0.193075,-0.130621,1.33575e-11
6.77,0.361298,0.0966608,0.242528,-0.39254,-0.00700855,-0.020059,0.555108,0.117512,-8.48223e-12,0.484519,-0.173428,0.0734629,0.133224,0.157808,-1.82983e-11,0.193075,-0.130621,1.33575e-11
6.771,0.361386,0.0964641,0.242636,-0.392618,-0.00710924,-0.0194196,0.555108,0.117512,-8.48223e-12,0.484714,-0.173404,0.0737981,0.133224,0.157808,-1.82983e-11,0.193075,-0.130621,1.33575e-11
6.772,0.361474,0.0962663,0.242744,-0.392684,-0.00721322,-0.0187903,0.555108,0.117512,-8.48223e-12,0.484911,-0.173379,0.0741318,0.133224,0.157808,-1.82983e-11,0.193075,-0.130621,1.33575e-11
6.773,0.361562,0.0960676,0.242852,-0.392739,-0.00732056,-0.0181711,0.555108,0.117512,-8.48223e-12,0.485109,-0.173355,0.0744641,0.133224,0.157808,-1.82983e-11,0.193075,-0.130621,1.33575e-11
6.774,0.36165,0.0958678,0.242959,-0.392783,-0.00743133,-0.0175624,0.555108,0.117512,-8.48223e-12,0.485308,-0.17333,0.074795,0.133224,0.157808,-1.82983e-11,0.193075,-0.130621,1.33575e-11
6.775,0.361737,0.0956671,0.243066,-0.392815,-0.00754559,-0.0169644,0.555108,0.117512,-8.48223e-12,0.485508,-0.173306,0.0751243,0.133224,0.157808,-1.82983e-11,0.193075,-0.130621,1.33575e-11
6.776,0.361824,0.0954653,0.243172,-0.392835,-0.0076634,-0.0163772,0.555108,0.117512,-8.48223e-12,0.485709,-0.173281,0.0754521,0.133224,0.157808,-1.82983e-11,0.193075,-0.130621,1.33575e-11
6.777,0.361911,0.0952626,0.243278,-0.392842,-0.00778483,-0.0158012,0.555108,0.117512,-8.48223e-12,0.485912,-0.173256,0.0757784,0.133224,0.157808,-1.82983e-11,0.193075,-0.130621,1.33575e-11
6.778,0.361998,0.0950589,0.243383,-0.392837,-0.00790995,-0.0152364,0.555108,0.117512,-8.48223e-12,0.486115,-0.173231,0.0761031,0.133224,0.157808,-1.82983e-11,0.193075,-0.130621,1.33575e-11
6.779,0.362085,0.0948542,0.243488,-0.392819,-0.00803882,-0.0146831,0.555108,0.117512,-8.48223e-12,0.48632,-0.173206,0.0764262,0.133224,0.157808,-1.82983e-11,0.193075,-0.130621,1.33575e-11
6.78,0.362171,0.0946485,0.243592,-0.392789,-0.00817151,-0.0141416,0.555108,0.117512,-8.48223e-12,0.486526,-0.17318,0.0767477,0.133224,0.157808,-1.82983e-11,0.193075,-0.130621,1.33575e-11
6.781,0.362257,0.0944418,0.243696,-0.392745,-0.00830808,-0.0136119,0.555108,0.117512,-8.48223e-12,0.486734,-0.173155,0.0770676,0.133224,0.157808,-1.82983e-11,0.193075,-0.130621,1.33575e-11
6.782,0.362343,0.0942342,0.243799,-0.392687,-0.00844859,-0.0130944,0.555108,0.117512,-8.48223e-12,0.486942,-0.173129,0.0773859,0.133224,0.157808,-1.82983e-11,0.193075,-0.130621,1.33575e-11
6.783,0.362428,0.0940256,0.243902,-0.392616,-0.00859311,-0.0125893,0.555108,0.117512,-8.48223e-12,0.487152,-0.173103,0.0777025,0.133224,0.157808,-1.82983e-11,0.193075,-0.130621,1.33575e-11
6.784,0.362514,0.093816,0.244004,-0.392531,-0.00874171,-0.0120968,0.555108,0.117512,-8.48223e-12,0.487363,-0.173077,0.0780174,0.133224,0.157808,-1.82983e-11,0.193075,-0.130621,1.33575e-11
6.785,0.362599,0.0936055,0.244105,-0.392431,-0.00889446,-0.011617,0.555108,0.117512,-8.48223e-12,0.487575,-0.173051,0.0783306,0.133224,0.157808,-1.82983e-11,0.193075,-0.130621,1.33575e-11
6.786,0.362684,0.093394,0.244206,-0.392317,-0.0090514,-0.0111502,0.555108,0.117512,-8.48223e-12,0.487788,-0.173024,0.078642,0.133224,0.157808,-1.82983e-11,0.193075,-0.130621,1.33575e-11
6.787,0.362768,0.0931816,0.244307,-0.392189,-0.00921262,-0.0106967,0.555108,0.117512,-8.48223e-12,0.488003,-0.172998,0.0789517,0.133224,0.157808,-1.82983e-11,0.193075,-0.130621,1.33575e-11
6.788,0.362853,0.0929682,0.244406,-0.392045,-0.00937818,-0.0102565,0.555108,0.117512,-8.48223e-12,0.488219,-0.172971,0.0792597,0.133224,0.157808,-1.82983e-11,0.193075,-0.130621,1.33575e-11
6.789,0.362937,0.0927538,0.244505,-0.391886,-0.00954813,-0.00982998,0.555108,0.117512,-8.48223e-12,0.488436,-0.172944,0.0795658,0.133224,0.157808,-1.82983e-11,0.193075,-0.130621,1.33575e-11
6.79,0.363021,0.0925385,0.244604,-0.391712,-0.00972256,-0.00941731,0.555108,0.117512,-8.48223e-12,0.488654,-0.172918,0.0798702,0.133224,0.157808,-1.82983e-11,0.193075,-0.130621,1.33575e-11
6.791,0.363104,0.0923223,0.244701,-0.391522,-0.00990151,-0.00901869,0.555108,0.117512,-8.48223e-12,0.488874,-0.17289,0.0801727,0.133224,0.157808,-1.82983e-11,0.193075,-0.130621,1.33575e-11
6.792,0.363188,0.0921051,0.244798,-0.391316,-0.0100851,-0.00863434,0.555108,0.117512,-8.48223e-12,0.489094,-0.172863,0.0804733,0.133224,0.157808,-1.82983e-11,0.193075,-0.130621,1.33575e-11
6.793,0.363271,0.091887,0.244895,-0.391093,-0.0102733,-0.00826446,0.555108,0.117512,-8.48223e-12,0.489316,-0.172836,0.0807721,0.133224,0.157808,-1.82983e-11,0.193075,-0.130621,1.33575e-11
6.794,0.363353,0.091668,0.24499,-0.390855,-0.0104662,-0.00790929,0.555108,0.117512,-8.48223e-12,0.48954,-0.172808,0.081069,0.133224,0.157808,-1.82983e-11,0.193075,-0.130621,1.33575e-11
6.795,0.363436,0.0914481,0.245085,-0.390599,-0.0106639,-0.00756902,0.555108,0.117512,-8.48223e-12,0.489764,-0.172781,0.0813639,0.133224,0.157808,-1.82983e-11,0.193075,-0.130621,1.33575e-11
6.796,0.363518,0.0912272,0.24518,-0.390327,-0.0108665,-0.00724386,0.555108,0.117512,-8.48223e-12,0.48999,-0.172753,0.0816569,0.133224,0.157808,-1.82983e-11,0.193075,-0.130621,1.33575e-11
6.797,0.3636,0.0910054,0.245273,-0.390037,-0.011074,-0.00693404,0.555108,0.117512,-8.48223e-12,0.490217,-0.172725,0.081948,0.133224,0.157808,-1.82983e-11,0.193075,-0.130621,1.33575e-11
6.798,0.363682,0.0907827,0.245366,-0.38973,-0.0112865,-0.00663976,0.555108,0.117512,-8.48223e-12,0.490445,-0.172696,0.0822371,0.133224,0.157808,-1.82983e-11,0.193075,-0.130621,1.33575e-11
6.799,0.363763,0.0905591,0.245458,-0.389405,-0.0115041,-0.00636124,0.555108,0.117512,-8.48223e-12,0.490674,-0.172668,0.0825241,0.133224,0.157808,-1.82983e-11,0.193075,-0.130621,1.33575e-11
6.8,0.363845,0.0903346,0.245549,-0.389063,-0.0117268,-0.00609869,0.555108,0.117512,-8.48223e-12,0.490905,-0.17264,0.0828092,0.133224,0.157808,-1.82983e-11,0.193075,-0.130621,1.33575e-11
6.801,0.363926,0.0901091,0.24564,-0.388702,-0.0119546,-0.00585226,0.555108,0.117512,-8.48223e-12,0.491137,-0.172611,0.0830922,0.133224,0.157808,-1.82983e-11,0.193075,-0.130621,1.33575e-11
6.802,0.364006,0.0898828,0.245729,-0.388323,-0.0121875,-0.00562191,0.555108,0.117512,-8.48223e-12,0.49137,-0.172582,0.0833731,0.133224,0.157808,-1.82983e-11,0.193075,-0.130621,1.33575e-11
6.803,0.364087,0.0896556,0.245818,-0.387926,-0.0124254,-0.00540753,0.555108,0.117512,-8.48223e-12,0.491605,-0.172553,0.083652,0.133224,0.157808,-1.82983e-11,0.193075,-0.130621,1.33575e-11
6.804,0.364167,0.0894275,0.245906,-0.387512,-0.0126683,-0.00520903,0.555108,0.117512,-8.48223e-12,0.491841,-0.172524,0.0839287,0.133224,0.157808,-1.82983e-11,0.193075,-0.130621,1.33575e-11
6.805,0.364246,0.0891985,0.245994,-0.387079,-0.012916,-0.00502629,0.555108,0.117512,-8.48223e-12,0.492078,-0.172495,0.0842033,0.133224,0.157808,-1.82983e-11,0.193075,-0.130621,1.33575e-11
6.806,0.364326,0.0889687,0.24608,-0.386629,-0.0131684,-0.00485922,0.555108,0.117512,-8.48223e-12,0.492316,-0.172466,0.0844758,0.133224,0.157808,-1.82983e-11,0.193075,-0.130621,1.33575e-11
6.807,0.364405,0.0887379,0.246166,-0.386162,-0.0134255,-0.0047077,0.555108,0.117512,-8.48223e-12,0.492556,-0.172436,0.0847461,0.133224,0.157808,-1.82983e-11,0.193075,-0.130621,1.33575e-11
6.808,0.364484,0.0885064,0.246251,-0.385677,-0.0136871,-0.00457165,0.555108,0.117512,-8.48223e-12,0.492797,-0.172406,0.0850142,0.133224,0.157808,-1.82983e-11,0.193075,-0.130621,1.33575e-11
6.809,0.364563,0.0882739,0.246335,-0.385174,-0.0139532,-0.00445094,0.555108,0.117512,-8.48223e-12,0.493039,-0.172376,0.0852801,0.133224,0.157808,-1.82983e-11,0.193075,-0.130621,1.33575e-11
6.81,0.364641,0.0880407,0.246418,-0.384655,-0.0142237,-0.00434549,0.555108,0.117512,-8.48223e-12,0.493283,-0.172346,0.0855437,0.133224,0.157808,-1.82983e-11,0.193075,-0.130621,1.33575e-11
6.811,0.364719,0.0878066,0.246501,-0.384118,-0.0144986,-0.00425519,0.555108,0.117512,-8.48223e-12,0.493528,-0.172316,0.0858051,0.133224,0.157808,-1.82983e-11,0.193075,-0.130621,1.33575e-11
6.812,0.364797,0.0875716,0.246583,-0.383565,-0.0147776,-0.00417993,0.555108,0.117512,-8.48223e-12,0.493774,-0.172286,0.0860643,0.133224,0.157808,-1.82983e-11,0.193075,-0.130621,1.33575e-11
6.813,0.364874,0.0873359,0.246663,-0.382994,-0.0150608,-0.00411961,0.555108,0.117512,-8.48223e-12,0.494021,-0.172255,0.0863211,0.133224,0.157808,-1.82983e-11,0.193075,-0.130621,1.33575e-11
6.814,0.364951,0.0870993,0.246744,-0.382407,-0.015348,-0.00407413,0.555108,0.117512,-8.48223e-12,0.49427,-0.172224,0.0865756,0.133224,0.157808,-1.82983e-11,0.193075,-0.130621,1.33575e-11
6.815,0.365028,0.0868619,0.246823,-0.381803,-0.0156392,-0.00404339,0.555108,0.117512,-8.48223e-12,0.49452,-0.172194,0.0868278,0.133224,0.157808,-1.82983e-11,0.193075,-0.130621,1.33575e-11
6.816,0.365105,0.0866237,0.246901,-0.381183,-0.0159342,-0.00402727,0.555108,0.117512,-8.48223e-12,0.494771,-0.172163,0.0870776,0.133224,0.157808,-1.82983e-11,0.193075,-0.130621,1.33575e-11
6.817,0.365181,0.0863847,0.246979,-0.380546,-0.0162331,-0.00402569,0.555108,0.117512,-8.48223e-12,0.495024,-0.172131,0.087325,0.133224,0.157808,-1.82983e-11,0.193075,-0.130621,1.33575e-11
6.818,0.365257,0.0861449,0.247056,-0.379893,-0.0165356,-0.00403852,0.555108,0.117512,-8.48223e-12,0.495278,-0.1721,0.08757,0.133224,0.157808,-1.82983e-11,0.193075,-0.130621,1.33575e-11
6.819,0.365333,0.0859043,0.247131,-0.379224,-0.0168417,-0.00406568,0.555108,0.117512,-8.48223e-12,0.495533,-0.172069,0.0878126,0.133224,0.157808,-1.82983e-11,0.193075,-0.130621,1.33575e-11
6.82,0.365408,0.085663,0.247207,-0.378538,-0.0171513,-0.00410706,0.555108,0.117512,-8.48223e-12,0.49579,-0.172037,0.0880528,0.133224,0.157808,-1.82983e-11,0.193075,-0.130621,1.33575e-11
6.821,0.365484,0.0854208,0.247281,-0.377837,-0.0174644,-0.00416255,0.555108,0.117512,-8.48223e-12,0.496048,-0.172005,0.0882905,0.133224,0.157808,-1.82983e-11,0.193075,-0.130621,1.33575e-11
6.822,0.365558,0.0851779,0.247354,-0.37712,-0.0177808,-0.00423206,0.555108,0.117512,-8.48223e-12,0.496307,-0.171973,0.0885257,0.133224,0.157808,-1.82983e-11,0.193075,-0.130621,1.33575e-11
6.823,0.365633,0.0849343,0.247427,-0.376386,-0.0181005,-0.00431547,0.555108,0.117512,-8.48223e-12,0.496568,-0.171941,0.0887584,0.133224,0.157808,-1.82983e-11,0.193075,-0.130621,1.33575e-11
6.824,0.365707,0.0846899,0.247498,-0.375638,-0.0184233,-0.00441269,0.555108,0.117512,-8.48223e-12,0.49683,-0.171908,0.0889885,0.133224,0.157808,-1.82983e-11,0.193075,-0.130621,1.33575e-11
6.825,0.365781,0.0844447,0.247569,-0.374873,-0.0187492,-0.00452361,0.555108,0.117512,-8.48223e-12,0.497093,-0.171876,0.0892161,0.133224,0.157808,-1.82983e-11,0.193075,-0.130621,1.33575e-11
6.826,0.365855,0.0841988,0.247639,-0.374094,-0.0190781,-0.00464812,0.555108,0.117512,-8.48223e-12,0.497358,-0.171843,0.0894412,0.133224,0.157808,-1.82983e-11,0.193075,-0.130621,1.33575e-11
6.827,0.365928,0.0839522,0.247709,-0.373299,-0.0194099,-0.00478614,0.555108,0.117512,-8.48223e-12,0.497624,-0.17181,0.0896636,0.133224,0.157808,-1.82983e-11,0.193075,-0.130621,1.33575e-11
6.828,0.366001,0.0837048,0.247777,-0.372488,-0.0197445,-0.00493754,0.555108,0.117512,-8.48223e-12,0.497891,-0.171777,0.0898835,0.133224,0.157808,-1.82983e-11,0.193075,-0.130621,1.33575e-11
6.829,0.366074,0.0834568,0.247844,-0.371663,-0.0200819,-0.00510223,0.555108,0.117512,-8.48223e-12,0.49816,-0.171744,0.0901007,0.133224,0.157808,-1.82983e-11,0.193075,-0.130621,1.33575e-11
6.83,0.366146,0.083208,0.247911,-0.370823,-0.0204219,-0.00528011,0.555108,0.117512,-8.48223e-12,0.49843,-0.171711,0.0903152,0.133224,0.157808,-1.82983e-11,0.193075,-0.130621,1.33575e-11
6.831,0.366218,0.0829585,0.247976,-0.369967,-0.0207644,-0.00547107,0.555108,0.117512,-8.48223e-12,0.498702,-0.171677,0.0905271,0.133224,0.157808,-1.82983e-11,0.193075,-0.130621,1.33575e-11
6.832,0.36629,0.0827083,0.248041,-0.369097,-0.0211094,-0.00567501,0.555108,0.117512,-8.48223e-12,0.498975,-0.171644,0.0907363,0.133224,0.157808,-1.82983e-11,0.193075,-0.130621,1.33575e-11
6.833,0.366361,0.0824574,0.248105,-0.368213,-0.0214568,-0.00589182,0.555108,0.117512,-8.48223e-12,0.499249,-0.17161,0.0909428,0.133224,0.157808,-1.82983e-11,0.193075,-0.130621,1.33575e-11
6.834,0.366432,0.0822058,0.248168,-0.367313,-0.0218065,-0.00612141,0.555108,0.117512,-8.48223e-12,0.499524,-0.171576,0.0911465,0.133224,0.157808,-1.82983e-11,0.193075,-0.130621,1.33575e-11
6.835,0.366503,0.0819535,0.24823,-0.366399,-0.0221583,-0.00636367,0.555108,0.117512,-8.48223e-12,0.499801,-0.171542,0.0913474,0.133224,0.157808,-1.82983e-11,0.193075,-0.130621,1.33575e-11
6.836,0.366574,0.0817006,0.248292,-0.365471,-0.0225123,-0.00661849,0.555108,0.117512,-8.48223e-12,0.50008,-0.171507,0.0915456,0.133224,0.157808,-1.82983e-11,0.193075,-0.130621,1.33575e-11
6.837,0.366644,0.081447,0.248352,-0.364529,-0.0228684,-0.00688577,0.555108,0.117512,-8.48223e-12,0.500359,-0.171473,0.091741,0.133224,0.157808,-1.82983e-11,0.193075,-0.130621,1.33575e-11
6.838,0.366714,0.0811927,0.248412,-0.363573,-0.0232263,-0.00716541,0.555108,0.117512,-8.48223e-12,0.50064,-0.171438,0.0919336,0.133224,0.157808,-1.82983e-11,0.193075,-0.130621,1.33575e-11
6.839,0.366783,0.0809378,0.24847,-0.362602,-0.0235861,-0.00745731,0.555108,0.117512,-8.48223e-12,0.500923,-0.171403,0.0921233,0.133224,0.157808,-1.82983e-11,0.193075,-0.130621,1.33575e-11
6.84,0.366853,0.0806822,0.248528,-0.361618,-0.0239477,-0.00776136,0.555108,0.117512,-8.48223e-12,0.501207,-0.171368,0.0923101,0.133224,0.157808,-1.82983e-11,0.193075,-0.130621,1.33575e-11
6.841,0.366921,0.080426,0.248585,-0.36062,-0.024311,-0.00807746,0.555108,0.117512,-8.48223e-12,0.501492,-0.171333,0.0924941,0.133224,0.157808,-1.82983e-11,0.193075,-0.130621,1.33575e-11
6.842,0.36699,0.0801692,0.24864,-0.359608,-0.0246758,-0.00840551,0.555108,0.117512,-8.48223e-12,0.501779,-0.171298,0.0926751,0.133224,0.157808,-1.82983e-11,0.193075,-0.130621,1.33575e-11
6.843,0.367058,0.0799117,0.248695,-0.358582,-0.0250421,-0.00874539,0.555108,0.117512,-8.48223e-12,0.502067,-0.171262,0.0928532,0.133224,0.157808,-1.82983e-11,0.193075,-0.130621,1.33575e-11
6.844,0.367126,0.0796536,0.24875,-0.357543,-0.0254099,-0.00909702,0.555108,0.117512,-8.48223e-12,0.502356,-0.171226,0.0930284,0.133224,0.157808,-1.82983e-11,0.193075,-0.130621,1.33575e-11
6.845,0.367194,0.0793949,0.248803,-0.356491,-0.025779,-0.00946029,0.555108,0.117512,-8.48223e-12,0.502647,-0.171191,0.0932006,0.133224,0.157808,-1.82983e-11,0.193075,-0.130621,1.33575e-11
6.846,0.367261,0.0791356,0.248855,-0.355426,-0.0261493,-0.00983508,0.555108,0.117512,-8.48223e-12,0.502939,-0.171154,0.0933698,0.133224,0.157808,-1.82983e-11,0.193075,-0.130621,1.33575e-11
6.847,0.367328,0.0788756,0.248906,-0.354347,-0.0265208,-0.0102213,0.555108,0.117512,-8.48223e-12,0.503233,-0.171118,0.093536,0.133224,0.157808,-1.82983e-11,0.193075,-0.130621,1.33575e-11
6.848,0.367395,0.0786151,0.248957,-0.353255,-0.0268933,-0.0106189,0.555108,0.117512,-8.48223e-12,0.503528,-0.171082,0.0936992,0.133224,0.157808,-1.82983e-11,0.193075,-0.130621,1.33575e-11
6.849,0.367461,0.078354,0.249006,-0.352151,-0.0272668,-0.0110276,0.555108,0.117512,-8.48223e-12,0.503825,-0.171045,0.0938593,0.133224,0.157808,-1.82983e-11,0.193075,-0.130621,1.33575e-11
6.85,0.367527,0.0780923,0.249055,-0.351033,-0.0276412,-0.0114475,0.555108,0.117512,-8.48223e-12,0.504123,-0.171008,0.0940163,0.133224,0.157808,-1.82983e-11,0.193075,-0.130621,1.33575e-11
6.851,0.367593,0.0778301,0.249102,-0.349903,-0.0280164,-0.0118784,0.555108,0.117512,-8.48223e-12,0.504422,-0.170972,0.0941702,0.133224,0.157808,-1.82983e-11,0.193075,-0.130621,1.33575e-11
6.852,0.367658,0.0775672,0.249149,-0.34876,-0.0283923,-0.0123203,0.555108,0.117512,-8.48223e-12,0.504723,-0.170934,0.0943211,0.133224,0.157808,-1.82983e-11,0.193075,-0.130621,1.33575e-11
6.853,0.367723,0.0773038,0.249195,-0.347605,-0.0287689,-0.0127729,0.555108,0.117512,-8.48223e-12,0.505025,-0.170897,0.0944687,0.133224,0.157808,-1.82983e-11,0.193075,-0.130621,1.33575e-11
6.854,0.367788,0.0770399,0.249239,-0.346438,-0.0291459,-0.0132362,0.555108,0.117512,-8.48223e-12,0.505329,-0.17086,0.0946132,0.133224,0.157808,-1.82983e-11,0.193075,-0.130621,1.33575e-11
6.855,0.367852,0.0767754,0.249283,-0.345258,-0.0295235,-0.0137102,0.555108,0.117512,-8.48223e-12,0.505634,-0.170822,0.0947546,0.133224,0.157808,-1.82983e-11,0.193075,-0.130621,1.33575e-11
6.856,0.367916,0.0765103,0.249326,-0.344066,-0.0299013,-0.0141946,0.555108,0.117512,-8.48223e-12,0.50594,-0.170784,0.0948927,0.133224,0.157808,-1.82983e-11,0.193075,-0.130621,1.33575e-11
6.857,0.36798,0.0762447,0.249368,-0.342862,-0.0302795,-0.0146895,0.555108,0.117512,-8.48223e-12,0.506248,-0.170746,0.0950276,0.133224,0.157808,-1.82983e-11,0.193075,-0.130621,1.33575e-11
6.858,0.368043,0.0759786,0.249409,-0.341646,-0.0306578,-0.0151946,0.555108,0.117512,-8.48223e-12,0.506558,-0.170708,0.0951593,0.133224,0.157808,-1.82983e-11,0.193075,-0.130621,1.33575e-11
6.859,0.368106,0.075712,0.249449,-0.340418,-0.0310363,-0.0157099,0.555108,0.117512,-8.48223e-12,0.506869,-0.17067,0.0952877,0.133224,0.157808,-1.82983e-11,0.193075,-0.130621,1.33575e-11
6.86,0.368169,0.0754448,0.249488,-0.339179,-0.0314148,-0.0162353,0.555108,0.117512,-8.48223e-12,0.507181,-0.170631,0.0954128,0.133224,0.157808,-1.82983e-11,0.193075,-0.130621,1.33575e-11
6.861,0.368231,0.0751771,0.249526,-0.337928,-0.0317931,-0.0167707,0.555108,0.117512,-8.48223e-12,0.507495,-0.170592,0.0955346,0.133224,0.157808,-1.82983e-11,0.193075,-0.130621,1.33575e-11
6.862,0.368293,0.074909,0.249563,-0.336665,-0.0321713,-0.017316,0.555108,0.117512,-8.48223e-12,0.50781,-0.170553,0.0956531,0.133224,0.157808,-1.82983e-11,0.193075,-0.130621,1.33575e-11
6.863,0.368355,0.0746403,0.249599,-0.335392,-0.0325493,-0.0178711,0.555108,0.117512,-8.48223e-12,0.508127,-0.170514,0.0957682,0.133224,0.157808,-1.82983e-11,0.193075,-0.130621,1.33575e-11
6.864,0.368416,0.0743711,0.249635,-0.334106,-0.0329269,-0.0184358,0.555108,0.117512,-8.48223e-12,0.508445,-0.170475,0.09588,0.133224,0.157808,-1.82983e-11,0.193075,-0.130621,1.33575e-11
6.865,0.368477,0.0741015,0.249669,-0.33281,-0.0333041,-0.0190101,0.555108,0.117512,-8.48223e-12,0.508765,-0.170436,0.0959883,0.133224,0.157808,-1.82983e-11,0.193075,-0.130621,1.33575e-11
6.866,0.368538,0.0738314,0.249702,-0.331503,-0.0336808,-0.0195938,0.555108,0.117512,-8.48223e-12,0.509086,-0.170396,0.0960933,0.133224,0.157808,-1.82983e-11,0.193075,-0.130621,1.33575e-11
6.867,0.368598,0.0735608,0.249734,-0.330184,-0.0340569,-0.020187,0.555108,0.117512,-8.48223e-12,0.509409,-0.170356,0.0961948,0.133224,0.157808,-1.82983e-11,0.193075,-0.130621,1.33575e-11
6.868,0.368658,0.0732897,0.249766,-0.328855,-0.0344323,-0.0207894,0.555108,0.117512,-8.48223e-12,0.509733,-0.170316,0.0962929,0.133224,0.157808,-1.82983e-11,0.193075,-0.130621,1.33575e-11
6.869,0.368718,0.0730182,0.249796,-0.327515,-0.0348069,-0.0214009,0.555108,0.117512,-8.48223e-12,0.510058,-0.170276,0.0963875,0.133224,0.157808,-1.82983e-11,0.193075,-0.130621,1.33575e-11
6.87,0.368777,0.0727462,0.249825,-0.326165,-0.0351807,-0.0220215,0.555108,0.117512,-8.48223e-12,0.510385,-0.170236,0.0964786,0.133224,0.157808,-1.82983e-11,0.193075,-0.130621,1.33575e-11
6.871,0.368836,0.0724738,0.249853,-0.324804,-0.0355535,-0.022651,0.555108,0.117512,-8.48223e-12,0.510714,-0.170195,0.0965661,0.133224,0.157808,-1.82983e-11,0.193075,-0.130621,1.33575e-11
6.872,0.368895,0.0722009,0.249881,-0.323432,-0.0359252,-0.0232894,0.555108,0.117512,-8.48223e-12,0.511044,-0.170154,0.0966502,0.133224,0.157808,-1.82983e-11,0.193075,-0.130621,1.33575e-11
6.873,0.368953,0.0719277,0.249907,-0.322051,-0.0362959,-0.0239366,0.555108,0.117512,-8.48223e-12,0.511375,-0.170113,0.0967306,0.133224,0.157808,-1.82983e-11,0.193075,-0.130621,1.33575e-11
6.874,0.369011,0.0716539,0.249932,-0.320659,-0.0366653,-0.0245924,0.555108,0.117512,-8.48223e-12,0.511709,-0.170072,0.0968075,0.133224,0.157808,-1.82983e-11,0.193075,-0.130621,1.33575e-11
6.875,0.369068,0.0713798,0.249957,-0.319257,-0.0370334,-0.0252567,0.555108,0.117512,-8.48223e-12,0.512043,-0.170031,0.0968808,0.133224,0.157808,-1.82983e-11,0.193075,-0.130621,1.33575e-11
6.876,0.369125,0.0711053,0.24998,-0.317845,-0.0374001,-0.0259294,0.555108,0.117512,-8.48223e-12,0.512379,-0.169989,0.0969505,0.133224,0.157808,-1.82983e-11,0.193075,-0.130621,1.33575e-11
6.877,0.369182,0.0708303,0.250002,-0.316423,-0.0377654,-0.0266105,0.555108,0.117512,-8.48223e-12,0.512717,-0.169948,0.0970165,0.133224,0.157808,-1.82983e-11,0.193075,-0.130621,1.33575e-11
6.878,0.369238,0.070555,0.250023,-0.314992,-0.038129,-0.0272998,0.555108,0.117512,-8.48223e-12,0.513056,-0.169906,0.0970789,0.133224,0.157808,-1.82983e-11,0.193075,-0.130621,1.33575e-11
6.879,0.369295,0.0702792,0.250044,-0.313551,-0.0384911,-0.0279973,0.555108,0.117512,-8.48223e-12,0.513396,-0.169864,0.0971375,0.133224,0.157808,-1.82983e-11,0.193075,-0.130621,1.33575e-11
6.88,0.36935,0.0700031,0.250063,-0.3121,-0.0388513,-0.0287027,0.555108,0.117512,-8.48223e-12,0.513739,-0.169822,0.0971925,0.133224,0.157808,-1.82983e-11,0.193075,-0.130621,1.33575e-11
6.881,0.369406,0.0697266,0.250081,-0.31064,-0.0392098,-0.0294161,0.555108,0.117512,-8.48223e-12,0.514082,-0.169779,0.0972438,0.133224,0.157808,-1.82983e-11,0.193075,-0.130621,1.33575e-11
6.882,0.369461,0.0694497,0.250098,-0.309171,-0.0395663,-0.0301373,0.555108,0.117512,-8.48223e-12,0.514427,-0.169737,0.0972912,0.133224,0.157808,-1.82983e-11,0.193075,-0.130621,1.33575e-11
6.883,0.369515,0.0691725,0.250114,-0.307692,-0.0399209,-0.0308662,0.555108,0.117512,-8.48223e-12,0.514774,-0.169694,0.097335,0.133224,0.157808,-1.82983e-11,0.193075,-0.130621,1.33575e-11
6.884,0.36957,0.0688949,0.250129,-0.306204,-0.0402733,-0.0316027,0.555108,0.117512,-8.48223e-12,0.515122,-0.169651,0.0973749,0.133224,0.157808,-1.82983e-11,0.193075,-0.130621,1.33575e-11
6.885,0.369623,0.0686169,0.250143,-0.304708,-0.0406236,-0.0323467,0.555108,0.117512,-8.48223e-12,0.515472,-0.169608,0.097411,0.133224,0.157808,-1.82983e-11,0.193075,-0.130621,1.33575e-11
6.886,0.369677,0.0683386,0.250156,-0.303203,-0.0409715,-0.0330981,0.555108,0.117512,-8.48223e-12,0.515823,-0.169564,0.0974433,0.133224,0.157808,-1.82983e-11,0.193075,-0.130621,1.33575e-11
6.887,0.36973,0.06806,0.250168,-0.301688,-0.0413172,-0.0338569,0.555108,0.117512,-8.48223e-12,0.516176,-0.169521,0.0974717,0.133224,0.157808,-1.82983e-11,0.193075,-0.130621,1.33575e-11
6.888,0.369783,0.067781,0.250179,-0.300166,-0.0416604,-0.0346228,0.555108,0.117512,-8.48223e-12,0.516531,-0.169477,0.0974962,0.133224,0.157808,-1.82983e-11,0.193075,-0.130621,1.33575e-11
6.889,0.369835,0.0675017,0.250189,-0.298634,-0.042001,-0.0353958,0.555108,0.117512,-8.48223e-12,0.516887,-0.169433,0.0975169,0.133224,0.157808,-1.82983e-11,0.193075,-0.130621,1.33575e-11
6.89,0.369888,0.0672221,0.250198,-0.297094,-0.0423391,-0.0361758,0.555108,0.117512,-8.48223e-12,0.517244,-0.169389,0.0975336,0.133224,0.157808,-1.82983e-11,0.193075,-0.130621,1.33575e-11
6.891,0.369939,0.0669421,0.250205,-0.295546,-0.0426744,-0.0369626,0.555108,0.117512,-8.48223e-12,0.517603,-0.169345,0.0975464,0.133224,0.157808,-1.82983e-11,0.193075,-0.130621,1.33575e-11
6.892,0.369991,0.0666619,0.250212,-0.29399,-0.043007,-0.0377563,0.555108,0.117512,-8.48223e-12,0.517964,-0.1693,0.0975553,0.133224,0.157808,-1.82983e-11,0.193075,-0.130621,1.33575e-11
6.893,0.370042,0.0663813,0.250218,-0.292426,-0.0433367,-0.0385566,0.555108,0.117512,-8.48223e-12,0.518326,-0.169256,0.0975601,0.133224,0.157808,-1.82983e-11,0.193075,-0.130621,1.33575e-11
6.894,0.370092,0.0661005,0.250222,-0.290854,-0.0436634,-0.0393635,0.555108,0.117512,-8.48223e-12,0.51869,-0.169211,0.097561,0.133224,0.157808,-1.82983e-11,0.193075,-0.130621,1.33575e-11
6.895,0.370142,0.0658194,0.250226,-0.289273,-0.043987,-0.0401769,0.555108,0.117512,-8.48223e-12,0.519052,-0.169166,0.0975578,0.133224,0.157808,-1.82983e-11,0.193075,-0.130621,1.33575e-11
6.896,0.370192,0.065538,0.250228,-0.287685,-0.0443075,-0.0409967,0.555108,0.117512,-8.48223e-12,0.519414,-0.169121,0.0975507,0.133224,0.157808,-1.82983e-11,0.193075,-0.130621,1.33575e-11
6.897,0.370242,0.0652563,0.250229,-0.28609,-0.0446248,-0.0418227,0.555108,0.117512,-8.48223e-12,0.519773,-0.169077,0.0975396,0.133224,0.157808,-1.82983e-11,0.193075,-0.130621,1.33575e-11
6.898,0.370291,0.0649743,0.25023,-0.284487,-0.0449387,-0.0426549,0.555108,0.117512,-8.48223e-12,0.520131,-0.169033,0.0975245,0.133224,0.157808,-1.82983e-11,0.193075,-0.130621,1.33575e-11
6.899,0.37034,0.0646921,0.250229,-0.282876,-0.0452493,-0.0434931,0.555108,0.117512,-8.48223e-12,0.520488,-0.168989,0.0975055,0.133224,0.157808,-1.82983e-11,0.193075,-0.130621,1.33575e-11
6.9,0.370388,0.0644096,0.250227,-0.281258,-0.0455563,-0.0443373,0.555108,0.117512,-8.48223e-12,0.520843,-0.168945,0.0974826,0.133224,0.157808,-1.82983e-11,0.193075,-0.130621,1.33575e-11
6.901,0.370436,0.0641269,0.250224,-0.279633,-0.0458598,-0.0451873,0.555108,0.117512,-8.48223e-12,0.521197,-0.168901,0.0974558,0.133224,0.157808,-1.82983e-11,0.193075,-0.130621,1.33575e-11
6.902,0.370483,0.0638439,0.25022,-0.278001,-0.0461597,-0.046043,0.555108,0.117512,-8.48223e-12,0.521549,-0.168858,0.0974252,0.133224,0.157808,-1.82983e-11,0.193075,-0.130621,1.33575e-11
6.903,0.370531,0.0635607,0.250215,-0.276362,-0.0464559,-0.046904,0.555108,0.117512,-8.48223e-12,0.521899,-0.168815,0.0973907,0.133224,0.157808,-1.82983e-11,0.193075,-0.130621,1.33575e-11
6.904,0.370578,0.0632773,0.250208,-0.274717,-0.0467484,-0.0477703,0.555108,0.117512,-8.48223e-12,0.522248,-0.168771,0.0973524,0.133224,0.157808,-1.82983e-11,0.193075,-0.130621,1.33575e-11
6.905,0.370624,0.0629937,0.250201,-0.273065,-0.0470373,-0.0486415,0.555108,0.117512,-8.48223e-12,0.522595,-0.168729,0.0973103,0.133224,0.157808,-1.82983e-11,0.193075,-0.130621,1.33575e-11
6.906,0.37067,0.0627098,0.250193,-0.271407,-0.0473224,-0.0495174,0.555108,0.117512,-8.48223e-12,0.522941,-0.168686,0.0972644,0.133224,0.157808,-1.82983e-11,0.193075,-0.130621,1.33575e-11
6.907,0.370716,0.0624257,0.250183,-0.269743,-0.0476038,-0.0503978,0.555108,0.117512,-8.48223e-12,0.523285,-0.168643,0.0972148,0.133224,0.157808,-1.82983e-11,0.193075,-0.130621,1.33575e-11
6.908,0.370761,0.0621414,0.250173,-0.268074,-0.0478814,-0.0512825,0.555108,0.117512,-8.48223e-12,0.523628,-0.168601,0.0971614,0.133224,0.157808,-1.82983e-11,0.193075,-0.130621,1.33575e-11
6.909,0.370806,0.0618569,0.250161,-0.266399,-0.0481552,-0.0521713,0.555108,0.117512,-8.48223e-12,0.523969,-0.168559,0.0971043,0.133224,0.157808,-1.82983e-11,0.193075,-0.130621,1.33575e-11
6.91,0.370851,0.0615722,0.250149,-0.264719,-0.0484251,-0.0530638,0.555108,0.117512,-8.48223e-12,0.524309,-0.168517,0.0970435,0.133224,0.157808,-1.82983e-11,0.193075,-0.130621,1.33575e-11
6.911,0.370895,0.0612873,0.250135,-0.263033,-0.0486911,-0.05396,0.555108,0.117512,-8.48223e-12,0.524647,-0.168475,0.096979,0.133224,0.157808,-1.82983e-11,0.193075,-0.130621,1.33575e-11
6.912,0.370939,0.0610022,0.25012,-0.261343,-0.0489533,-0.0548596,0.555108,0.117512,-8.48223e-12,0.524984,-0.168434,0.0969109,0.133224,0.157808,-1.82983e-11,0.193075,-0.130621,1.33575e-11
6.913,0.370982,0.060717,0.250105,-0.259649,-0.0492115,-0.0557623,0.555108,0.117512,-8.48223e-12,0.525319,-0.168392,0.0968391,0.133224,0.157808,-1.82983e-11,0.193075,-0.130621,1.33575e-11
6.914,0.371025,0.0604316,0.250088,-0.25795,-0.0494658,-0.056668,0.555108,0.117512,-8.48223e-12,0.525653,-0.168351,0.0967638,0.133224,0.157808,-1.82983e-11,0.193075,-0.130621,1.33575e-11
6.915,0.371068,0.060146,0.25007,-0.256246,-0.049716,-0.0575764,0.555108,0.117512,-8.48223e-12,0.525985,-0.16831,0.0966848,0.133224,0.157808,-1.82983e-11,0.193075,-0.130621,1.33575e-11
6.916,0.371111,0.0598602,0.250052,-0.254539,-0.0499623,-0.0584872,0.555108,0.117512,-8.48223e-12,0.526316,-0.168269,0.0966023,0.133224,0.157808,-1.82983e-11,0.193075,-0.130621,1.33575e-11
6.917,0.371153,0.0595743,0.250032,-0.252829,-0.0502045,-0.0594003,0.555108,0.117512,-8.48223e-12,0.526645,-0.168229,0.0965162,0.133224,0.157808,-1.82983e-11,0.193075,-0.130621,1.33575e-11
6.918,0.371194,0.0592882,0.250011,-0.251114,-0.0504426,-0.0603155,0.555108,0.117512,-8.48223e-12,0.526973,-0.168188,0.0964266,0.133224,0.157808,-1.82983e-11,0.193075,-0.130621,1.33575e-11
6.919,0.371235,0.059002,0.249989,-0.249397,-0.0506766,-0.0612324,0.555108,0.117512,-8.48223e-12,0.527299,-0.168148,0.0963335,0.133224,0.157808,-1.82983e-11,0.193075,-0.130621,1.33575e-11
6.92,0.371276,0.0587156,0.249967,-0.247676,-0.0509064,-0.062151,0.555108,0.117512,-8.48223e-12,0.527624,-0.168108,0.0962369,0.133224,0.157808,-1.82983e-11,0.193075,-0.130621,1.33575e-11
6.921,0.371317,0.0584291,0.249943,-0.245952,-0.0511321,-0.0630708,0.555108,0.117512,-8.48223e-12,0.527947,-0.168068,0.0961369,0.133224,0.157808,-1.82983e-11,0.193075,-0.130621,1.33575e-11
6.922,0.371357,0.0581425,0.249918,-0.244226,-0.0513536,-0.0639919,0.555108,0.117512,-8.48223e-12,0.528269,-0.168028,0.0960334,0.133224,0.157808,-1.82983e-11,0.193075,-0.130621,1.33575e-11
6.923,0.371397,0.0578558,0.249893,-0.242497,-0.0515709,-0.0649138,0.555108,0.117512,-8.48223e-12,0.528589,-0.167989,0.0959265,0.133224,0.157808,-1.82983e-11,0.193075,-0.130621,1.33575e-11
6.924,0.371436,0.0575689,0.249866,-0.240767,-0.051784,-0.0658364,0.555108,0.117512,-8.48223e-12,0.528908,-0.16795,0.0958161,0.133224,0.157808,-1.82983e-11,0.193075,-0.130621,1.33575e-11
6.925,0.371475,0.0572819,0.249839,-0.239034,-0.0519927,-0.0667595,0.555108,0.117512,-8.48223e-12,0.529225,-0.16791,0.0957024,0.133224,0.157808,-1.82983e-11,0.193075,-0.130621,1.33575e-11
6.926,0.371514,0.0569949,0.24981,-0.237299,-0.0521971,-0.0676828,0.555108,0.117512,-8.48223e-12,0.529541,-0.167871,0.0955854,0.133224,0.157808,-1.82983e-11,0.193075,-0.130621,1.33575e-11
6.927,0.371552,0.0567077,0.249781,-0.235563,-0.0523972,-0.0686062,0.555108,0.117512,-8.48223e-12,0.529856,-0.167833,0.095465,0.133224,0.157808,-1.82983e-11,0.193075,-0.130621,1.33575e-11
6.928,0.37159,0.0564204,0.24975,-0.233826,-0.0525929,-0.0695293,0.555108,0.117512,-8.48223e-12,0.530169,-0.167794,0.0953413,0.133224,0.157808,-1.82983e-11,0.193075,-0.130621,1.33575e-11
6.929,0.371628,0.0561331,0.249719,-0.232087,-0.0527842,-0.070452,0.555108,0.117512,-8.48223e-12,0.53048,-0.167756,0.0952143,0.133224,0.157808,-1.82983e-11,0.193075,-0.130621,1.33575e-11
6.93,0.371665,0.0558456,0.249687,-0.230348,-0.0529711,-0.071374,0.555108,0.117512,-8.48223e-12,0.53079,-0.167717,0.095084,0.133224,0.157808,-1.82983e-11,0.193075,-0.130621,1.33575e-11
6.931,0.371702,0.0555581,0.249653,-0.228608,-0.0531536,-0.0722951,0.555108,0.117512,-8.48223e-12,0.531099,-0.167679,0.0949505,0.133224,0.157808,-1.82983e-11,0.193075,-0.130621,1.33575e-11
6.932,0.371739,0.0552705,0.249619,-0.226867,-0.0533315,-0.0732151,0.555108,0.117512,-8.48223e-12,0.531406,-0.167641,0.0948137,0.133224,0.157808,-1.82983e-11,0.193075,-0.130621,1.33575e-11
6.933,0.371775,0.0549828,0.249584,-0.225126,-0.0535049,-0.0741338,0.555108,0.117512,-8.48223e-12,0.531712,-0.167604,0.0946737,0.133224,0.157808,-1.82983e-11,0.193075,-0.130621,1.33575e-11
6.934,0.371811,0.0546951,0.249548,-0.223385,-0.0536738,-0.0750509,0.555108,0.117512,-8.48223e-12,0.532016,-0.167566,0.0945306,0.133224,0.157808,-1.82983e-11,0.193075,-0.130621,1.33575e-11
6.935,0.371846,0.0544073,0.249511,-0.221645,-0.0538381,-0.0759663,0.555108,0.117512,-8.48223e-12,0.532319,-0.167529,0.0943842,0.133224,0.157808,-1.82983e-11,0.193075,-0.130621,1.33575e-11
6.936,0.371881,0.0541195,0.249473,-0.219905,-0.0539978,-0.0768796,0.555108,0.117512,-8.48223e-12,0.53262,-0.167491,0.0942347,0.133224,0.157808,-1.82983e-11,0.193075,-0.130621,1.33575e-11
6.937,0.371916,0.0538316,0.249435,-0.218165,-0.0541528,-0.0777907,0.555108,0.117512,-8.48223e-12,0.53292,-0.167454,0.0940821,0.133224,0.157808,-1.82983e-11,0.193075,-0.130621,1.33575e-11
6.938,0.37195,0.0535437,0.249395,-0.216426,-0.0543032,-0.0786993,0.555108,0.117512,-8.48223e-12,0.533219,-0.167418,0.0939264,0.133224,0.157808,-1.82983e-11,0.193075,-0.130621,1.33575e-11
6.939,0.371984,0.0532558,0.249355,-0.214689,-0.0544489,-0.0796052,0.555108,0.117512,-8.48223e-12,0.533516,-0.167381,0.0937676,0.133224,0.157808,-1.82983e-11,0.193075,-0.130621,1.33575e-11
6.94,0.372018,0.0529678,0.249313,-0.212952,-0.0545899,-0.0805083,0.555108,0.117512,-8.48223e-12,0.533812,-0.167344,0.0936057,0.133224,0.157808,-1.82983e-11,0.193075,-0.130621,1.33575e-11
6.941,0.372051,0.0526798,0.249271,-0.211218,-0.0547262,-0.0814082,0.555108,0.117512,-8.48223e-12,0.534106,-0.167308,0.0934408,0.133224,0.157808,-1.82983e-11,0.193075,-0.130621,1.33575e-11
6.942,0.372084,0.0523918,0.249228,-0.209484,-0.0548576,-0.0823047,0.555108,0.117512,-8.48223e-12,0.534399,-0.167272,0.0932729,0.133224,0.157808,-1.82983e-11,0.193075,-0.130621,1.33575e-11
6.943,0.372117,0.0521038,0.249184,-0.207753,-0.0549842,-0.0831976,0.555108,0.117512,-8.48223e-12,0.53469,-0.167236,0.093102,0.133224,0.157808,-1.82983e-11,0.193075,-0.130621,1.33575e-11
6.944,0.372149,0.0518158,0.249139,-0.206024,-0.055106,-0.0840868,0.555108,0.117512,-8.48223e-12,0.53498,-0.1672,0.0929281,0.133224,0.157808,-1.82983e-11,0.193075,-0.130621,1.33575e-11
6.945,0.372181,0.0515278,0.249093,-0.204298,-0.055223,-0.0849719,0.555108,0.117512,-8.48223e-12,0.535269,-0.167164,0.0927512,0.133224,0.157808,-1.82983e-11,0.193075,-0.130621,1.33575e-11
6.946,0.372212,0.0512398,0.249047,-0.202574,-0.055335,-0.0858528,0.555108,0.117512,-8.48223e-12,0.535556,-0.167129,0.0925714,0.133224,0.157808,-1.82983e-11,0.193075,-0.130621,1.33575e-11
6.947,0.372244,0.0509518,0.248999,-0.200852,-0.0554421,-0.0867291,0.555108,0.117512,-8.48223e-12,0.535842,-0.167094,0.0923887,0.133224,0.157808,-1.82983e-11,0.193075,-0.130621,1.33575e-11
6.948,0.372274,0.0506639,0.248951,-0.199134,-0.0555443,-0.0876008,0.555108,0.117512,-8.48223e-12,0.536127,-0.167059,0.092203,0.133224,0.157808,-1.82983e-11,0.193075,-0.130621,1.33575e-11
6.949,0.372305,0.0503759,0.248902,-0.197419,-0.0556414,-0.0884675,0.555108,0.117512,-8.48223e-12,0.53641,-0.167024,0.0920146,0.133224,0.157808,-1.82983e-11,0.193075,-0.130621,1.33575e-11
6.95,0.372335,0.050088,0.248852,-0.195708,-0.0557336,-0.0893291,0.555108,0.117512,-8.48223e-12,0.536691,-0.166989,0.0918232,0.133224,0.157808,-1.82983e-11,0.193075,-0.130621,1.33575e-11
6.951,0.372365,0.0498001,0.248801,-0.194,-0.0558207,-0.0901853,0.555108,0.117512,-8.48223e-12,0.536972,-0.166954,0.091629,0.133224,0.157808,-1.82983e-11,0.193075,-0.130621,1.33575e-11
6.952,0.372394,0.0495123,0.24875,-0.192296,-0.0559027,-0.0910359,0.555108,0.117512,-8.48223e-12,0.53725,-0.16692,0.091432,0.133224,0.157808,-1.82983e-11,0.193075,-0.130621,1.33575e-11
6.953,0.372423,0.0492245,0.248697,-0.190596,-0.0559796,-0.0918807,0.555108,0.117512,-8.48223e-12,0.537528,-0.166886,0.0912323,0.133224,0.157808,-1.82983e-11,0.193075,-0.130621,1.33575e-11
6.954,0.372452,0.0489368,0.248644,-0.188901,-0.0560514,-0.0927194,0.555108,0.117512,-8.48223e-12,0.537804,-0.166852,0.0910297,0.133224,0.157808,-1.82983e-11,0.193075,-0.130621,1.33575e-11
6.955,0.37248,0.0486491,0.24859,-0.18721,-0.0561181,-0.0935518,0.555108,0.117512,-8.48223e-12,0.538079,-0.166818,0.0908244,0.133224,0.157808,-1.82983e-11,0.193075,-0.130621,1.33575e-11
6.956,0.372508,0.0483615,0.248535,-0.185524,-0.0561795,-0.0943777,0.555108,0.117512,-8.48223e-12,0.538352,-0.166784,0.0906164,0.133224,0.157808,-1.82983e-11,0.193075,-0.130621,1.33575e-11
6.957,0.372536,0.0480739,0.24848,-0.183843,-0.0562358,-0.0951969,0.555108,0.117512,-8.48223e-12,0.538624,-0.16675,0.0904057,0.133224,0.157808,-1.82983e-11,0.193075,-0.130621,1.33575e-11
6.958,0.372563,0.0477865,0.248423,-0.182167,-0.0562867,-0.0960092,0.555108,0.117512,-8.48223e-12,0.538895,-0.166717,0.0901922,0.133224,0.157808,-1.82983e-11,0.193075,-0.130621,1.33575e-11
6.959,0.37259,0.0474991,0.248366,-0.180497,-0.0563325,-0.0968143,0.555108,0.117512,-8.48223e-12,0.539164,-0.166684,0.0899762,0.133224,0.157808,-1.82983e-11,0.193075,-0.130621,1.33575e-11
6.96,0.372617,0.0472118,0.248308,-0.178832,-0.0563729,-0.0976119,0.555108,0.117512,-8.48223e-12,0.539432,-0.166651,0.0897574,0.133224,0.157808,-1.82983e-11,0.193075,-0.130621,1.33575e-11
6.961,0.372643,0.0469246,0.248249,-0.177173,-0.0564079,-0.098402,0.555108,0.117512,-8.48223e-12,0.539699,-0.166618,0.0895361,0.133224,0.157808,-1.82983e-11,0.193075,-0.130621,1.33575e-11
6.962,0.372669,0.0466375,0.24819,-0.17552,-0.0564376,-0.0991841,0.555108,0.117512,-8.48223e-12,0.539964,-0.166585,0.0893121,0.133224,0.157808,-1.82983e-11,0.193075,-0.130621,1.33575e-11
6.963,0.372695,0.0463505,0.24813,-0.173873,-0.0564619,-0.0999583,0.555108,0.117512,-8.48223e-12,0.540228,-0.166552,0.0890856,0.133224,0.157808,-1.82983e-11,0.193075,-0.130621,1.33575e-11
6.964,0.37272,0.0460636,0.248069,-0.172233,-0.0564808,-0.100724,0.555108,0.117512,-8.48223e-12,0.540491,-0.16652,0.0888565,0.133224,0.157808,-1.82983e-11,0.193075,-0.130621,1.33575e-11
6.965,0.372745,0.0457768,0.248007,-0.1706,-0.0564942,-0.101481,0.555108,0.117512,-8.48223e-12,0.540752,-0.166488,0.0886249,0.133224,0.157808,-1.82983e-11,0.193075,-0.130621,1.33575e-11
6.966,0.37277,0.0454902,0.247944,-0.168974,-0.0565022,-0.10223,0.555108,0.117512,-8.48223e-12,0.541012,-0.166456,0.0883908,0.133224,0.157808,-1.82983e-11,0.193075,-0.130621,1.33575e-11
6.967,0.372794,0.0452037,0.247881,-0.167355,-0.0565046,-0.102969,0.555108,0.117512,-8.48223e-12,0.54127,-0.166424,0.0881541,0.133224,0.157808,-1.82983e-11,0.193075,-0.130621,1.33575e-11
6.968,0.372818,0.0449173,0.247817,-0.165743,-0.0565015,-0.1037,0.555108,0.117512,-8.48223e-12,0.541528,-0.166392,0.087915,0.133224,0.157808,-1.82983e-11,0.193075,-0.130621,1.33575e-11
6.969,0.372841,0.044631,0.247752,-0.164139,-0.0564928,-0.104421,0.555108,0.117512,-8.48223e-12,0.541784,-0.16636,0.0876735,0.133224,0.157808,-1.82983e-11,0.193075,-0.130621,1.33575e-11
6.97,0.372865,0.0443449,0.247687,-0.162542,-0.0564785,-0.105132,0.555108,0.117512,-8.48223e-12,0.542038,-0.166329,0.0874295,0.133224,0.157808,-1.82983e-11,0.193075,-0.130621,1.33575e-11
6.971,0.372888,0.044059,0.24762,-0.160954,-0.0564586,-0.105833,0.555108,0.117512,-8.48223e-12,0.542291,-0.166298,0.0871831,0.133224,0.157808,-1.82983e-11,0.193075,-0.130621,1.33575e-11
6.972,0.37291,0.0437732,0.247554,-0.159374,-0.056433,-0.106525,0.555108,0.117512,-8.48223e-12,0.542543,-0.166267,0.0869343,0.133224,0.157808,-1.82983e-11,0.193075,-0.130621,1.33575e-11
6.973,0.372932,0.0434875,0.247486,-0.157803,-0.0564018,-0.107206,0.555108,0.117512,-8.48223e-12,0.542794,-0.166236,0.0866831,0.133224,0.157808,-1.82983e-11,0.193075,-0.130621,1.33575e-11
6.974,0.372954,0.0432021,0.247418,-0.15624,-0.0563648,-0.107876,0.555108,0.117512,-8.48223e-12,0.543043,-0.166205,0.0864296,0.133224,0.157808,-1.82983e-11,0.193075,-0.130621,1.33575e-11
6.975,0.372976,0.0429168,0.247349,-0.154686,-0.0563221,-0.108536,0.555108,0.117512,-8.48223e-12,0.543291,-0.166174,0.0861737,0.133224,0.157808,-1.82983e-11,0.193075,-0.130621,1.33575e-11
6.976,0.372997,0.0426317,0.247279,-0.153141,-0.0562736,-0.109184,0.555108,0.117512,-8.48223e-12,0.543538,-0.166144,0.0859156,0.133224,0.157808,-1.82983e-11,0.193075,-0.130621,1.33575e-11
6.977,0.373018,0.0423467,0.247208,-0.151606,-0.0562193,-0.109822,0.555108,0.117512,-8.48223e-12,0.543783,-0.166114,0.0856552,0.133224,0.157808,-1.82983e-11,0.193075,-0.130621,1.33575e-11
6.978,0.373038,0.042062,0.247137,-0.15008,-0.0561592,-0.110448,0.555108,0.117512,-8.48223e-12,0.544027,-0.166084,0.0853925,0.133224,0.157808,-1.82983e-11,0.193075,-0.130621,1.33575e-11
6.979,0.373059,0.0417774,0.247065,-0.148564,-0.0560932,-0.111062,0.555108,0.117512,-8.48223e-12,0.54427,-0.166054,0.0851275,0.133224,0.157808,-1.82983e-11,0.193075,-0.130621,1.33575e-11
6.98,0.373078,0.0414931,0.246993,-0.147058,-0.0560213,-0.111665,0.555108,0.117512,-8.48223e-12,0.544512,-0.166024,0.0848604,0.133224,0.157808,-1.82983e-11,0.193075,-0.130621,1.33575e-11
6.981,0.373098,0.041209,0.24692,-0.145562,-0.0559435,-0.112255,0.555108,0.117512,-8.48223e-12,0.544752,-0.165994,0.084591,0.133224,0.157808,-1.82983e-11,0.193075,-0.130621,1.33575e-11
6.982,0.373117,0.040925,0.246846,-0.144076,-0.0558598,-0.112833,0.555108,0.117512,-8.48223e-12,0.544991,-0.165965,0.0843194,0.133224,0.157808,-1.82983e-11,0.193075,-0.130621,1.33575e-11
6.983,0.373136,0.0406413,0.246772,-0.142602,-0.05577,-0.113398,0.555108,0.117512,-8.48223e-12,0.545228,-0.165935,0.0840457,0.133224,0.157808,-1.82983e-11,0.193075,-0.130621,1.33575e-11
6.984,0.373155,0.0403578,0.246696,-0.141138,-0.0556743,-0.113951,0.555108,0.117512,-8.48223e-12,0.545465,-0.165906,0.0837699,0.133224,0.157808,-1.82983e-11,0.193075,-0.130621,1.33575e-11
6.985,0.373173,0.0400746,0.246621,-0.139685,-0.0555725,-0.114491,0.555108,0.117512,-8.48223e-12,0.5457,-0.165877,0.0834919,0.133224,0.157808,-1.82983e-11,0.193075,-0.130621,1.33575e-11
6.986,0.373191,0.0397916,0.246544,-0.138244,-0.0554647,-0.115017,0.555108,0.117512,-8.48223e-12,0.545934,-0.165848,0.0832119,0.133224,0.157808,-1.82983e-11,0.193075,-0.130621,1.33575e-11
6.987,0.373208,0.0395088,0.246467,-0.136814,-0.0553507,-0.11553,0.555108,0.117512,-8.48223e-12,0.546166,-0.16582,0.0829298,0.133224,0.157808,-1.82983e-11,0.193075,-0.130621,1.33575e-11
6.988,0.373225,0.0392263,0.24639,-0.135396,-0.0552307,-0.116029,0.555108,0.117512,-8.48223e-12,0.546398,-0.165791,0.0826456,0.133224,0.157808,-1.82983e-11,0.193075,-0.130621,1.33575e-11
6.989,0.373242,0.038944,0.246311,-0.13399,-0.0551044,-0.116514,0.555108,0.117512,-8.48223e-12,0.546628,-0.165763,0.0823594,0.133224,0.157808,-1.82983e-11,0.193075,-0.130621,1.33575e-11
6.99,0.373259,0.038662,0.246232,-0.132596,-0.054972,-0.116985,0.555108,0.117512,-8.48223e-12,0.546856,-0.165734,0.0820711,0.133224,0.157808,-1.82983e-11,0.193075,-0.130621,1.33575e-11
6.991,0.373275,0.0383802,0.246153,-0.131214,-0.0548334,-0.117442,0.555108,0.117512,-8.48223e-12,0.547084,-0.165706,0.0817809,0.133224,0.157808,-1.82983e-11,0.193075,-0.130621,1.33575e-11
6.992,0.373291,0.0380987,0.246073,-0.129845,-0.0546885,-0.117884,0.555108,0.117512,-8.48223e-12,0.54731,-0.165678,0.0814887,0.133224,0.157808,-1.82983e-11,0.193075,-0.130621,1.33575e-11
6.993,0.373307,0.0378175,0.245992,-0.128489,-0.0545374,-0.118312,0.555108,0.117512,-8.48223e-12,0.547535,-0.165651,0.0811946,0.133224,0.157808,-1.82983e-11,0.193075,-0.130621,1.33575e-11
6.994,0.373322,0.0375366,0.24591,-0.127146,-0.05438,-0.118724,0.555108,0.117512,-8.48223e-12,0.547759,-0.165623,0.0808985,0.133224,0.157808,-1.82983e-11,0.193075,-0.130621,1.33575e-11
6.995,0.373337,0.037256,0.245828,-0.125816,-0.0542162,-0.119121,0.555108,0.117512,-8.48223e-12,0.547981,-0.165596,0.0806006,0.133224,0.157808,-1.82983e-11,0.193075,-0.130621,1.33575e-11
6.996,0.373351,0.0369756,0.245746,-0.1245,-0.0540461,-0.119502,0.555108,0.117512,-8.48223e-12,0.548203,-0.165568,0.0803007,0.133224,0.157808,-1.82983e-11,0.193075,-0.130621,1.33575e-11
6.997,0.373366,0.0366956,0.245663,-0.123197,-0.0538696,-0.119868,0.555108,0.117512,-8.48223e-12,0.548423,-0.165541,0.079999,0.133224,0.157808,-1.82983e-11,0.193075,-0.130621,1.33575e-11
6.998,0.37338,0.0364158,0.245579,-0.121909,-0.0536866,-0.120218,0.555108,0.117512,-8.48223e-12,0.548641,-0.165514,0.0796954,0.133224,0.157808,-1.82983e-11,0.193075,-0.130621,1.33575e-11
6.999,0.373393,0.0361364,0.245495,-0.120634,-0.0534973,-0.120552,0.555108,0.117512,-8.48223e-12,0.548859,-0.165487,0.0793901,0.133224,0.157808,-1.82983e-11,0.193075,-0.130621,1.33575e-11
7,0.373407,0.0358573,0.24541,-0.119374,-0.0533014,-0.120869,0.555108,0.117512,-8.48223e-12,0.549075,-0.165461,0.0790829,0.133224,0.157808,-1.82983e-11,0.193075,-0.130621,1.33575e-11
7.001,0.37342,0.0355785,0.245324,-0.118128,-0.0530991,-0.12117,0.555108,0.117512,-8.48223e-12,0.54929,-0.165434,0.0787739,0.133224,0.157808,-1.82983e-11,0.193075,-0.130621,1.33575e-11
7.002,0.373432,0.0353,0.245238,-0.116897,-0.0528902,-0.121454,0.555108,0.117512,-8.48223e-12,0.549504,-0.165408,0.0784632,0.133224,0.157808,-1.82983e-11,0.193075,-0.130621,1.33575e-11
7.003,0.373445,0.0350218,0.245152,-0.11568,-0.0526749,-0.121722,0.555108,0.117512,-8.48223e-12,0.549717,-0.165381,0.0781507,0.133224,0.157808,-1.82983e-11,0.193075,-0.130621,1.33575e-11
7.004,0.373457,0.034744,0.245065,-0.114478,-0.0524532,-0.121974,0.555108,0.117512,-8.48223e-12,0.549928,-0.165355,0.0778366,0.133224,0.157808,-1.82983e-11,0.193075,-0.130621,1.33575e-11
7.005,0.373468,0.0344665,0.244977,-0.113289,-0.0522251,-0.12221,0.555108,0.117512,-8.48223e-12,0.550139,-0.165329,0.0775207,0.133224,0.157808,-1.82983e-11,0.193075,-0.130621,1.33575e-11
7.006,0.37348,0.0341893,0.244889,-0.112115,-0.0519907,-0.122429,0.555108,0.117512,-8.48223e-12,0.550348,-0.165304,0.0772031,0.133224,0.157808,-1.82983e-11,0.193075,-0.130621,1.33575e-11
7.007,0.373491,0.0339125,0.2448,-0.110954,-0.0517499,-0.122633,0.555108,0.117512,-8.48223e-12,0.550555,-0.165278,0.0768839,0.133224,0.157808,-1.82983e-11,0.193075,-0.130621,1.33575e-11
7.008,0.373502,0.033636,0.244711,-0.109807,-0.0515028,-0.122821,0.555108,0.117512,-8.48223e-12,0.550762,-0.165252,0.0765631,0.133224,0.157808,-1.82983e-11,0.193075,-0.130621,1.33575e-11
7.009,0.373512,0.0333598,0.244622,-0.108673,-0.0512494,-0.122994,0.555108,0.117512,-8.48223e-12,0.550967,-0.165227,0.0762406,0.133224,0.157808,-1.82983e-11,0.193075,-0.130621,1.33575e-11
7.01,0.373522,0.0330839,0.244532,-0.107553,-0.0509897,-0.123151,0.555108,0.117512,-8.48223e-12,0.551172,-0.165202,0.0759166,0.133224,0.157808,-1.82983e-11,0.193075,-0.130621,1.33575e-11
7.011,0.373532,0.0328084,0.244442,-0.106447,-0.0507238,-0.123293,0.555108,0.117512,-8.48223e-12,0.551375,-0.165177,0.075591,0.133224,0.157808,-1.82983e-11,0.193075,-0.130621,1.33575e-11
7.012,0.373542,0.0325332,0.244351,-0.105353,-0.0504518,-0.123419,0.555108,0.117512,-8.48223e-12,0.551577,-0.165152,0.0752638,0.133224,0.157808,-1.82983e-11,0.193075,-0.130621,1.33575e-11
7.013,0.373551,0.0322583,0.244259,-0.104272,-0.0501735,-0.123531,0.555108,0.117512,-8.48223e-12,0.551777,-0.165127,0.0749352,0.133224,0.157808,-1.82983e-11,0.193075,-0.130621,1.33575e-11
7.014,0.37356,0.0319838,0.244168,-0.103205,-0.0498891,-0.123627,0.555108,0.117512,-8.48223e-12,0.551977,-0.165102,0.074605,0.133224,0.157808,-1.82983e-11,0.193075,-0.130621,1.33575e-11
7.015,0.373569,0.0317096,0.244076,-0.10215,-0.0495986,-0.123709,0.555108,0.117512,-8.48223e-12,0.552175,-0.165078,0.0742733,0.133224,0.157808,-1.82983e-11,0.193075,-0.130621,1.33575e-11
7.016,0.373577,0.0314357,0.243983,-0.101108,-0.049302,-0.123776,0.555108,0.117512,-8.48223e-12,0.552372,-0.165054,0.0739402,0.133224,0.157808,-1.82983e-11,0.193075,-0.130621,1.33575e-11
7.017,0.373585,0.0311622,0.24389,-0.100078,-0.0489993,-0.123829,0.555108,0.117512,-8.48223e-12,0.552568,-0.16503,0.0736056,0.133224,0.157808,-1.82983e-11,0.193075,-0.130621,1.33575e-11
7.018,0.373593,0.030889,0.243797,-0.0990608,-0.0486906,-0.123867,0.555108,0.117512,-8.48223e-12,0.552763,-0.165005,0.0732696,0.133224,0.157808,-1.82983e-11,0.193075,-0.130621,1.33575e-11
7.019,0.373601,0.0306162,0.243704,-0.0980558,-0.0483759,-0.123891,0.555108,0.117512,-8.48223e-12,0.552956,-0.164982,0.0729322,0.133224,0.157808,-1.82983e-11,0.193075,-0.130621,1.33575e-11
7.02,0.373608,0.0303437,0.24361,-0.097063,-0.0480553,-0.123901,0.555108,0.117512,-8.48223e-12,0.553149,-0.164958,0.0725934,0.133224,0.157808,-1.82983e-11,0.193075,-0.130621,1.33575e-11
7.021,0.373615,0.0300716,0.243516,-0.0960822,-0.0477286,-0.123897,0.555108,0.117512,-8.48223e-12,0.55334,-0.164934,0.0722532,0.133224,0.157808,-1.82983e-11,0.193075,-0.130621,1.33575e-11
7.022,0.373622,0.0297997,0.243421,-0.0951133,-0.0473961,-0.123879,0.555108,0.117512,-8.48223e-12,0.55353,-0.164911,0.0719117,0.133224,0.157808,-1.82983e-11,0.193075,-0.130621,1.33575e-11
7.023,0.373628,0.0295283,0.243327,-0.0941561,-0.0470576,-0.123847,0.555108,0.117512,-8.48223e-12,0.553719,-0.164887,0.0715689,0.133224,0.157808,-1.82983e-11,0.193075,-0.130621,1.33575e-11
7.024,0.373635,0.0292572,0.243232,-0.0932106,-0.0467133,-0.123801,0.555108,0.117512,-8.48223e-12,0.553907,-0.164864,0.0712248,0.133224,0.157808,-1.82983e-11,0.193075,-0.130621,1.33575e-11
7.025,0.373641,0.0289864,0.243136,-0.0922766,-0.0463632,-0.123742,0.555108,0.117512,-8.48223e-12,0.554094,-0.164841,0.0708795,0.133224,0.157808,-1.82983e-11,0.193075,-0.130621,1.33575e-11
7.026,0.373646,0.028716,0.243041,-0.091354,-0.0460072,-0.12367,0.555108,0.117512,-8.48223e-12,0.554279,-0.164818,0.0705328,0.133224,0.157808,-1.82983e-11,0.193075,-0.130621,1.33575e-11
7.027,0.373652,0.0284459,0.242945,-0.0904426,-0.0456455,-0.123585,0.555108,0.117512,-8.48223e-12,0.554463,-0.164796,0.070185,0.133224,0.157808,-1.82983e-11,0.193075,-0.130621,1.33575e-11
7.028,0.373657,0.0281762,0.242849,-0.0895424,-0.045278,-0.123486,0.555108,0.117512,-8.48223e-12,0.554647,-0.164773,0.0698359,0.133224,0.157808,-1.82983e-11,0.193075,-0.130621,1.33575e-11
7.029,0.373662,0.0279068,0.242753,-0.0886531,-0.0449048,-0.123374,0.555108,0.117512,-8.48223e-12,0.554829,-0.16475,0.0694857,0.133224,0.157808,-1.82983e-11,0.193075,-0.130621,1.33575e-11
7.03,0.373666,0.0276378,0.242656,-0.0877747,-0.0445258,-0.12325,0.555108,0.117512,-8.48223e-12,0.55501,-0.164728,0.0691342,0.133224,0.157808,-1.82983e-11,0.193075,-0.130621,1.33575e-11
7.031,0.373671,0.0273691,0.24256,-0.0869071,-0.0441412,-0.123112,0.555108,0.117512,-8.48223e-12,0.55519,-0.164706,0.0687816,0.133224,0.157808,-1.82983e-11,0.193075,-0.130621,1.33575e-11
7.032,0.373675,0.0271008,0.242463,-0.0860501,-0.043751,-0.122963,0.555108,0.117512,-8.48223e-12,0.555368,-0.164684,0.0684279,0.133224,0.157808,-1.82983e-11,0.193075,-0.130621,1.33575e-11
7.033,0.373679,0.0268328,0.242366,-0.0852035,-0.0433551,-0.1228,0.555108,0.117512,-8.48223e-12,0.555546,-0.164662,0.0680731,0.133224,0.157808,-1.82983e-11,0.193075,-0.130621,1.33575e-11
7.034,0.373682,0.0265652,0.242269,-0.0843673,-0.0429537,-0.122626,0.555108,0.117512,-8.48223e-12,0.555722,-0.16464,0.0677172,0.133224,0.157808,-1.82983e-11,0.193075,-0.130621,1.33575e-11
7.035,0.373686,0.026298,0.242171,-0.0835413,-0.0425467,-0.122439,0.555108,0.117512,-8.48223e-12,0.555898,-0.164619,0.0673603,0.133224,0.157808,-1.82983e-11,0.193075,-0.130621,1.33575e-11
7.036,0.373689,0.0260311,0.242074,-0.0827254,-0.0421342,-0.12224,0.555108,0.117512,-8.48223e-12,0.556072,-0.164597,0.0670022,0.133224,0.157808,-1.82983e-11,0.193075,-0.130621,1.33575e-11
7.037,0.373692,0.0257645,0.241976,-0.0819195,-0.0417161,-0.122029,0.555108,0.117512,-8.48223e-12,0.556245,-0.164576,0.0666432,0.133224,0.157808,-1.82983e-11,0.193075,-0.130621,1.33575e-11
7.038,0.373694,0.0254984,0.241879,-0.0811235,-0.0412926,-0.121807,0.555108,0.117512,-8.48223e-12,0.556417,-0.164554,0.0662832,0.133224,0.157808,-1.82983e-11,0.193075,-0.130621,1.33575e-11
7.039,0.373697,0.0252326,0.241781,-0.0803371,-0.0408636,-0.121572,0.555108,0.117512,-8.48223e-12,0.556588,-0.164533,0.0659222,0.133224,0.157808,-1.82983e-11,0.193075,-0.130621,1.33575e-11
7.04,0.373699,0.0249671,0.241683,-0.0795603,-0.0404292,-0.121327,0.555108,0.117512,-8.48223e-12,0.556758,-0.164512,0.0655602,0.133224,0.157808,-1.82983e-11,0.193075,-0.130621,1.33575e-11
7.041,0.373701,0.024702,0.241585,-0.078793,-0.0399894,-0.121069,0.555108,0.117512,-8.48223e-12,0.556927,-0.164492,0.0651973,0.133224,0.157808,-1.82983e-11,0.193075,-0.130621,1.33575e-11
7.042,0.373702,0.0244373,0.241488,-0.078035,-0.0395443,-0.120801,0.555108,0.117512,-8.48223e-12,0.557094,-0.164471,0.0648335,0.133224,0.157808,-1.82983e-11,0.193075,-0.130621,1.33575e-11
7.043,0.373704,0.024173,0.24139,-0.0772863,-0.0390938,-0.120521,0.555108,0.117512,-8.48223e-12,0.557261,-0.16445,0.0644687,0.133224,0.157808,-1.82983e-11,0.193075,-0.130621,1.33575e-11
7.044,0.373705,0.023909,0.241292,-0.0765465,-0.038638,-0.12023,0.555108,0.117512,-8.48223e-12,0.557426,-0.16443,0.0641031,0.133224,0.157808,-1.82983e-11,0.193075,-0.130621,1.33575e-11
7.045,0.373706,0.0236454,0.241194,-0.0758158,-0.0381769,-0.119929,0.555108,0.117512,-8.48223e-12,0.557591,-0.16441,0.0637367,0.133224,0.157808,-1.82983e-11,0.193075,-0.130621,1.33575e-11
7.046,0.373707,0.0233821,0.241096,-0.0750938,-0.0377106,-0.119616,0.555108,0.117512,-8.48223e-12,0.557754,-0.164389,0.0633694,0.133224,0.157808,-1.82983e-11,0.193075,-0.130621,1.33575e-11
7.047,0.373708,0.0231192,0.240998,-0.0743805,-0.037239,-0.119293,0.555108,0.117512,-8.48223e-12,0.557916,-0.164369,0.0630013,0.133224,0.157808,-1.82983e-11,0.193075,-0.130621,1.33575e-11
7.048,0.373708,0.0228567,0.2409,-0.0736758,-0.0367623,-0.11896,0.555108,0.117512,-8.48223e-12,0.558077,-0.16435,0.0626324,0.133224,0.157808,-1.82983e-11,0.193075,-0.130621,1.33575e-11
7.049,0.373708,0.0225946,0.240802,-0.0729796,-0.0362803,-0.118616,0.555108,0.117512,-8.48223e-12,0.558237,-0.16433,0.0622628,0.133224,0.157808,-1.82983e-11,0.193075,-0.130621,1.33575e-11
7.05,0.373708,0.0223328,0.240704,-0.0722916,-0.0357932,-0.118262,0.555108,0.117512,-8.48223e-12,0.558396,-0.16431,0.0618924,0.133224,0.157808,-1.82983e-11,0.193075,-0.130621,1.33575e-11
7.051,0.373708,0.0220714,0.240606,-0.0716118,-0.035301,-0.117898,0.555108,0.117512,-8.48223e-12,0.558554,-0.164291,0.0615212,0.133224,0.157808,-1.82983e-11,0.193075,-0.130621,1.33575e-11
7.052,0.373707,0.0218104,0.240508,-0.07094,-0.0348038,-0.117523,0.555108,0.117512,-8.48223e-12,0.558711,-0.164271,0.0611494,0.133224,0.157808,-1.82983e-11,0.193075,-0.130621,1.33575e-11
7.053,0.373707,0.0215498,0.24041,-0.0702762,-0.0343014,-0.117139,0.555108,0.117512,-8.48223e-12,0.558867,-0.164252,0.0607769,0.133224,0.157808,-1.82983e-11,0.193075,-0.130621,1.33575e-11
7.054,0.373706,0.0212895,0.240313,-0.0696201,-0.033794,-0.116745,0.555108,0.117512,-8.48223e-12,0.559022,-0.164233,0.0604037,0.133224,0.157808,-1.82983e-11,0.193075,-0.130621,1.33575e-11
7.055,0.373705,0.0210297,0.240215,-0.0689717,-0.0332817,-0.116342,0.555108,0.117512,-8.48223e-12,0.559175,-0.164214,0.0600298,0.133224,0.157808,-1.82983e-11,0.193075,-0.130621,1.33575e-11
7.056,0.373703,0.0207702,0.240118,-0.0683309,-0.0327643,-0.115929,0.555108,0.117512,-8.48223e-12,0.559328,-0.164195,0.0596554,0.133224,0.157808,-1.82983e-11,0.193075,-0.130621,1.33575e-11
7.057,0.373702,0.020511,0.24002,-0.0676974,-0.032242,-0.115507,0.555108,0.117512,-8.48223e-12,0.55948,-0.164176,0.0592803,0.133224,0.157808,-1.82983e-11,0.193075,-0.130621,1.33575e-11
7.058,0.3737,0.0202523,0.239923,-0.0670713,-0.0317148,-0.115075,0.555108,0.117512,-8.48223e-12,0.55963,-0.164158,0.0589047,0.133224,0.157808,-1.82983e-11,0.193075,-0.130621,1.33575e-11
7.059,0.373698,0.0199939,0.239826,-0.0664522,-0.0311827,-0.114635,0.555108,0.117512,-8.48223e-12,0.55978,-0.164139,0.0585285,0.133224,0.157808,-1.82983e-11,0.193075,-0.130621,1.33575e-11
7.06,0.373696,0.019736,0.23973,-0.0658402,-0.0306457,-0.114185,0.555108,0.117512,-8.48223e-12,0.559928,-0.164121,0.0581517,0.133224,0.157808,-1.82983e-11,0.193075,-0.130621,1.33575e-11
7.061,0.373694,0.0194784,0.239633,-0.0652351,-0.0301039,-0.113727,0.555108,0.117512,-8.48223e-12,0.560076,-0.164103,0.0577745,0.133224,0.157808,-1.82983e-11,0.193075,-0.130621,1.33575e-11
7.062,0.373691,0.0192212,0.239537,-0.0646367,-0.0295572,-0.11326,0.555108,0.117512,-8.48223e-12,0.560222,-0.164085,0.0573967,0.133224,0.157808,-1.82983e-11,0.193075,-0.130621,1.33575e-11
7.063,0.373689,0.0189644,0.23944,-0.064045,-0.0290058,-0.112784,0.555108,0.117512,-8.48223e-12,0.560368,-0.164067,0.0570185,0.133224,0.157808,-1.82983e-11,0.193075,-0.130621,1.33575e-11
7.064,0.373686,0.018708,0.239344,-0.0634598,-0.0284496,-0.1123,0.555108,0.117512,-8.48223e-12,0.560512,-0.164049,0.0566398,0.133224,0.157808,-1.82983e-11,0.193075,-0.130621,1.33575e-11
7.065,0.373683,0.0184519,0.239249,-0.062881,-0.0278887,-0.111808,0.555108,0.117512,-8.48223e-12,0.560655,-0.164031,0.0562607,0.133224,0.157808,-1.82983e-11,0.193075,-0.130621,1.33575e-11
7.066,0.37368,0.0181963,0.239153,-0.0623084,-0.0273231,-0.111307,0.555108,0.117512,-8.48223e-12,0.560798,-0.164014,0.0558812,0.133224,0.157808,-1.82983e-11,0.193075,-0.130621,1.33575e-11
7.067,0.373676,0.017941,0.239058,-0.0617419,-0.0267529,-0.110799,0.555108,0.117512,-8.48223e-12,0.560939,-0.163996,0.0555013,0.133224,0.157808,-1.82983e-11,0.193075,-0.130621,1.33575e-11
7.068,0.373673,0.0176862,0.238963,-0.0611815,-0.026178,-0.110283,0.555108,0.117512,-8.48223e-12,0.561079,-0.163979,0.055121,0.133224,0.157808,-1.82983e-11,0.193075,-0.130621,1.33575e-11
7.069,0.373669,0.0174317,0.238868,-0.0606269,-0.0255984,-0.109758,0.555108,0.117512,-8.48223e-12,0.561219,-0.163962,0.0547403,0.133224,0.157808,-1.82983e-11,0.193075,-0.130621,1.33575e-11
7.07,0.373665,0.0171776,0.238774,-0.060078,-0.0250143,-0.109226,0.555108,0.117512,-8.48223e-12,0.561357,-0.163945,0.0543594,0.133224,0.157808,-1.82983e-11,0.193075,-0.130621,1.33575e-11
7.071,0.373661,0.0169239,0.23868,-0.0595348,-0.0244257,-0.108687,0.555108,0.117512,-8.48223e-12,0.561494,-0.163928,0.0539781,0.133224,0.157808,-1.82983e-11,0.193075,-0.130621,1.33575e-11
7.072,0.373657,0.0166707,0.238586,-0.058997,-0.0238324,-0.10814,0.555108,0.117512,-8.48223e-12,0.561631,-0.163911,0.0535965,0.133224,0.157808,-1.82983e-11,0.193075,-0.130621,1.33575e-11
7.073,0.373653,0.0164178,0.238492,-0.0584646,-0.0232347,-0.107586,0.555108,0.117512,-8.48223e-12,0.561766,-0.163894,0.0532147,0.133224,0.157808,-1.82983e-11,0.193075,-0.130621,1.33575e-11
7.074,0.373648,0.0161653,0.238399,-0.0579374,-0.0226326,-0.107025,0.555108,0.117512,-8.48223e-12,0.5619,-0.163878,0.0528327,0.133224,0.157808,-1.82983e-11,0.193075,-0.130621,1.33575e-11
7.075,0.373644,0.0159132,0.238306,-0.0574153,-0.0220259,-0.106457,0.555108,0.117512,-8.48223e-12,0.562034,-0.163861,0.0524504,0.133224,0.157808,-1.82983e-11,0.193075,-0.130621,1.33575e-11
7.076,0.373639,0.0156615,0.238214,-0.0568981,-0.0214149,-0.105882,0.555108,0.117512,-8.48223e-12,0.562166,-0.163845,0.0520679,0.133224,0.157808,-1.82983e-11,0.193075,-0.130621,1.33575e-11
7.077,0.373634,0.0154102,0.238122,-0.0563859,-0.0207994,-0.1053,0.555108,0.117512,-8.48223e-12,0.562297,-0.163829,0.0516852,0.133224,0.157808,-1.82983e-11,0.193075,-0.130621,1.33575e-11
7.078,0.373629,0.0151594,0.23803,-0.0558783,-0.0201796,-0.104712,0.555108,0.117512,-8.48223e-12,0.562428,-0.163813,0.0513024,0.133224,0.157808,-1.82983e-11,0.193075,-0.130621,1.33575e-11
7.079,0.373623,0.0149089,0.237939,-0.0553753,-0.0195555,-0.104117,0.555108,0.117512,-8.48223e-12,0.562557,-0.163797,0.0509194,0.133224,0.157808,-1.82983e-11,0.193075,-0.130621,1.33575e-11
7.08,0.373618,0.0146588,0.237848,-0.0548767,-0.018927,-0.103516,0.555108,0.117512,-8.48223e-12,0.562686,-0.163781,0.0505363,0.133224,0.157808,-1.82983e-11,0.193075,-0.130621,1.33575e-11
7.081,0.373612,0.0144092,0.237758,-0.0543825,-0.0182943,-0.102908,0.555108,0.117512,-8.48223e-12,0.562813,-0.163765,0.0501531,0.133224,0.157808,5.62168e-08,0.193075,-0.130621,1.33575e-11
7.082,0.373607,0.0141599,0.237668,-0.0538925,-0.0176573,-0.102295,0.555108,0.117512,-8.48223e-12,0.56294,-0.163749,0.0497699,0.133224,0.157808,2.89815e-06,0.193075,-0.130621,1.33575e-11
7.083,0.373601,0.0139111,0.237579,-0.0534066,-0.017016,-0.101675,0.555108,0.117512,-8.48223e-12,0.563065,-0.163734,0.0493866,0.133225,0.157808,1.00178e-05,0.193075,-0.130621,1.33575e-11
7.084,0.373595,0.0136626,0.23749,-0.0529246,-0.0163706,-0.10105,0.555108,0.117512,-8.48223e-12,0.56319,-0.163719,0.0490032,0.133226,0.157808,2.13927e-05,0.193075,-0.130621,1.33575e-11
7.085,0.373589,0.0134146,0.237401,-0.0524464,-0.015721,-0.100419,0.555108,0.117512,-8.48223e-12,0.563313,-0.163703,0.0486199,0.133227,0.157808,3.70002e-05,0.193075,-0.130621,1.33575e-11
7.086,0.373583,0.013167,0.237313,-0.0519719,-0.0150673,-0.0997823,0.555108,0.117512,-8.48223e-12,0.563436,-0.163688,0.0482365,0.133229,0.157808,5.68178e-05,0.193075,-0.130621,1.33575e-11
7.087,0.373576,0.0129198,0.237225,-0.0515009,-0.0144094,-0.0991403,0.555108,0.117512,-8.48223e-12,0.563558,-0.163673,0.0478532,0.133232,0.157808,8.08229e-05,0.193075,-0.130621,1.33575e-11
7.088,0.37357,0.012673,0.237138,-0.0510334,-0.0137475,-0.0984929,0.555108,0.117512,-8.48223e-12,0.563679,-0.163658,0.0474699,0.133234,0.157808,0.000108993,0.193075,-0.130621,1.33575e-11
7.089,0.373563,0.0124266,0.237052,-0.0505692,-0.0130815,-0.0978404,0.555108,0.117512,-8.48223e-12,0.563799,-0.163643,0.0470868,0.133238,0.157808,0.000141306,0.193075,-0.130621,1.33575e-11
7.09,0.373556,0.0121806,0.236966,-0.0501082,-0.0124115,-0.0971828,0.555108,0.117512,-8.48223e-12,0.563917,-0.163629,0.0467036,0.133241,0.157808,0.000177738,0.193075,-0.130621,1.33575e-11
7.091,0.373549,0.0119351,0.236881,-0.0496502,-0.0117374,-0.0965203,0.555108,0.117512,-8.48223e-12,0.564035,-0.163614,0.0463207,0.133245,0.157808,0.000218268,0.193075,-0.130621,1.33575e-11
7.092,0.373542,0.01169,0.236796,-0.0491951,-0.0110594,-0.095853,0.555108,0.117512,-8.48223e-12,0.564152,-0.1636,0.0459378,0.13325,0.157808,0.000262872,0.193075,-0.130621,1.33575e-11
7.093,0.373535,0.0114453,0.236712,-0.0487428,-0.0103775,-0.095181,0.555108,0.117512,-8.48223e-12,0.564269,-0.163585,0.0455551,0.133255,0.157807,0.000311529,0.193075,-0.130621,1.33575e-11
7.094,0.373528,0.011201,0.236628,-0.0482932,-0.0096916,-0.0945046,0.555108,0.117512,-8.48223e-12,0.564384,-0.163571,0.0451726,0.133261,0.157807,0.000364216,0.193075,-0.130621,1.33575e-11
7.095,0.373521,0.0109571,0.236545,-0.0478461,-0.00900184,-0.0938237,0.555108,0.117512,-8.48223e-12,0.564498,-0.163557,0.0447903,0.133267,0.157807,0.000420909,0.193075,-0.130621,1.33575e-11
7.096,0.373513,0.0107137,0.236462,-0.0474014,-0.0083082,-0.0931385,0.555108,0.117512,-8.48223e-12,0.564611,-0.163543,0.0444082,0.133273,0.157807,0.000481588,0.193075,-0.130621,1.33575e-11
7.097,0.373506,0.0104707,0.236381,-0.046959,-0.00761073,-0.0924492,0.555108,0.117512,-8.48223e-12,0.564724,-0.163529,0.0440263,0.13328,0.157807,0.000546228,0.193075,-0.130621,1.33575e-11
7.098,0.373498,0.0102281,0.236299,-0.0465187,-0.00690945,-0.0917558,0.555108,0.117512,-8.48223e-12,0.564835,-0.163516,0.0436447,0.133287,0.157807,0.000614808,0.193075,-0.130621,1.33575e-11
7.099,0.37349,0.0099859,0.236219,-0.0460804,-0.00620439,-0.0910586,0.555108,0.117512,-8.48223e-12,0.564946,-0.163502,0.0432634,0.133295,0.157807,0.000687304,0.193075,-0.130621,1.33575e-11
7.1,0.373482,0.00974416,0.236139,-0.0456441,-0.00549557,-0.0903577,0.555108,0.117512,-8.48223e-12,0.565056,-0.163488,0.0428824,0.133303,0.157807,0.000763696,0.193075,-0.130621,1.33575e-11
7.101,0.373474,0.00950284,0.23606,-0.0452095,-0.00478304,-0.0896531,0.555108,0.117512,-8.48223e-12,0.565164,-0.163475,0.0425017,0.133312,0.157807,0.000843959,0.193075,-0.130621,1.33575e-11
7.102,0.373466,0.00926195,0.235982,-0.0447765,-0.00406685,-0.0889449,0.555108,0.117512,-8.48223e-12,0.565272,-0.163462,0.0421213,0.133322,0.157807,0.000928071,0.193075,-0.130621,1.33575e-11
7.103,0.373458,0.00902147,0.235904,-0.0443451,-0.00334707,-0.0882334,0.555108,0.117512,-8.48223e-12,0.565379,-0.163448,0.0417414,0.133331,0.157806,0.00101601,0.193075,-0.130621,1.33575e-11
7.104,0.37345,0.00878141,0.235827,-0.0439152,-0.00262379,-0.0875185,0.555108,0.117512,-8.48223e-12,0.565485,-0.163435,0.0413618,0.133342,0.157806,0.00110775,0.193075,-0.130621,1.33575e-11
7.105,0.373441,0.00854176,0.23575,-0.0434866,-0.00189706,-0.0868004,0.555108,0.117512,-8.48223e-12,0.565591,-0.163422,0.0409826,0.133352,0.157806,0.00120328,0.193075,-0.130621,1.33575e-11
7.106,0.373433,0.00830251,0.235675,-0.0430592,-0.00116695,-0.0860791,0.555108,0.117512,-8.48223e-12,0.565695,-0.163409,0.0406038,0.133364,0.157806,0.00130256,0.193075,-0.130621,1.33575e-11
7.107,0.373424,0.00806366,0.2356,-0.042633,-0.000433548,-0.0853548,0.555108,0.117512,-8.48223e-12,0.565798,-0.163397,0.0402255,0.133375,0.157806,0.00140558,0.193075,-0.130621,1.33575e-11
7.108,0.373416,0.0078252,0.235525,-0.0422077,0.000303087,-0.0846276,0.555108,0.117512,-8.48223e-12,0.565901,-0.163384,0.0398477,0.133388,0.157806,0.00151232,0.193075,-0.130621,1.33575e-11
7.109,0.373407,0.00758714,0.235452,-0.0417834,0.00104288,-0.0838975,0.555108,0.117512,-8.48223e-12,0.566003,-0.163371,0.0394704,0.133401,0.157806,0.00162274,0.193075,-0.130621,1.33575e-11
7.11,0.373398,0.00734946,0.235379,-0.0413599,0.00178577,-0.0831647,0.555108,0.117512,-8.48223e-12,0.566103,-0.163359,0.0390935,0.133414,0.157805,0.00173684,0.193075,-0.130621,1.33575e-11
7.111,0.373389,0.00711216,0.235307,-0.0409371,0.00253167,-0.0824293,0.555108,0.117512,-8.48223e-12,0.566203,-0.163347,0.0387173,0.133428,0.157805,0.00185458,0.193075,-0.130621,1.33575e-11
7.112,0.37338,0.00687523,0.235236,-0.0405149,0.00328052,-0.0816912,0.555108,0.117512,-8.48223e-12,0.566302,-0.163334,0.0383415,0.133442,0.157805,0.00197594,0.193075,-0.130621,1.33575e-11
7.113,0.373371,0.00663868,0.235165,-0.0400932,0.00403225,-0.0809508,0.555108,0.117512,-8.48223e-12,0.566401,-0.163322,0.0379664,0.133457,0.157805,0.00210091,0.193075,-0.130621,1.33575e-11
7.114,0.373362,0.0064025,0.235095,-0.0396719,0.00478678,-0.0802079,0.555108,0.117512,-8.48223e-12,0.566498,-0.16331,0.0375918,0.133473,0.157805,0.00222946,0.193075,-0.130621,1.33575e-11
7.115,0.373353,0.00616667,0.235026,-0.0392509,0.00554405,-0.0794629,0.555108,0.117512,-8.48223e-12,0.566594,-0.163298,0.0372179,0.133489,0.157804,0.00236156,0.193075,-0.130621,1.33575e-11
7.116,0.373343,0.0059312,0.234958,-0.03883,0.00630398,-0.0787156,0.555108,0.117512,-8.48223e-12,0.56669,-0.163287,0.0368446,0.133505,0.157804,0.00249719,0.193075,-0.130621,1.33575e-11
7.117,0.373334,0.00569609,0.23489,-0.0384092,0.00706651,-0.0779663,0.555108,0.117512,-8.48223e-12,0.566785,-0.163275,0.0364719,0.133522,0.157804,0.00263634,0.193075,-0.130621,1.33575e-11
7.118,0.373324,0.00546132,0.234823,-0.0379884,0.00783156,-0.077215,0.555108,0.117512,-8.48223e-12,0.566879,-0.163263,0.0361,0.13354,0.157804,0.00277897,0.193075,-0.130621,1.33575e-11
7.119,0.373315,0.0052269,0.234757,-0.0375674,0.00859907,-0.0764619,0.555108,0.117512,-8.48223e-12,0.566972,-0.163252,0.0357287,0.133558,0.157803,0.00292507,0.193075,-0.130621,1.33575e-11
7.12,0.373305,0.00499281,0.234692,-0.0371462,0.00936895,-0.075707,0.555108,0.117512,-8.48223e-12,0.567064,-0.16324,0.0353582,0.133577,0.157803,0.00307462,0.193075,-0.130621,1.33575e-11
7.121,0.373295,0.00475906,0.234628,-0.0367246,0.0101412,-0.0749504,0.555108,0.117512,-8.48223e-12,0.567155,-0.163229,0.0349884,0.133596,0.157803,0.00322758,0.193075,-0.130621,1.33575e-11
7.122,0.373285,0.00452563,0.234564,-0.0363026,0.0109156,-0.0741923,0.555108,0.117512,-8.48223e-12,0.567246,-0.163218,0.0346194,0.133616,0.157803,0.00338394,0.193075,-0.130621,1.33575e-11
7.123,0.373275,0.00429253,0.234501,-0.03588,0.0116922,-0.0734326,0.555108,0.117512,-8.48223e-12,0.567336,-0.163207,0.0342512,0.133636,0.157802,0.00354368,0.193075,-0.130621,1.33575e-11
7.124,0.373265,0.00405975,0.234439,-0.0354567,0.0124709,-0.0726716,0.555108,0.117512,-8.48223e-12,0.567424,-0.163196,0.0338838,0.133657,0.157802,0.00370677,0.193075,-0.130621,1.33575e-11
7.125,0.373255,0.00382729,0.234378,-0.0350326,0.0132516,-0.0719093,0.555108,0.117512,-8.48223e-12,0.567512,-0.163185,0.0335172,0.133679,0.157802,0.0038732,0.193075,-0.130621,1.33575e-11
7.126,0.373245,0.00359513,0.234317,-0.0346077,0.0140343,-0.0711459,0.555108,0.117512,-8.48223e-12,0.5676,-0.163174,0.0331514,0.133701,0.157802,0.00404293,0.193075,-0.130621,1.33575e-11
7.127,0.373235,0.00336328,0.234258,-0.0341818,0.0148189,-0.0703813,0.555108,0.117512,-8.48223e-12,0.567686,-0.163164,0.0327866,0.133724,0.157801,0.00421594,0.193075,-0.130621,1.33575e-11
7.128,0.373225,0.00313173,0.234199,-0.0337547,0.0156053,-0.0696157,0.555108,0.117512,-8.48223e-12,0.567772,-0.163153,0.0324226,0.133747,0.157801,0.00439222,0.193075,-0.130621,1.33575e-11
7.129,0.373214,0.00290048,0.234141,-0.0333265,0.0163934,-0.0688493,0.555108,0.117512,-8.48223e-12,0.567857,-0.163143,0.0320595,0.133771,0.157801,0.00457174,0.193075,-0.130621,1.33575e-11
7.13,0.373204,0.00266952,0.234084,-0.032897,0.0171833,-0.068082,0.555108,0.117512,-8.48223e-12,0.56794,-0.163132,0.0316974,0.133796,0.1578,0.00475448,0.193075,-0.130621,1.33575e-11
7.131,0.373193,0.00243884,0.234028,-0.032466,0.0179747,-0.0673141,0.555108,0.117512,-8.48223e-12,0.568024,-0.163122,0.0313363,0.133821,0.1578,0.00494041,0.193075,-0.130621,1.33575e-11
7.132,0.373183,0.00220845,0.233972,-0.0320336,0.0187676,-0.0665456,0.555108,0.117512,-8.48223e-12,0.568106,-0.163112,0.0309761,0.133846,0.1578,0.00512952,0.193075,-0.130621,1.33575e-11
7.133,0.373172,0.00197833,0.233918,-0.0315995,0.019562,-0.0657765,0.555108,0.117512,-8.48223e-12,0.568188,-0.163102,0.0306169,0.133873,0.157799,0.00532178,0.193075,-0.130621,1.33575e-11
7.134,0.373161,0.00174849,0.233864,-0.0311637,0.0203578,-0.0650071,0.555108,0.117512,-8.48223e-12,0.568268,-0.163092,0.0302587,0.1339,0.157799,0.00551716,0.193075,-0.130621,1.33575e-11
7.135,0.373151,0.00151891,0.233811,-0.030726,0.021155,-0.0642373,0.555108,0.117512,-8.48223e-12,0.568348,-0.163082,0.0299016,0.133927,0.157799,0.00571565,0.193075,-0.130621,1.33575e-11
7.136,0.37314,0.0012896,0.233759,-0.0302864,0.0219533,-0.0634674,0.555108,0.117512,-8.48223e-12,0.568427,-0.163072,0.0295455,0.133956,0.157798,0.00591722,0.193075,-0.130621,1.33575e-11
7.137,0.373129,0.00106054,0.233708,-0.0298448,0.0227529,-0.0626973,0.555108,0.117512,-8.48223e-12,0.568506,-0.163063,0.0291905,0.133984,0.157798,0.00612185,0.193075,-0.130621,1.33575e-11
7.138,0.373118,0.000831744,0.233658,-0.029401,0.0235535,-0.0619272,0.555108,0.117512,-8.48223e-12,0.568583,-0.163053,0.0288366,0.134014,0.157798,0.00632952,0.193075,-0.130621,1.33575e-11
7.139,0.373107,0.000603192,0.233608,-0.0289549,0.0243552,-0.0611572,0.555108,0.117512,-8.48223e-12,0.56866,-0.163043,0.0284838,0.134044,0.157797,0.00654021,0.193075,-0.130621,1.33575e-11
7.14,0.373096,0.000374884,0.23356,-0.0285065,0.0251579,-0.0603874,0.555108,0.117512,-8.48223e-12,0.568736,-0.163034,0.0281322,0.134075,0.157797,0.00675388,0.193075,-0.130621,1.33575e-11
7.141,0.373085,0.000146816,0.233512,-0.0280556,0.0259615,-0.0596179,0.555108,0.117512,-8.48223e-12,0.568811,-0.163025,0.0277818,0.134106,0.157796,0.00697053,0.193075,-0.130621,1.33575e-11
7.142,0.373073,-8.1017e-05,0.233466,-0.0276021,0.0267659,-0.0588487,0.555108,0.117512,-8.48223e-12,0.568886,-0.163016,0.0274325,0.134138,0.157796,0.00719012,0.193075,-0.130621,1.33575e-11
7.143,0.373062,-0.00030862,0.23342,-0.0271459,0.027571,-0.05808,0.555108,0.117512,-8.48223e-12,0.56896,-0.163007,0.0270845,0.13417,0.157795,0.00741264,0.193075,-0.130621,1.33575e-11
7.144,0.373051,-0.000535997,0.233375,-0.026687,0.0283768,-0.0573119,0.555108,0.117512,-8.48223e-12,0.569033,-0.162998,0.0267376,0.134204,0.157795,0.00763806,0.193075,-0.130621,1.33575e-11
7.145,0.37304,-0.000763154,0.233331,-0.0262252,0.0291833,-0.0565445,0.555108,0.117512,-8.48223e-12,0.569105,-0.162989,0.026392,0.134238,0.157795,0.00786636,0.193075,-0.130621,1.33575e-11
7.146,0.373028,-0.000990094,0.233288,-0.0257603,0.0299903,-0.0557778,0.555108,0.117512,-8.48223e-12,0.569176,-0.16298,0.0260477,0.134272,0.157794,0.00809752,0.193075,-0.130621,1.33575e-11
7.147,0.373017,-0.00121682,0.233246,-0.0252924,0.0307977,-0.055012,0.555108,0.117512,-8.48223e-12,0.569247,-0.162971,0.0257047,0.134308,0.157794,0.00833151,0.193075,-0.130621,1.33575e-11
7.148,0.373005,-0.00144334,0.233205,-0.0248212,0.0316056,-0.0542471,0.555108,0.117512,-8.48223e-12,0.569317,-0.162962,0.025363,0.134343,0.157793,0.00856832,0.193075,-0.130621,1.33575e-11
7.149,0.372994,-0.00166967,0.233164,-0.0243467,0.0324138,-0.0534834,0.555108,0.117512,-8.48223e-12,0.569386,-0.162954,0.0250227,0.13438,0.157793,0.00880791,0.193075,-0.130621,1.33575e-11
7.15,0.372982,-0.00189579,0.233125,-0.0238688,0.0332222,-0.0527207,0.555108,0.117512,-8.48223e-12,0.569454,-0.162945,0.0246837,0.134417,0.157792,0.00905027,0.193075,-0.130621,1.33575e-11
7.151,0.37297,-0.00212172,0.233087,-0.0233874,0.0340309,-0.0519593,0.555108,0.117512,-8.48223e-12,0.569522,-0.162937,0.024346,0.134455,0.157792,0.00929538,0.193075,-0.130621,1.33575e-11
7.152,0.372958,-0.00234746,0.233049,-0.0229023,0.0348396,-0.0511993,0.555108,0.117512,-8.48223e-12,0.569589,-0.162929,0.0240098,0.134494,0.157791,0.00954321,0.193075,-0.130621,1.33575e-11
7.153,0.372947,-0.00257302,0.233013,-0.0224135,0.0356484,-0.0504407,0.555108,0.117512,-8.48223e-12,0.569655,-0.162921,0.023675,0.134533,0.157791,0.00979373,0.193075,-0.130621,1.33575e-11
7.154,0.372935,-0.0027984,0.232977,-0.0219209,0.0364572,-0.0496837,0.555108,0.117512,-8.48223e-12,0.569721,-0.162913,0.0233416,0.134573,0.15779,0.0100469,0.193075,-0.130621,1.33575e-11
7.155,0.372923,-0.00302361,0.232943,-0.0214243,0.0372659,-0.0489283,0.555108,0.117512,-8.48223e-12,0.569785,-0.162905,0.0230097,0.134614,0.15779,0.0103028,0.193075,-0.130621,1.33575e-11
7.156,0.372911,-0.00324864,0.232909,-0.0209236,0.0380744,-0.0481747,0.555108,0.117512,-8.48223e-12,0.569849,-0.162897,0.0226793,0.134655,0.157789,0.0105613,0.193075,-0.130621,1.33575e-11
7.157,0.372899,-0.00347352,0.232877,-0.0204188,0.0388827,-0.0474229,0.555108,0.117512,-8.48223e-12,0.569913,-0.162889,0.0223503,0.134697,0.157789,0.0108224,0.193075,-0.130621,1.33575e-11
7.158,0.372887,-0.00369823,0.232845,-0.0199097,0.0396906,-0.046673,0.555108,0.117512,-8.48223e-12,0.569975,-0.162881,0.0220229,0.13474,0.157788,0.0110861,0.193075,-0.130621,1.33575e-11
7.159,0.372875,-0.00392279,0.232815,-0.0193962,0.0404982,-0.0459252,0.555108,0.117512,-8.48223e-12,0.570037,-0.162874,0.0216971,0.134783,0.157787,0.0113523,0.193075,-0.130621,1.33575e-11
7.16,0.372863,-0.00414719,0.232785,-0.0188782,0.0413054,-0.0451795,0.555108,0.117512,-8.48223e-12,0.570098,-0.162866,0.0213728,0.134828,0.157787,0.0116211,0.193075,-0.130621,1.33575e-11
7.161,0.372851,-0.00437146,0.232756,-0.0183557,0.042112,-0.044436,0.555108,0.117512,-8.48223e-12,0.570159,-0.162859,0.0210501,0.134873,0.157786,0.0118924,0.193075,-0.130621,1.33575e-11
7.162,0.372839,-0.00459558,0.232729,-0.0178284,0.0429181,-0.0436949,0.555108,0.117512,-8.48223e-12,0.570218,-0.162851,0.020729,0.134918,0.157786,0.0121662,0.193075,-0.130621,1.33575e-11
7.163,0.372827,-0.00481956,0.232702,-0.0172964,0.0437235,-0.0429562,0.555108,0.117512,-8.48223e-12,0.570277,-0.162844,0.0204095,0.134965,0.157785,0.0124425,0.193075,-0.130621,1.33575e-11
7.164,0.372814,-0.00504342,0.232677,-0.0167594,0.0445281,-0.04222,0.555108,0.117512,-8.48223e-12,0.570336,-0.162837,0.0200917,0.135012,0.157784,0.0127212,0.193075,-0.130621,1.33575e-11
7.165,0.372802,-0.00526714,0.232652,-0.0162175,0.045332,-0.0414864,0.555108,0.117512,-8.48223e-12,0.570393,-0.16283,0.0197755,0.13506,0.157784,0.0130024,0.193075,-0.130621,1.33575e-11
7.166,0.37279,-0.00549075,0.232629,-0.0156704,0.046135,-0.0407556,0.555108,0.117512,-8.48223e-12,0.57045,-0.162823,0.0194611,0.135108,0.157783,0.0132859,0.193075,-0.130621,1.33575e-11
7.167,0.372777,-0.00571423,0.232606,-0.0151181,0.046937,-0.0400275,0.555108,0.117512,-8.48223e-12,0.570506,-0.162816,0.0191483,0.135157,0.157783,0.0135719,0.193075,-0.130621,1.33575e-11
7.168,0.372765,-0.00593761,0.232585,-0.0145605,0.047738,-0.0393024,0.555108,0.117512,-8.48223e-12,0.570562,-0.162809,0.0188373,0.135207,0.157782,0.0138602,0.193075,-0.130621,1.33575e-11
7.169,0.372753,-0.00616087,0.232564,-0.0139974,0.048538,-0.0385803,0.555108,0.117512,-8.48223e-12,0.570617,-0.162802,0.0185281,0.135258,0.157781,0.0141509,0.193075,-0.130621,1.33575e-11
7.17,0.37274,-0.00638403,0.232545,-0.0134288,0.0493367,-0.0378613,0.555108,0.117512,-8.48223e-12,0.570671,-0.162795,0.0182206,0.13531,0.157781,0.0144438,0.193075,-0.130621,1.33575e-11
7.171,0.372728,-0.0066071,0.232527,-0.0128545,0.0501343,-0.0371455,0.555108,0.117512,-8.48223e-12,0.570724,-0.162789,0.0179149,0.135362,0.15778,0.0147391,0.193075,-0.130621,1.33575e-11
7.172,0.372715,-0.00683007,0.23251,-0.0122745,0.0509306,-0.036433,0.555108,0.117512,-8.48223e-12,0.570777,-0.162782,0.0176111,0.135415,0.157779,0.0150366,0.193075,-0.130621,1.33575e-11
7.173,0.372703,-0.00705295,0.232493,-0.0116887,0.0517255,-0.0357239,0.555108,0.117512,-8.48223e-12,0.570829,-0.162776,0.0173091,0.135469,0.157778,0.0153364,0.193075,-0.130621,1.33575e-11
7.174,0.37269,-0.00727574,0.232478,-0.0110968,0.0525189,-0.0350183,0.555108,0.117512,-8.48223e-12,0.570881,-0.162769,0.0170089,0.135523,0.157778,0.0156384,0.193075,-0.130621,1.33575e-11
7.175,0.372678,-0.00749846,0.232464,-0.0104989,0.0533109,-0.0343163,0.555108,0.117512,-8.48223e-12,0.570931,-0.162763,0.0167106,0.135579,0.157777,0.0159426,0.193075,-0.130621,1.33575e-11
7.176,0.372665,-0.0077211,0.232451,-0.00989487,0.0541012,-0.033618,0.555108,0.117512,-8.48223e-12,0.570982,-0.162757,0.0164143,0.135635,0.157776,0.016249,0.193075,-0.130621,1.33575e-11
7.177,0.372652,-0.00794367,0.23244,-0.00928451,0.0548899,-0.0329235,0.555108,0.117512,-8.48223e-12,0.571031,-0.162751,0.0161198,0.135692,0.157776,0.0165575,0.193075,-0.130621,1.33575e-11
7.178,0.37264,-0.00816617,0.232429,-0.00866777,0.0556769,-0.0322329,0.555108,0.117512,-8.48223e-12,0.57108,-0.162745,0.0158273,0.135749,0.157775,0.0168682,0.193075,-0.130621,1.33575e-11
7.179,0.372627,-0.00838862,0.232419,-0.00804453,0.0564621,-0.0315463,0.555108,0.117512,-8.48223e-12,0.571128,-0.162739,0.0155368,0.135808,0.157774,0.017181,0.193075,-0.130621,1.33575e-11
7.18,0.372615,-0.008611,0.232411,-0.0074147,0.0572455,-0.0308637,0.555108,0.117512,-8.48223e-12,0.571176,-0.162733,0.0152482,0.135867,0.157773,0.0174959,0.193075,-0.130621,1.33575e-11
7.181,0.372602,-0.00883334,0.232403,-0.00677816,0.0580269,-0.0301854,0.555108,0.117512,-8.48223e-12,0.571222,-0.162727,0.0149617,0.135927,0.157772,0.0178128,0.193075,-0.130621,1.33575e-11
7.182,0.372589,-0.00905562,0.232397,-0.0061348,0.0588063,-0.0295113,0.555108,0.117512,-8.48223e-12,0.571269,-0.162722,0.0146772,0.135988,0.157772,0.0181318,0.193075,-0.130621,1.33575e-11
7.183,0.372576,-0.00927787,0.232392,-0.00548454,0.0595836,-0.0288416,0.555108,0.117512,-8.48223e-12,0.571314,-0.162716,0.0143947,0.13605,0.157771,0.0184528,0.193075,-0.130621,1.33575e-11
7.184,0.372564,-0.00950008,0.232388,-0.00482724,0.0603588,-0.0281763,0.555108,0.117512,-8.48223e-12,0.571359,-0.16271,0.0141143,0.136112,0.15777,0.0187759,0.193075,-0.130621,1.33575e-11
7.185,0.372551,-0.00972225,0.232385,-0.00416283,0.0611318,-0.0275157,0.555108,0.117512,-8.48223e-12,0.571403,-0.162705,0.013836,0.136175,0.157769,0.0191009,0.193075,-0.130621,1.33575e-11
7.186,0.372538,-0.0099444,0.232383,-0.00349117,0.0619025,-0.0268597,0.555108,0.117512,-8.48223e-12,0.571447,-0.1627,0.0135598,0.136239,0.157768,0.0194278,0.193075,-0.130621,1.33575e-11
7.187,0.372525,-0.0101665,0.232382,-0.00281218,0.0626708,-0.0262084,0.555108,0.117512,-8.48223e-12,0.57149,-0.162694,0.0132858,0.136304,0.157767,0.0197567,0.193075,-0.130621,1.33575e-11
7.188,0.372513,-0.0103886,0.232383,-0.00212574,0.0634367,-0.0255621,0.555108,0.117512,-8.48223e-12,0.571532,-0.162689,0.0130139,0.13637,0.157767,0.0200875,0.193075,-0.130621,1.33575e-11
7.189,0.3725,-0.0106107,0.232384,-0.00143175,0.0642001,-0.0249207,0.555108,0.117512,-8.48223e-12,0.571574,-0.162684,0.0127442,0.136436,0.157766,0.0204202,0.193075,-0.130621,1.33575e-11
7.19,0.372487,-0.0108328,0.232387,-0.000730097,0.0649609,-0.0242843,0.555108,0.117512,-8.48223e-12,0.571615,-0.162679,0.0124767,0.136504,0.157765,0.0207547,0.193075,-0.130621,1.33575e-11
7.191,0.372474,-0.0110549,0.232391,-2.06837e-05,0.0657191,-0.0236532,0.555108,0.117512,-8.48223e-12,0.571656,-0.162674,0.0122114,0.136572,0.157764,0.0210911,0.193075,-0.130621,1.33575e-11
7.192,0.372461,-0.0112769,0.232396,0.000696598,0.0664746,-0.0230272,0.555108,0.117512,-8.48223e-12,0.571696,-0.162669,0.0119483,0.136641,0.157763,0.0214293,0.193075,-0.130621,1.33575e-11
7.193,0.372448,-0.011499,0.232402,0.00142186,0.0672273,-0.0224067,0.555108,0.117512,-8.48223e-12,0.571735,-0.162664,0.0116875,0.136711,0.157762,0.0217693,0.193075,-0.130621,1.33575e-11
7.194,0.372436,-0.0117211,0.23241,0.00215519,0.0679771,-0.0217915,0.555108,0.117512,-8.48223e-12,0.571774,-0.162659,0.011429,0.136782,0.157761,0.0221111,0.193075,-0.130621,1.33575e-11
7.195,0.372423,-0.0119432,0.232419,0.00289672,0.068724,-0.021182,0.555108,0.117512,-8.48223e-12,0.571812,-0.162654,0.0111728,0.136853,0.15776,0.0224547,0.193075,-0.130621,1.33575e-11
7.196,0.37241,-0.0121653,0.232428,0.00364654,0.0694679,-0.020578,0.555108,0.117512,-8.48223e-12,0.57185,-0.16265,0.0109189,0.136926,0.157759,0.0227999,0.193075,-0.130621,1.33575e-11
7.197,0.372397,-0.0123875,0.232439,0.00440475,0.0702088,-0.0199798,0.555108,0.117512,-8.48223e-12,0.571887,-0.162645,0.0106673,0.136999,0.157758,0.0231469,0.193075,-0.130621,1.33575e-11
7.198,0.372384,-0.0126097,0.232452,0.00517147,0.0709465,-0.0193875,0.555108,0.117512,-8.48223e-12,0.571923,-0.162641,0.0104181,0.137073,0.157757,0.0234955,0.193075,-0.130621,1.33575e-11
7.199,0.372371,-0.0128319,0.232465,0.0059468,0.071681,-0.0188011,0.555108,0.117512,-8.48223e-12,0.571959,-0.162636,0.0101713,0.137148,0.157756,0.0238459,0.193075,-0.130621,1.33575e-11
7.2,0.372359,-0.0130541,0.23248,0.00673085,0.0724123,-0.0182207,0.555108,0.117512,-8.48223e-12,0.571994,-0.162632,0.00992696,0.137224,0.157755,0.0241978,0.193075,-0.130621,1.33575e-11
7.201,0.372346,-0.0132764,0.232496,0.00752368,0.0731401,-0.0176464,0.555108,0.117512,-8.48223e-12,0.572028,-0.162628,0.009685,0.1373,0.157754,0.0245514,0.193075,-0.130621,1.33575e-11
7.202,0.372333,-0.0134987,0.232513,0.00832521,0.0738646,-0.0170782,0.555108,0.117512,-8.48223e-12,0.572062,-0.162624,0.00944549,0.137378,0.157753,0.0249066,0.193075,-0.130621,1.33575e-11
7.203,0.37232,-0.0137211,0.232531,0.0091353,0.0745856,-0.0165161,0.555108,0.117512,-8.48223e-12,0.572096,-0.162619,0.00920846,0.137456,0.157752,0.0252633,0.193075,-0.130621,1.33575e-11
7.204,0.372307,-0.0139435,0.23255,0.00995384,0.0753031,-0.0159598,0.555108,0.117512,-8.48223e-12,0.572129,-0.162615,0.00897391,0.137536,0.157751,0.0256216,0.193075,-0.130621,1.33575e-11
7.205,0.372294,-0.014166,0.232571,0.0107807,0.0760169,-0.0154095,0.555108,0.117512,-8.48223e-12,0.572161,-0.162611,0.00874188,0.137616,0.15775,0.0259814,0.193075,-0.130621,1.33575e-11
7.206,0.372281,-0.0143886,0.232593,0.0116157,0.0767271,-0.0148649,0.555108,0.117512,-8.48223e-12,0.572193,-0.162608,0.00851239,0.137697,0.157749,0.0263427,0.193075,-0.130621,1.33575e-11
7.207,0.372269,-0.0146112,0.232616,0.0124588,0.0774335,-0.0143261,0.555108,0.117512,-8.48223e-12,0.572224,-0.162604,0.00828545,0.137779,0.157748,0.0267055,0.193075,-0.130621,1.33575e-11
7.208,0.372256,-0.0148339,0.23264,0.0133099,0.0781361,-0.0137931,0.555108,0.117512,-8.48223e-12,0.572254,-0.1626,0.00806108,0.137862,0.157747,0.0270698,0.193075,-0.130621,1.33575e-11
7.209,0.372243,-0.0150566,0.232665,0.0141687,0.0788348,-0.0132656,0.555108,0.117512,-8.48223e-12,0.572284,-0.162596,0.00783931,0.137946,0.157746,0.0274355,0.193075,-0.130621,1.33575e-11
7.21,0.37223,-0.0152794,0.232691,0.0150353,0.0795296,-0.0127438,0.555108,0.117512,-8.48223e-12,0.572314,-0.162593,0.00762017,0.138031,0.157745,0.0278026,0.193075,-0.130621,1.33575e-11
7.211,0.372218,-0.0155023,0.232718,0.0159093,0.0802203,-0.0122274,0.555108,0.117512,-8.48223e-12,0.572343,-0.162589,0.00740366,0.138116,0.157744,0.0281711,0.193075,-0.130621,1.33575e-11
7.212,0.372205,-0.0157253,0.232747,0.0167909,0.080907,-0.0117165,0.555108,0.117512,-8.48223e-12,0.572371,-0.162585,0.00718981,0.138203,0.157743,0.028541,0.193075,-0.130621,1.33575e-11
7.213,0.372192,-0.0159484,0.232776,0.0176797,0.0815896,-0.011211,0.555108,0.117512,-8.48223e-12,0.572399,-0.162582,0.00697864,0.13829,0.157741,0.0289122,0.193075,-0.130621,1.33575e-11
7.214,0.37218,-0.0161715,0.232807,0.0185757,0.0822679,-0.0107108,0.555108,0.117512,-8.48223e-12,0.572426,-0.162579,0.00677018,0.138378,0.15774,0.0292847,0.193075,-0.130621,1.33575e-11
7.215,0.372167,-0.0163948,0.232838,0.0194787,0.082942,-0.0102158,0.555108,0.117512,-8.48223e-12,0.572453,-0.162575,0.00656444,0.138468,0.157739,0.0296586,0.193075,-0.130621,1.33575e-11
7.216,0.372154,-0.0166181,0.232871,0.0203887,0.0836117,-0.00972609,0.555108,0.117512,-8.48223e-12,0.572479,-0.162572,0.00636144,0.138558,0.157738,0.0300337,0.193075,-0.130621,1.33575e-11
7.217,0.372142,-0.0168415,0.232904,0.0213055,0.084277,-0.00924149,0.555108,0.117512,-8.48223e-12,0.572505,-0.162569,0.00616121,0.138649,0.157737,0.0304101,0.193075,-0.130621,1.33575e-11
7.218,0.372129,-0.0170651,0.232939,0.0222289,0.0849379,-0.00876196,0.555108,0.117512,-8.48223e-12,0.57253,-0.162566,0.00596377,0.138741,0.157736,0.0307877,0.193075,-0.130621,1.33575e-11
7.219,0.372117,-0.0172887,0.232974,0.0231589,0.0855942,-0.00828744,0.555108,0.117512,-8.48223e-12,0.572555,-0.162563,0.00576913,0.138834,0.157734,0.0311665,0.193075,-0.130621,1.33575e-11
7.22,0.372104,-0.0175124,0.233011,0.0240953,0.0862459,-0.00781788,0.555108,0.117512,-8.48223e-12,0.572579,-0.16256,0.00557733,0.138928,0.157733,0.0315465,0.193075,-0.130621,1.33575e-11
7.221,0.372092,-0.0177363,0.233048,0.025038,0.086893,-0.0073532,0.555108,0.117512,-8.48223e-12,0.572602,-0.162557,0.00538837,0.139023,0.157732,0.0319277,0.193075,-0.130621,1.33575e-11
7.222,0.37208,-0.0179603,0.233087,0.0259869,0.0875353,-0.00689335,0.555108,0.117512,-8.48223e-12,0.572626,-0.162554,0.00520228,0.139119,0.157731,0.03231,0.193075,-0.130621,1.33575e-11
7.223,0.372067,-0.0181844,0.233126,0.0269418,0.0881728,-0.00643827,0.555108,0.117512,-8.48223e-12,0.572648,-0.162551,0.00501909,0.139216,0.157729,0.0326935,0.193075,-0.130621,1.33575e-11
7.224,0.372055,-0.0184086,0.233166,0.0279026,0.0888054,-0.00598788,0.555108,0.117512,-8.48223e-12,0.57267,-0.162549,0.00483881,0.139314,0.157728,0.033078,0.193075,-0.130621,1.33575e-11
7.225,0.372043,-0.0186329,0.233207,0.0288692,0.0894331,-0.00554213,0.555108,0.117512,-8.48223e-12,0.572692,-0.162546,0.00466147,0.139412,0.157727,0.0334636,0.193075,-0.130621,1.33575e-11
7.226,0.372031,-0.0188574,0.233249,0.0298414,0.0900558,-0.00510096,0.555108,0.117512,-8.48223e-12,0.572713,-0.162543,0.00448708,0.139512,0.157725,0.0338503,0.193075,-0.130621,1.33575e-11
7.227,0.372019,-0.019082,0.233292,0.0308192,0.0906734,-0.00466431,0.555108,0.117512,-8.48223e-12,0.572733,-0.162541,0.00431566,0.139613,0.157724,0.034238,0.193075,-0.130621,1.33575e-11
7.228,0.372007,-0.0193067,0.233336,0.0318024,0.0912859,-0.00423211,0.555108,0.117512,-8.48223e-12,0.572753,-0.162538,0.00414725,0.139714,0.157723,0.0346267,0.193075,-0.130621,1.33575e-11
7.229,0.371995,-0.0195316,0.233381,0.0327909,0.0918932,-0.00380429,0.555108,0.117512,-8.48223e-12,0.572773,-0.162536,0.00398185,0.139817,0.157721,0.0350164,0.193075,-0.130621,1.33575e-11
7.23,0.371983,-0.0197566,0.233426,0.0337845,0.0924952,-0.00338081,0.555108,0.117512,-8.48223e-12,0.572792,-0.162534,0.00381949,0.139921,0.15772,0.0354071,0.193075,-0.130621,1.33575e-11
7.231,0.371971,-0.0199817,0.233473,0.0347831,0.0930919,-0.00296159,0.555108,0.117512,-8.48223e-12,0.572811,-0.162531,0.00366019,0.140025,0.157719,0.0357987,0.193075,-0.130621,1.33575e-11
7.232,0.371959,-0.020207,0.23352,0.0357867,0.0936832,-0.00254657,0.555108,0.117512,-8.48223e-12,0.572829,-0.162529,0.00350397,0.140131,0.157717,0.0361912,0.193075,-0.130621,1.33575e-11
7.233,0.371948,-0.0204325,0.233568,0.036795,0.094269,-0.0021357,0.555108,0.117512,-8.48223e-12,0.572846,-0.162527,0.00335086,0.140237,0.157716,0.0365846,0.193075,-0.130621,1.33575e-11
7.234,0.371936,-0.0206581,0.233616,0.0378079,0.0948493,-0.0017289,0.555108,0.117512,-8.48223e-12,0.572863,-0.162525,0.00320087,0.140345,0.157715,0.0369789,0.193075,-0.130621,1.33575e-11
7.235,0.371925,-0.0208839,0.233666,0.0388254,0.095424,-0.00132612,0.555108,0.117512,-8.48223e-12,0.57288,-0.162523,0.00305402,0.140454,0.157713,0.037374,0.193075,-0.130621,1.33575e-11
7.236,0.371913,-0.0211098,0.233716,0.0398473,0.095993,-0.000927297,0.555108,0.117512,-8.48223e-12,0.572896,-0.162521,0.00291034,0.140563,0.157712,0.03777,0.193075,-0.130621,1.33575e-11
7.237,0.371902,-0.0213359,0.233767,0.0408734,0.0965564,-0.000532363,0.555108,0.117512,-8.48223e-12,0.572912,-0.162519,0.00276985,0.140674,0.15771,0.0381667,0.193075,-0.130621,1.33575e-11
7.238,0.37189,-0.0215622,0.233819,0.0419037,0.0971139,-0.000141259,0.555108,0.117512,-8.48223e-12,0.572927,-0.162517,0.00263256,0.140785,0.157709,0.0385643,0.193075,-0.130621,1.33575e-11
7.239,0.371879,-0.0217886,0.233871,0.042938,0.0976655,0.000246077,0.555108,0.117512,-8.48223e-12,0.572942,-0.162515,0.00249851,0.140898,0.157707,0.0389626,0.193075,-0.130621,1.33575e-11
7.24,0.371868,-0.0220153,0.233925,0.0439762,0.0982112,0.000629708,0.555108,0.117512,-8.48223e-12,0.572956,-0.162513,0.0023677,0.141012,0.157706,0.0393616,0.193075,-0.130621,1.33575e-11
7.241,0.371857,-0.0222421,0.233978,0.0450181,0.098751,0.0010097,0.555108,0.117512,-8.48223e-12,0.57297,-0.162512,0.00224016,0.141126,0.157704,0.0397614,0.193075,-0.130621,1.33575e-11
7.242,0.371846,-0.022469,0.234033,0.0460637,0.0992846,0.0013861,0.555108,0.117512,-8.48223e-12,0.572984,-0.16251,0.00211592,0.141242,0.157703,0.0401618,0.193075,-0.130621,1.33575e-11
7.243,0.371835,-0.0226962,0.234088,0.0471128,0.0998122,0.00175899,0.555108,0.117512,-8.48223e-12,0.572997,-0.162508,0.00199499,0.141359,0.157701,0.040563,0.193075,-0.130621,1.33575e-11
7.244,0.371824,-0.0229236,0.234144,0.0481653,0.100334,0.00212843,0.555108,0.117512,-8.48223e-12,0.573009,-0.162507,0.00187739,0.141476,0.1577,0.0409647,0.193075,-0.130621,1.33575e-11
7.245,0.371814,-0.0231511,0.234201,0.049221,0.100849,0.00249446,0.555108,0.117512,-8.48223e-12,0.573021,-0.162505,0.00176315,0.141595,0.157698,0.0413671,0.193075,-0.130621,1.33575e-11
7.246,0.371803,-0.0233789,0.234258,0.0502798,0.101357,0.00285717,0.555108,0.117512,-8.48223e-12,0.573033,-0.162504,0.00165228,0.141715,0.157697,0.0417701,0.193075,-0.130621,1.33575e-11
7.247,0.371792,-0.0236069,0.234316,0.0513417,0.10186,0.00321661,0.555108,0.117512,-8.48223e-12,0.573044,-0.162502,0.00154481,0.141836,0.157695,0.0421737,0.193075,-0.130621,1.33575e-11
7.248,0.371782,-0.023835,0.234374,0.0524064,0.102356,0.00357284,0.555108,0.117512,-8.48223e-12,0.573055,-0.162501,0.00144076,0.141958,0.157693,0.0425778,0.193075,-0.130621,1.33575e-11
7.249,0.371772,-0.0240634,0.234433,0.0534739,0.102845,0.00392592,0.555108,0.117512,-8.48223e-12,0.573065,-0.1625,0.00134015,0.142081,0.157692,0.0429825,0.193075,-0.130621,1.33575e-11
7.25,0.371761,-0.024292,0.234493,0.054544,0.103328,0.00427593,0.555108,0.117512,-8.48223e-12,0.573075,-0.162499,0.001243,0.142205,0.15769,0.0433877,0.193075,-0.130621,1.33575e-11
7.251,0.371751,-0.0245208,0.234553,0.0556165,0.103804,0.00462291,0.555108,0.117512,-8.48223e-12,0.573085,-0.162497,0.00114933,0.14233,0.157688,0.0437934,0.193075,-0.130621,1.33575e-11
7.252,0.371741,-0.0247498,0.234613,0.0566915,0.104274,0.00496693,0.555108,0.117512,-8.48223e-12,0.573094,-0.162496,0.00105916,0.142456,0.157687,0.0441995,0.193075,-0.130621,1.33575e-11
7.253,0.371732,-0.024979,0.234675,0.0577687,0.104736,0.00530806,0.555108,0.117512,-8.48223e-12,0.573102,-0.162495,0.000972522,0.142584,0.157685,0.0446061,0.193075,-0.130621,1.33575e-11
7.254,0.371722,-0.0252085,0.234736,0.058848,0.105192,0.00564636,0.555108,0.117512,-8.48223e-12,0.573111,-0.162494,0.000889423,0.142712,0.157683,0.0450131,0.193075,-0.130621,1.33575e-11
7.255,0.371712,-0.0254382,0.234799,0.0599293,0.105641,0.00598188,0.555108,0.117512,-8.48223e-12,0.573119,-0.162493,0.000809889,0.142841,0.157682,0.0454205,0.193075,-0.130621,1.33575e-11
7.256,0.371703,-0.0256681,0.234862,0.0610125,0.106083,0.0063147,0.555108,0.117512,-8.48223e-12,0.573126,-0.162492,0.000733943,0.142972,0.15768,0.0458283,0.193075,-0.130621,1.33575e-11
7.257,0.371693,-0.0258983,0.234925,0.0620974,0.106518,0.00664486,0.555108,0.117512,-8.48223e-12,0.573133,-0.162491,0.000661604,0.143103,0.157678,0.0462364,0.193075,-0.130621,1.33575e-11
7.258,0.371684,-0.0261286,0.234989,0.0631839,0.106945,0.00697245,0.555108,0.117512,-8.48223e-12,0.57314,-0.162491,0.000592893,0.143236,0.157677,0.0466449,0.193075,-0.130621,1.33575e-11
7.259,0.371675,-0.0263593,0.235053,0.0642718,0.107366,0.00729751,0.555108,0.117512,-8.48223e-12,0.573146,-0.16249,0.000527833,0.14337,0.157675,0.0470536,0.193075,-0.130621,1.33575e-11
7.26,0.371666,-0.0265902,0.235117,0.0653612,0.107779,0.00762011,0.555108,0.117512,-8.48223e-12,0.573152,-0.162489,0.000466443,0.143505,0.157673,0.0474627,0.193075,-0.130621,1.33575e-11
7.261,0.371657,-0.0268213,0.235183,0.0664518,0.108185,0.00794031,0.555108,0.117512,-8.48223e-12,0.573157,-0.162488,0.000408745,0.143641,0.157671,0.047872,0.193075,-0.130621,1.33575e-11
7.262,0.371648,-0.0270527,0.235248,0.0675434,0.108584,0.00825818,0.555108,0.117512,-8.48223e-12,0.573162,-0.162488,0.00035476,0.143778,0.15767,0.0482816,0.193075,-0.130621,1.33575e-11
7.263,0.371639,-0.0272843,0.235314,0.0686361,0.108975,0.00857377,0.555108,0.117512,-8.48223e-12,0.573167,-0.162487,0.000304509,0.143916,0.157668,0.0486914,0.193075,-0.130621,1.33575e-11
7.264,0.371631,-0.0275162,0.23538,0.0697296,0.109358,0.00888715,0.555108,0.117512,-8.48223e-12,0.573171,-0.162487,0.000258013,0.144055,0.157666,0.0491014,0.193075,-0.130621,1.33575e-11
7.265,0.371623,-0.0277484,0.235447,0.0708238,0.109734,0.00919839,0.555108,0.117512,-8.48223e-12,0.573175,-0.162486,0.000215293,0.144196,0.157664,0.0495115,0.193075,-0.130621,1.33575e-11
7.266,0.371614,-0.0279808,0.235514,0.0719186,0.110103,0.00950753,0.555108,0.117512,-8.48223e-12,0.573179,-0.162486,0.00017637,0.144337,0.157662,0.0499218,0.193075,-0.130621,1.33575e-11
7.267,0.371606,-0.0282135,0.235582,0.0730139,0.110464,0.00981466,0.555108,0.117512,-8.48223e-12,0.573182,-0.162485,0.000141265,0.14448,0.15766,0.0503323,0.193075,-0.130621,1.33575e-11
7.268,0.371598,-0.0284465,0.23565,0.0741096,0.110816,0.0101198,0.555108,0.117512,-8.48223e-12,0.573185,-0.162485,0.00011,0.144624,0.157658,0.0507428,0.193075,-0.130621,1.33575e-11
7.269,0.37159,-0.0286798,0.235718,0.0752054,0.111161,0.0104231,0.555108,0.117512,-8.48223e-12,0.573187,-0.162485,8.25943e-05,0.144769,0.157657,0.0511534,0.193075,-0.130621,1.33575e-11
7.27,0.371583,-0.0289133,0.235786,0.0763014,0.111499,0.0107245,0.555108,0.117512,-8.48223e-12,0.573189,-0.162485,5.90701e-05,0.144915,0.157655,0.0515641,0.193075,-0.130621,1.33575e-11
7.271,0.371575,-0.0291471,0.235855,0.0773973,0.111828,0.0110242,0.555108,0.117512,-8.48223e-12,0.573191,-0.162484,3.94483e-05,0.145062,0.157653,0.0519748,0.193075,-0.130621,1.33575e-11
7.272,0.371568,-0.0293812,0.235924,0.078493,0.112149,0.0113221,0.555108,0.117512,-8.48223e-12,0.573192,-0.162484,2.37497e-05,0.14521,0.157651,0.0523856,0.193075,-0.130621,1.33575e-11
7.273,0.371561,-0.0296156,0.235994,0.0795885,0.112462,0.0116184,0.555108,0.117512,-8.48223e-12,0.573193,-0.162484,1.19956e-05,0.14536,0.157649,0.0527963,0.193075,-0.130621,1.33575e-11
7.274,0.371554,-0.0298503,0.236063,0.0806835,0.112767,0.0119131,0.555108,0.117512,-8.48223e-12,0.573194,-0.162484,4.20696e-06,0.14551,0.157647,0.053207,0.193075,-0.130621,1.33575e-11
7.275,0.371547,-0.0300853,0.236133,0.081778,0.113063,0.0122062,0.555108,0.117512,-8.48223e-12,0.573194,-0.162484,4.04789e-07,0.145662,0.157645,0.0536177,0.193075,-0.130621,1.33575e-11
7.276,0.37154,-0.0303206,0.236203,0.0828718,0.113352,0.0124979,0.555108,0.117512,-8.48223e-12,0.573194,-0.162484,8.38161e-12,0.145815,0.157643,0.0540282,0.193075,-0.130621,1.33575e-11
7.277,0.371534,-0.0305562,0.236274,0.0839649,0.113632,0.0127882,0.555108,0.117512,-8.48223e-12,0.573194,-0.162484,8.38161e-12,0.145969,0.157641,0.0544387,0.193075,-0.130621,1.33575e-11
7.278,0.371527,-0.0307921,0.236344,0.085057,0.113903,0.0130772,0.555108,0.117512,-8.48223e-12,0.573194,-0.162484,8.38161e-12,0.146124,0.157639,0.0548491,0.193075,-0.130621,1.33575e-11
7.279,0.371521,-0.0310283,0.236415,0.0861481,0.114166,0.0133649,0.555108,0.117512,-8.48223e-12,0.573194,-0.162484,8.38161e-12,0.146281,0.157637,0.0552593,0.193075,-0.130621,1.33575e-11
7.28,0.371515,-0.0312648,0.236486,0.0872379,0.11442,0.0136514,0.555108,0.117512,-8.48223e-12,0.573194,-0.162484,8.38161e-12,0.146439,0.157635,0.0556694,0.193075,-0.130621,1.33575e-11
7.281,0.371509,-0.0315016,0.236557,0.0883265,0.114666,0.0139367,0.555108,0.117512,-8.48223e-12,0.573194,-0.162484,8.38161e-12,0.146597,0.157633,0.0560792,0.193075,-0.130621,1.33575e-11
7.282,0.371503,-0.0317388,0.236628,0.0894137,0.114903,0.0142209,0.555108,0.117512,-8.48223e-12,0.573194,-0.162484,8.38161e-12,0.146757,0.15763,0.0564889,0.193075,-0.130621,1.33575e-11
7.283,0.371498,-0.0319763,0.2367,0.0904993,0.115131,0.0145041,0.555108,0.117512,-8.48223e-12,0.573194,-0.162484,8.38161e-12,0.146918,0.157628,0.0568983,0.193075,-0.130621,1.33575e-11
7.284,0.371492,-0.0322141,0.236772,0.0915832,0.115351,0.0147864,0.555108,0.117512,-8.48223e-12,0.573194,-0.162484,8.38161e-12,0.147081,0.157626,0.0573075,0.193075,-0.130621,1.33575e-11
7.285,0.371487,-0.0324523,0.236843,0.0926653,0.115561,0.0150677,0.555108,0.117512,-8.48223e-12,0.573194,-0.162484,8.38161e-12,0.147244,0.157624,0.0577164,0.193075,-0.130621,1.33575e-11
7.286,0.371482,-0.0326907,0.236915,0.0937455,0.115763,0.0153482,0.555108,0.117512,-8.48223e-12,0.573194,-0.162484,8.38161e-12,0.147409,0.157622,0.058125,0.193075,-0.130621,1.33575e-11
7.287,0.371477,-0.0329296,0.236987,0.0948236,0.115955,0.0156279,0.555108,0.117512,-8.48223e-12,0.573194,-0.162484,8.38161e-12,0.147575,0.15762,0.0585333,0.193075,-0.130621,1.33575e-11
7.288,0.371473,-0.0331687,0.237059,0.0958996,0.116139,0.0159069,0.555108,0.117512,-8.48223e-12,0.573194,-0.162484,8.38161e-12,0.147742,0.157618,0.0589412,0.193075,-0.130621,1.33575e-11
7.289,0.371468,-0.0334083,0.237131,0.0969732,0.116313,0.0161852,0.555108,0.117512,-8.48223e-12,0.573194,-0.162484,8.38161e-12,0.147911,0.157615,0.0593487,0.193075,-0.130621,1.33575e-11
7.29,0.371464,-0.0336481,0.237204,0.0980444,0.116478,0.016463,0.555108,0.117512,-8.48223e-12,0.573194,-0.162484,8.38161e-12,0.14808,0.157613,0.0597559,0.193075,-0.130621,1.33575e-11
7.291,0.37146,-0.0338883,0.237276,0.099113,0.116634,0.0167402,0.555108,0.117512,-8.48223e-12,0.573194,-0.162484,8.38161e-12,0.148251,0.157611,0.0601627,0.193075,-0.130621,1.33575e-11
7.292,0.371456,-0.0341289,0.237348,0.100179,0.11678,0.0170169,0.555108,0.117512,-8.48223e-12,0.573194,-0.162484,8.38161e-12,0.148423,0.157609,0.060569,0.193075,-0.130621,1.33575e-11
7.293,0.371452,-0.0343698,0.237421,0.101242,0.116917,0.0172933,0.555108,0.117512,-8.48223e-12,0.573194,-0.162484,8.38161e-12,0.148596,0.157606,0.0609749,0.193075,-0.130621,1.33575e-11
7.294,0.371449,-0.0346111,0.237493,0.102302,0.117045,0.0175693,0.555108,0.117512,-8.48223e-12,0.573194,-0.162484,8.38161e-12,0.148771,0.157604,0.0613803,0.193075,-0.130621,1.33575e-11
7.295,0.371445,-0.0348528,0.237565,0.103359,0.117162,0.017845,0.555108,0.117512,-8.48223e-12,0.573194,-0.162484,8.38161e-12,0.148947,0.157602,0.0617851,0.193075,-0.130621,1.33575e-11
7.296,0.371442,-0.0350948,0.237638,0.104413,0.117271,0.0181205,0.555108,0.117512,-8.48223e-12,0.573194,-0.162484,8.38161e-12,0.149124,0.157599,0.0621895,0.193075,-0.130621,1.33575e-11
7.297,0.371439,-0.0353372,0.23771,0.105464,0.117369,0.0183958,0.555108,0.117512,-8.48223e-12,0.573194,-0.162484,8.38161e-12,0.149302,0.157597,0.0625933,0.193075,-0.130621,1.33575e-11
7.298,0.371437,-0.03558,0.237782,0.106511,0.117458,0.0186711,0.555108,0.117512,-8.48223e-12,0.573194,-0.162484,8.38161e-12,0.149481,0.157595,0.0629965,0.193075,-0.130621,1.33575e-11
7.299,0.371434,-0.0358232,0.237854,0.107554,0.117537,0.0189463,0.555108,0.117512,-8.48223e-12,0.573194,-0.162484,8.38161e-12,0.149662,0.157592,0.0633992,0.193075,-0.130621,1.33575e-11
7.3,0.371432,-0.0360667,0.237926,0.108594,0.117606,0.0192216,0.555108,0.117512,-8.48223e-12,0.573194,-0.162484,8.38161e-12,0.149844,0.15759,0.0638012,0.193075,-0.130621,1.33575e-11
7.301,0.37143,-0.0363107,0.237998,0.10963,0.117665,0.0194969,0.555108,0.117512,-8.48223e-12,0.573194,-0.162484,8.38161e-12,0.150027,0.157588,0.0642026,0.193075,-0.130621,1.33575e-11
7.302,0.371428,-0.036555,0.23807,0.110662,0.117714,0.0197721,0.555108,0.117512,-8.48223e-12,0.573194,-0.162484,8.38161e-12,0.150211,0.157585,0.0646034,0.193075,-0.130621,1.33575e-11
7.303,0.371427,-0.0367997,0.238142,0.111691,0.117754,0.0200472,0.555108,0.117512,-8.48223e-12,0.573194,-0.162484,8.38161e-12,0.150397,0.157583,0.0650034,0.193075,-0.130621,1.33575e-11
7.304,0.371425,-0.0370447,0.238214,0.112716,0.117783,0.020322,0.555108,0.117512,-8.48223e-12,0.573194,-0.162484,8.38161e-12,0.150584,0.15758,0.0654027,0.193075,-0.130621,1.33575e-11
7.305,0.371424,-0.0372902,0.238286,0.113738,0.117804,0.0205964,0.555108,0.117512,-8.48223e-12,0.573194,-0.162484,8.38161e-12,0.150772,0.157578,0.0658014,0.193075,-0.130621,1.33575e-11
7.306,0.371423,-0.037536,0.238357,0.114756,0.117814,0.0208701,0.555108,0.117512,-8.48223e-12,0.573194,-0.162484,8.38161e-12,0.150962,0.157575,0.0661992,0.193075,-0.130621,1.33575e-11
7.307,0.371422,-0.0377822,0.238429,0.115771,0.117815,0.0211432,0.555108,0.117512,-8.48223e-12,0.573194,-0.162484,8.38161e-12,0.151153,0.157573,0.0665963,0.193075,-0.130621,1.33575e-11
7.308,0.371422,-0.0380288,0.2385,0.116782,0.117807,0.0214154,0.555108,0.117512,-8.48223e-12,0.573194,-0.162484,8.38161e-12,0.151345,0.15757,0.0669926,0.193075,-0.130621,1.33575e-11
7.309,0.371421,-0.0382757,0.238571,0.117791,0.11779,0.0216867,0.555108,0.117512,-8.48223e-12,0.573194,-0.162484,8.38161e-12,0.151538,0.157568,0.0673881,0.193075,-0.130621,1.33575e-11
7.31,0.371421,-0.038523,0.238642,0.118796,0.117763,0.0219569,0.555108,0.117512,-8.48223e-12,0.573194,-0.162484,8.38161e-12,0.151733,0.157565,0.0677827,0.193075,-0.130621,1.33575e-11
7.311,0.371421,-0.0387707,0.238713,0.119799,0.117727,0.0222258,0.555108,0.117512,-8.48223e-12,0.573194,-0.162484,8.38161e-12,0.151929,0.157563,0.0681765,0.193075,-0.130621,1.33575e-11
7.312,0.371422,-0.0390187,0.238783,0.120799,0.117682,0.0224933,0.555108,0.117512,-8.48223e-12,0.573194,-0.162484,8.38161e-12,0.152126,0.15756,0.0685694,0.193075,-0.130621,1.33575e-11
7.313,0.371422,-0.0392671,0.238854,0.121795,0.117629,0.0227594,0.555108,0.117512,-8.48223e-12,0.573194,-0.162484,8.38161e-12,0.152325,0.157557,0.0689614,0.193075,-0.130621,1.33575e-11
7.314,0.371423,-0.0395158,0.238924,0.12279,0.117566,0.0230238,0.555108,0.117512,-8.48223e-12,0.573194,-0.162484,8.38161e-12,0.152525,0.157555,0.0693524,0.193075,-0.130621,1.33575e-11
7.315,0.371424,-0.0397649,0.238994,0.123781,0.117495,0.0232864,0.555108,0.117512,-8.48223e-12,0.573194,-0.162484,8.38161e-12,0.152726,0.157552,0.0697425,0.193075,-0.130621,1.33575e-11
7.316,0.371425,-0.0400143,0.239064,0.12477,0.117415,0.0235472,0.555108,0.117512,-8.48223e-12,0.573194,-0.162484,8.38161e-12,0.152928,0.15755,0.0701316,0.193075,-0.130621,1.33575e-11
7.317,0.371427,-0.0402641,0.239134,0.125757,0.117326,0.0238059,0.555108,0.117512,-8.48223e-12,0.573194,-0.162484,8.38161e-12,0.153132,0.157547,0.0705197,0.193075,-0.130621,1.33575e-11
7.318,0.371428,-0.0405142,0.239203,0.126741,0.117229,0.0240624,0.555108,0.117512,-8.48223e-12,0.573194,-0.162484,8.38161e-12,0.153337,0.157544,0.0709068,0.193075,-0.130621,1.33575e-11
7.319,0.37143,-0.0407646,0.239272,0.127723,0.117124,0.0243167,0.555108,0.117512,-8.48223e-12,0.573194,-0.162484,8.38161e-12,0.153544,0.157541,0.0712929,0.193075,-0.130621,1.33575e-11
7.32,0.371432,-0.0410154,0.239341,0.128703,0.11701,0.0245685,0.555108,0.117512,-8.48223e-12,0.573194,-0.162484,8.38161e-12,0.153751,0.157539,0.0716779,0.193075,-0.130621,1.33575e-11
7.321,0.371435,-0.0412665,0.23941,0.129681,0.116888,0.0248177,0.555108,0.117512,-8.48223e-12,0.573194,-0.162484,8.38161e-12,0.15396,0.157536,0.0720618,0.193075,-0.130621,1.33575e-11
7.322,0.371437,-0.041518,0.239478,0.130656,0.116757,0.0250643,0.555108,0.117512,-8.48223e-12,0.573194,-0.162484,8.38161e-12,0.154171,0.157533,0.0724446,0.193075,-0.130621,1.33575e-11
7.323,0.37144,-0.0417698,0.239546,0.13163,0.116619,0.025308,0.555108,0.117512,-8.48223e-12,0.573194,-0.162484,8.38161e-12,0.154383,0.15753,0.0728262,0.193075,-0.130621,1.33575e-11
7.324,0.371443,-0.0420219,0.239614,0.132602,0.116473,0.0255488,0.555108,0.117512,-8.48223e-12,0.573194,-0.162484,8.38161e-12,0.154596,0.157528,0.0732067,0.193075,-0.130621,1.33575e-11
7.325,0.371446,-0.0422743,0.239682,0.133573,0.116319,0.0257864,0.555108,0.117512,-8.48223e-12,0.573194,-0.162484,8.38161e-12,0.15481,0.157525,0.073586,0.193075,-0.130621,1.33575e-11
7.326,0.37145,-0.042527,0.239749,0.134541,0.116157,0.0260209,0.555108,0.117512,-8.48223e-12,0.573194,-0.162484,8.38161e-12,0.155026,0.157522,0.0739642,0.193075,-0.130621,1.33575e-11
7.327,0.371453,-0.0427801,0.239816,0.135508,0.115987,0.0262519,0.555108,0.117512,-8.48223e-12,0.573194,-0.162484,8.38161e-12,0.155243,0.157519,0.074341,0.193075,-0.130621,1.33575e-11
7.328,0.371457,-0.0430335,0.239883,0.136474,0.11581,0.0264795,0.555108,0.117512,-8.48223e-12,0.573194,-0.162484,8.38161e-12,0.155462,0.157516,0.0747167,0.193075,-0.130621,1.33575e-11
7.329,0.371462,-0.0432872,0.239949,0.137438,0.115625,0.0267034,0.555108,0.117512,-8.48223e-12,0.573194,-0.162484,8.38161e-12,0.155682,0.157513,0.0750911,0.193075,-0.130621,1.33575e-11
7.33,0.371466,-0.0435412,0.240015,0.138401,0.115433,0.0269236,0.555108,0.117512,-8.48223e-12,0.573194,-0.162484,8.38161e-12,0.155903,0.157511,0.0754641,0.193075,-0.130621,1.33575e-11
7.331,0.371471,-0.0437955,0.240081,0.139363,0.115233,0.0271399,0.555108,0.117512,-8.48223e-12,0.573194,-0.162484,8.38161e-12,0.156126,0.157508,0.0758359,0.193075,-0.130621,1.33575e-11
7.332,0.371475,-0.0440501,0.240147,0.140323,0.115026,0.0273521,0.555108,0.117512,-8.48223e-12,0.573194,-0.162484,8.38161e-12,0.15635,0.157505,0.0762063,0.193075,-0.130621,1.33575e-11
7.333,0.371481,-0.044305,0.240212,0.141283,0.114812,0.0275602,0.555108,0.117512,-8.48223e-12,0.573194,-0.162484,8.38161e-12,0.156575,0.157502,0.0765754,0.193075,-0.130621,1.33575e-11
7.334,0.371486,-0.0445603,0.240276,0.142242,0.11459,0.027764,0.555108,0.117512,-8.48223e-12,0.573194,-0.162484,8.38161e-12,0.156802,0.157499,0.0769431,0.193075,-0.130621,1.33575e-11
7.335,0.371491,-0.0448158,0.240341,0.1432,0.114362,0.0279634,0.555108,0.117512,-8.48223e-12,0.573194,-0.162484,8.38161e-12,0.15703,0.157496,0.0773094,0.193075,-0.130621,1.33575e-11
7.336,0.371497,-0.0450716,0.240405,0.144157,0.114127,0.0281582,0.555108,0.117512,-8.48223e-12,0.573194,-0.162484,8.38161e-12,0.15726,0.157493,0.0776742,0.193075,-0.130621,1.33575e-11
7.337,0.371503,-0.0453277,0.240468,0.145113,0.113884,0.0283484,0.555108,0.117512,-8.48223e-12,0.573194,-0.162484,8.38161e-12,0.157491,0.15749,0.0780377,0.193075,-0.130621,1.33575e-11
7.338,0.371509,-0.0455841,0.240531,0.146069,0.113636,0.0285337,0.555108,0.117512,-8.48223e-12,0.573194,-0.162484,8.38161e-12,0.157723,0.157487,0.0783996,0.193075,-0.130621,1.33575e-11
7.339,0.371516,-0.0458407,0.240594,0.147024,0.11338,0.028714,0.555108,0.117512,-8.48223e-12,0.573194,-0.162484,8.38161e-12,0.157957,0.157484,0.07876,0.193075,-0.130621,1.33575e-11
7.34,0.371523,-0.0460977,0.240656,0.147979,0.113118,0.0288893,0.555108,0.117512,-8.48223e-12,0.573194,-0.162484,8.38161e-12,0.158192,0.157481,0.079119,0.193075,-0.130621,1.33575e-11
7.341,0.37153,-0.0463549,0.240718,0.148933,0.112849,0.0290593,0.555108,0.117512,-8.48223e-12,0.573194,-0.162484,8.38161e-12,0.158429,0.157477,0.0794763,0.193075,-0.130621,1.33575e-11
7.342,0.371537,-0.0466124,0.24078,0.149887,0.112574,0.029224,0.555108,0.117512,-8.48223e-12,0.573194,-0.162484,8.38161e-12,0.158667,0.157474,0.0798322,0.193075,-0.130621,1.33575e-11
7.343,0.371544,-0.0468702,0.240841,0.150841,0.112292,0.0293831,0.555108,0.117512,-8.48223e-12,0.573194,-0.162484,8.38161e-12,0.158906,0.157471,0.0801864,0.193075,-0.130621,1.33575e-11
7.344,0.371552,-0.0471283,0.240902,0.151795,0.112004,0.0295367,0.555108,0.117512,-8.48223e-12,0.573194,-0.162484,8.38161e-12,0.159147,0.157468,0.080539,0.193075,-0.130621,1.33575e-11
7.345,0.37156,-0.0473866,0.240962,0.15275,0.11171,0.0296845,0.555108,0.117512,-8.48223e-12,0.573194,-0.162484,8.38161e-12,0.159389,0.157465,0.08089,0.193075,-0.130621,1.33575e-11
7.346,0.371568,-0.0476452,0.241022,0.153704,0.11141,0.0298264,0.555108,0.117512,-8.48223e-12,0.573194,-0.162484,8.38161e-12,0.159633,0.157462,0.0812394,0.193075,-0.130621,1.33575e-11
7.347,0.371576,-0.0479041,0.241081,0.154658,0.111104,0.0299623,0.555108,0.117512,-8.48223e-12,0.573194,-0.162484,8.38161e-12,0.159878,0.157458,0.081587,0.193075,-0.130621,1.33575e-11
7.348,0.371585,-0.0481632,0.24114,0.155613,0.110792,0.0300921,0.555108,0.117512,-8.48223e-12,0.573194,-0.162484,8.38161e-12,0.160125,0.157455,0.081933,0.193075,-0.130621,1.33575e-11
7.349,0.371594,-0.0484226,0.241198,0.156568,0.110475,0.0302155,0.555108,0.117512,-8.48223e-12,0.573194,-0.162484,8.38161e-12,0.160373,0.157452,0.0822773,0.193075,-0.130621,1.33575e-11
7.35,0.371603,-0.0486823,0.241256,0.157523,0.110151,0.0303326,0.555108,0.117512,-8.48223e-12,0.573194,-0.162484,8.38161e-12,0.160622,0.157449,0.0826198,0.193075,-0.130621,1.33575e-11
7.351,0.371612,-0.0489422,0.241313,0.158479,0.109822,0.0304431,0.555108,0.117512,-8.48223e-12,0.573194,-0.162484,8.38161e-12,0.160873,0.157445,0.0829605,0.193075,-0.130621,1.33575e-11
7.352,0.371622,-0.0492023,0.24137,0.159436,0.109487,0.0305469,0.555108,0.117512,-8.48223e-12,0.573194,-0.162484,8.38161e-12,0.161126,0.157442,0.0832995,0.193075,-0.130621,1.33575e-11
7.353,0.371632,-0.0494627,0.241426,0.160393,0.109147,0.0306438,0.555108,0.117512,-8.48223e-12,0.573194,-0.162484,8.38161e-12,0.161379,0.157439,0.0836366,0.193075,-0.130621,1.33575e-11
7.354,0.371642,-0.0497234,0.241482,0.161351,0.108801,0.0307339,0.555108,0.117512,-8.48223e-12,0.573194,-0.162484,8.38161e-12,0.161635,0.157435,0.0839719,0.193075,-0.130621,1.33575e-11
7.355,0.371652,-0.0499842,0.241537,0.16231,0.10845,0.0308168,0.555108,0.117512,-8.48223e-12,0.573194,-0.162484,8.38161e-12,0.161891,0.157432,0.0843054,0.193075,-0.130621,1.33575e-11
7.356,0.371663,-0.0502454,0.241592,0.16327,0.108094,0.0308926,0.555108,0.117512,-8.48223e-12,0.573194,-0.162484,8.38161e-12,0.16215,0.157429,0.084637,0.193075,-0.130621,1.33575e-11
7.357,0.371674,-0.0505067,0.241646,0.164231,0.107733,0.0309609,0.555108,0.117512,-8.48223e-12,0.573194,-0.162484,8.38161e-12,0.162409,0.157425,0.0849666,0.193075,-0.130621,1.33575e-11
7.358,0.371685,-0.0507683,0.241699,0.165193,0.107366,0.0310218,0.555108,0.117512,-8.48223e-12,0.573194,-0.162484,8.38161e-12,0.16267,0.157422,0.0852944,0.193075,-0.130621,1.33575e-11
7.359,0.371696,-0.0510302,0.241752,0.166157,0.106995,0.0310751,0.555108,0.117512,-8.48223e-12,0.573194,-0.162484,8.38161e-12,0.162933,0.157418,0.0856202,0.193075,-0.130621,1.33575e-11
7.36,0.371708,-0.0512922,0.241805,0.167122,0.106619,0.0311207,0.555108,0.117512,-8.48223e-12,0.573194,-0.162484,8.38161e-12,0.163197,0.157415,0.085944,0.193075,-0.130621,1.33575e-11
7.361,0.37172,-0.0515545,0.241857,0.168088,0.106238,0.0311583,0.555108,0.117512,-8.48223e-12,0.573194,-0.162484,8.38161e-12,0.163463,0.157411,0.0862659,0.193075,-0.130621,1.33575e-11
7.362,0.371732,-0.051817,0.241908,0.169056,0.105852,0.031188,0.555108,0.117512,-8.48223e-12,0.573194,-0.162484,8.38161e-12,0.16373,0.157408,0.0865857,0.193075,-0.130621,1.33575e-11
7.363,0.371744,-0.0520798,0.241958,0.170025,0.105462,0.0312094,0.555108,0.117512,-8.48223e-12,0.573194,-0.162484,8.38161e-12,0.163998,0.157404,0.0869035,0.193075,-0.130621,1.33575e-11
7.364,0.371757,-0.0523427,0.242008,0.170996,0.105067,0.0312227,0.555108,0.117512,-8.48223e-12,0.573194,-0.162484,8.38161e-12,0.164269,0.157401,0.0872193,0.193075,-0.130621,1.33575e-11
7.365,0.371769,-0.0526059,0.242058,0.171969,0.104667,0.0312275,0.555108,0.117512,-8.48223e-12,0.573194,-0.162484,8.38161e-12,0.16454,0.157397,0.0875329,0.193075,-0.130621,1.33575e-11
7.366,0.371782,-0.0528693,0.242107,0.172943,0.104264,0.0312237,0.555108,0.117512,-8.48223e-12,0.573194,-0.162484,8.38161e-12,0.164813,0.157394,0.0878445,0.193075,-0.130621,1.33575e-11
7.367,0.371796,-0.0531329,0.242155,0.17392,0.103856,0.0312113,0.555108,0.117512,-8.48223e-12,0.573194,-0.162484,8.38161e-12,0.165088,0.15739,0.0881539,0.193075,-0.130621,1.33575e-11
7.368,0.371809,-0.0533967,0.242202,0.174898,0.103444,0.0311901,0.555108,0.117512,-8.48223e-12,0.573194,-0.162484,8.38161e-12,0.165364,0.157387,0.0884612,0.193075,-0.130621,1.33575e-11
7.369,0.371823,-0.0536607,0.242249,0.175879,0.103027,0.0311599,0.555108,0.117512,-8.48223e-12,0.573194,-0.162484,8.38161e-12,0.165642,0.157383,0.0887663,0.193075,-0.130621,1.33575e-11
7.37,0.371837,-0.0539249,0.242295,0.176862,0.102607,0.0311206,0.555108,0.117512,-8.48223e-12,0.573194,-0.162484,8.38161e-12,0.165921,0.157379,0.0890692,0.193075,-0.130621,1.33575e-11
7.371,0.371852,-0.0541894,0.242341,0.177847,0.102183,0.0310721,0.555108,0.117512,-8.48223e-12,0.573194,-0.162484,8.38161e-12,0.166202,0.157376,0.0893699,0.193075,-0.130621,1.33575e-11
7.372,0.371866,-0.054454,0.242385,0.178835,0.101755,0.0310143,0.555108,0.117512,-8.48223e-12,0.573194,-0.162484,8.38161e-12,0.166484,0.157372,0.0896684,0.193075,-0.130621,1.33575e-11
7.373,0.371881,-0.0547188,0.242429,0.179825,0.101323,0.030947,0.555108,0.117512,-8.48223e-12,0.573194,-0.162484,8.38161e-12,0.166768,0.157368,0.0899646,0.193075,-0.130621,1.33575e-11
7.374,0.371896,-0.0549838,0.242473,0.180818,0.100887,0.0308701,0.555108,0.117512,-8.48223e-12,0.573194,-0.162484,8.38161e-12,0.167053,0.157364,0.0902585,0.193075,-0.130621,1.33575e-11
7.375,0.371912,-0.055249,0.242516,0.181813,0.100448,0.0307835,0.555108,0.117512,-8.48223e-12,0.573194,-0.162484,8.38161e-12,0.16734,0.157361,0.0905501,0.193075,-0.130621,1.33575e-11
7.376,0.371927,-0.0555144,0.242558,0.182811,0.100006,0.030687,0.555108,0.117512,-8.48223e-12,0.573194,-0.162484,8.38161e-12,0.167628,0.157357,0.0908394,0.193075,-0.130621,1.33575e-11
7.377,0.371943,-0.0557799,0.242599,0.183812,0.0995595,0.0305805,0.555108,0.117512,-8.48223e-12,0.573194,-0.162484,8.38161e-12,0.167918,0.157353,0.0911263,0.193075,-0.130621,1.33575e-11
7.378,0.371959,-0.0560457,0.242639,0.184815,0.0991102,0.0304638,0.555108,0.117512,-8.48223e-12,0.573194,-0.162484,8.38161e-12,0.168209,0.157349,0.0914109,0.193075,-0.130621,1.33575e-11
7.379,0.371976,-0.0563116,0.242679,0.185822,0.0986576,0.0303369,0.555108,0.117512,-8.48223e-12,0.573194,-0.162484,8.38161e-12,0.168502,0.157345,0.091693,0.193075,-0.130621,1.33575e-11
7.38,0.371993,-0.0565777,0.242718,0.186832,0.0982018,0.0301995,0.555108,0.117512,-8.48223e-12,0.573194,-0.162484,8.38161e-12,0.168797,0.157342,0.0919727,0.193075,-0.130621,1.33575e-11
7.381,0.372009,-0.056844,0.242757,0.187845,0.097743,0.0300517,0.555108,0.117512,-8.48223e-12,0.573194,-0.162484,8.38161e-12,0.169093,0.157338,0.09225,0.193075,-0.130621,1.33575e-11
7.382,0.372027,-0.0571104,0.242794,0.188861,0.0972812,0.0298931,0.555108,0.117512,-8.48223e-12,0.573194,-0.162484,8.38161e-12,0.169391,0.157334,0.0925249,0.193075,-0.130621,1.33575e-11
7.383,0.372044,-0.057377,0.242831,0.189881,0.0968164,0.0297238,0.555108,0.117512,-8.48223e-12,0.573194,-0.162484,8.38161e-12,0.16969,0.15733,0.0927972,0.193075,-0.130621,1.33575e-11
7.384,0.372062,-0.0576438,0.242867,0.190904,0.0963489,0.0295435,0.555108,0.117512,-8.48223e-12,0.573194,-0.162484,8.38161e-12,0.169991,0.157326,0.0930671,0.193075,-0.130621,1.33575e-11
7.385,0.37208,-0.0579108,0.242902,0.19193,0.0958787,0.0293521,0.555108,0.117512,-8.48223e-12,0.573194,-0.162484,8.38161e-12,0.170294,0.157322,0.0933344,0.193075,-0.130621,1.33575e-11
7.386,0.372098,-0.0581779,0.242936,0.19296,0.0954058,0.0291495,0.555108,0.117512,-8.48223e-12,0.573194,-0.162484,8.38161e-12,0.170598,0.157318,0.0935991,0.193075,-0.130621,1.33575e-11
7.387,0.372117,-0.0584451,0.24297,0.193994,0.0949303,0.0289356,0.555108,0.117512,-8.48223e-12,0.573194,-0.162484,8.38161e-12,0.170903,0.157314,0.0938613,0.193075,-0.130621,1.33575e-11
7.388,0.372135,-0.0587126,0.243003,0.195032,0.0944524,0.0287102,0.555108,0.117512,-8.48223e-12,0.573194,-0.162484,8.38161e-12,0.171211,0.15731,0.0941208,0.193075,-0.130621,1.33575e-11
7.389,0.372154,-0.0589801,0.243035,0.196073,0.0939721,0.0284733,0.555108,0.117512,-8.48223e-12,0.573194,-0.162484,8.38161e-12,0.171519,0.157306,0.0943778,0.193075,-0.130621,1.33575e-11
7.39,0.372174,-0.0592479,0.243066,0.197118,0.0934895,0.0282246,0.555108,0.117512,-8.48223e-12,0.573194,-0.162484,8.38161e-12,0.17183,0.157302,0.0946321,0.193075,-0.130621,1.33575e-11
7.391,0.372193,-0.0595157,0.243096,0.198168,0.0930046,0.027964,0.555108,0.117512,-8.48223e-12,0.573194,-0.162484,8.38161e-12,0.172142,0.157298,0.0948837,0.193075,-0.130621,1.33575e-11
7.392,0.372213,-0.0597837,0.243126,0.199221,0.0925177,0.0276914,0.555108,0.117512,-8.48223e-12,0.573194,-0.162484,8.38161e-12,0.172455,0.157294,0.0951327,0.193075,-0.130621,1.33575e-11
7.393,0.372233,-0.0600519,0.243154,0.200279,0.0920287,0.0274067,0.555108,0.117512,-8.48223e-12,0.573194,-0.162484,8.38161e-12,0.172771,0.157289,0.0953789,0.193075,-0.130621,1.33575e-11
7.394,0.372254,-0.0603202,0.243182,0.201341,0.0915378,0.0271097,0.555108,0.117512,-8.48223e-12,0.573194,-0.162484,8.38161e-12,0.173088,0.157285,0.0956224,0.193075,-0.130621,1.33575e-11
7.395,0.372274,-0.0605886,0.243209,0.202408,0.091045,0.0268003,0.555108,0.117512,-8.48223e-12,0.573194,-0.162484,8.38161e-12,0.173406,0.157281,0.0958631,0.193075,-0.130621,1.33575e-11
7.396,0.372295,-0.0608572,0.243235,0.203479,0.0905504,0.0264784,0.555108,0.117512,-8.48223e-12,0.573194,-0.162484,8.38161e-12,0.173726,0.157277,0.0961011,0.193075,-0.130621,1.33575e-11
7.397,0.372317,-0.0611259,0.24326,0.204554,0.0900541,0.0261438,0.555108,0.117512,-8.48223e-12,0.573194,-0.162484,8.38161e-12,0.174048,0.157273,0.0963363,0.193075,-0.130621,1.33575e-11
7.398,0.372338,-0.0613947,0.243284,0.205635,0.0895562,0.0257964,0.555108,0.117512,-8.48223e-12,0.573194,-0.162484,8.38161e-12,0.174371,0.157268,0.0965686,0.193075,-0.130621,1.33575e-11
7.399,0.37236,-0.0616637,0.243307,0.20672,0.0890568,0.0254361,0.555108,0.117512,-8.48223e-12,0.573194,-0.162484,8.38161e-12,0.174696,0.157264,0.0967981,0.193075,-0.130621,1.33575e-11
7.4,0.372382,-0.0619328,0.243329,0.207809,0.088556,0.0250627,0.555108,0.117512,-8.48223e-12,0.573194,-0.162484,8.38161e-12,0.175023,0.15726,0.0970247,0.193075,-0.130621,1.33575e-11
7.401,0.372404,-0.062202,0.243351,0.208904,0.0880538,0.0246762,0.555108,0.117512,-8.48223e-12,0.573194,-0.162484,8.38161e-12,0.175351,0.157256,0.0972484,0.193075,-0.130621,1.33575e-11
7.402,0.372427,-0.0624713,0.243371,0.210003,0.0875503,0.0242766,0.555108,0.117512,-8.48223e-12,0.573194,-0.162484,8.38161e-12,0.175681,0.157251,0.0974692,0.193075,-0.130621,1.33575e-11
7.403,0.37245,-0.0627407,0.243391,0.211108,0.0870456,0.023864,0.555108,0.117512,-8.48223e-12,0.573194,-0.162484,8.38161e-12,0.176013,0.157247,0.0976871,0.193075,-0.130621,1.33575e-11
7.404,0.372473,-0.0630102,0.243409,0.212217,0.0865397,0.0234385,0.555108,0.117512,-8.48223e-12,0.573194,-0.162484,8.38161e-12,0.176346,0.157243,0.097902,0.193075,-0.130621,1.33575e-11
7.405,0.372496,-0.0632798,0.243427,0.213331,0.0860328,0.0230002,0.555108,0.117512,-8.48223e-12,0.573194,-0.162484,8.38161e-12,0.176681,0.157238,0.0981139,0.193075,-0.130621,1.33575e-11
7.406,0.37252,-0.0635496,0.243444,0.214449,0.0855249,0.0225492,0.555108,0.117512,-8.48223e-12,0.573194,-0.162484,8.38161e-12,0.177017,0.157234,0.0983228,0.193075,-0.130621,1.33575e-11
7.407,0.372544,-0.0638194,0.24346,0.215572,0.085016,0.0220857,0.555108,0.117512,-8.48223e-12,0.573194,-0.162484,8.38161e-12,0.177355,0.157229,0.0985287,0.193075,-0.130621,1.33575e-11
7.408,0.372568,-0.0640892,0.243475,0.216699,0.0845063,0.0216097,0.555108,0.117512,-8.48223e-12,0.573194,-0.162484,8.38161e-12,0.177695,0.157225,0.0987316,0.193075,-0.130621,1.33575e-11
7.409,0.372592,-0.0643592,0.243489,0.217831,0.0839958,0.0211213,0.555108,0.117512,-8.48223e-12,0.573194,-0.162484,8.38161e-12,0.178037,0.15722,0.0989313,0.193075,-0.130621,1.33575e-11
7.41,0.372617,-0.0646292,0.243502,0.218967,0.0834845,0.0206207,0.555108,0.117512,-8.48223e-12,0.573194,-0.162484,8.38161e-12,0.17838,0.157216,0.099128,0.193075,-0.130621,1.33575e-11
7.411,0.372642,-0.0648993,0.243514,0.220107,0.0829725,0.0201079,0.555108,0.117512,-8.48223e-12,0.573194,-0.162484,8.38161e-12,0.178725,0.157211,0.0993215,0.193075,-0.130621,1.33575e-11
7.412,0.372667,-0.0651695,0.243525,0.221252,0.08246,0.019583,0.555108,0.117512,-8.48223e-12,0.573194,-0.162484,8.38161e-12,0.179072,0.157207,0.0995119,0.193075,-0.130621,1.33575e-11
7.413,0.372693,-0.0654397,0.243535,0.2224,0.0819469,0.0190462,0.555108,0.117512,-8.48223e-12,0.573194,-0.162484,8.38161e-12,0.17942,0.157202,0.0996992,0.193075,-0.130621,1.33575e-11
7.414,0.372719,-0.06571,0.243545,0.223553,0.0814334,0.0184975,0.555108,0.117512,-8.48223e-12,0.573194,-0.162484,8.38161e-12,0.17977,0.157198,0.0998833,0.193075,-0.130621,1.33575e-11
7.415,0.372745,-0.0659803,0.243553,0.22471,0.0809194,0.0179371,0.555108,0.117512,-8.48223e-12,0.573194,-0.162484,8.38161e-12,0.180122,0.157193,0.100064,0.193075,-0.130621,1.33575e-11
7.416,0.372771,-0.0662506,0.243561,0.225871,0.0804052,0.0173651,0.555108,0.117512,-8.48223e-12,0.573194,-0.162484,8.38161e-12,0.180475,0.157188,0.100242,0.193075,-0.130621,1.33575e-11
7.417,0.372798,-0.066521,0.243568,0.227036,0.0798906,0.0167815,0.555108,0.117512,-8.48223e-12,0.573194,-0.162484,8.38161e-12,0.18083,0.157184,0.100416,0.193075,-0.130621,1.33575e-11
7.418,0.372825,-0.0667914,0.243573,0.228204,0.0793759,0.0161865,0.555108,0.117512,-8.48223e-12,0.573194,-0.162484,8.38161e-12,0.181187,0.157179,0.100587,0.193075,-0.130621,1.33575e-11
7.419,0.372852,-0.0670618,0.243578,0.229376,0.0788611,0.0155801,0.555108,0.117512,-8.48223e-12,0.573194,-0.162484,8.38161e-12,0.181545,0.157174,0.100755,0.193075,-0.130621,1.33575e-11
7.42,0.372879,-0.0673322,0.243582,0.230552,0.0783462,0.0149626,0.555108,0.117512,-8.48223e-12,0.573194,-0.162484,8.38161e-12,0.181905,0.15717,0.100919,0.193075,-0.130621,1.33575e-11
7.421,0.372907,-0.0676027,0.243585,0.231732,0.0778313,0.0143339,0.555108,0.117512,-8.48223e-12,0.573194,-0.162484,8.38161e-12,0.182267,0.157165,0.101081,0.193075,-0.130621,1.33575e-11
7.422,0.372935,-0.0678731,0.243587,0.232915,0.0773165,0.0136942,0.555108,0.117512,-8.48223e-12,0.573194,-0.162484,8.38161e-12,0.182631,0.15716,0.101238,0.193075,-0.130621,1.33575e-11
7.423,0.372963,-0.0681435,0.243588,0.234102,0.0768019,0.0130435,0.555108,0.117512,-8.48223e-12,0.573194,-0.162484,8.38161e-12,0.182996,0.157155,0.101393,0.193075,-0.130621,1.33575e-11
7.424,0.372992,-0.068414,0.243588,0.235292,0.0762874,0.0123821,0.555108,0.117512,-8.48223e-12,0.573194,-0.162484,8.38161e-12,0.183363,0.157151,0.101544,0.193075,-0.130621,1.33575e-11
7.425,0.37302,-0.0686844,0.243588,0.236486,0.0757733,0.0117099,0.555108,0.117512,-8.48223e-12,0.573194,-0.162484,8.38161e-12,0.183732,0.157146,0.101691,0.193075,-0.130621,1.33575e-11
7.426,0.373049,-0.0689548,0.243586,0.237683,0.0752595,0.0110272,0.555108,0.117512,-8.48223e-12,0.573194,-0.162484,8.38161e-12,0.184103,0.157141,0.101835,0.193075,-0.130621,1.33575e-11
7.427,0.373079,-0.0692252,0.243584,0.238883,0.0747462,0.0103339,0.555108,0.117512,-8.48223e-12,0.573194,-0.162484,8.38161e-12,0.184475,0.157136,0.101976,0.193075,-0.130621,1.33575e-11
7.428,0.373108,-0.0694956,0.24358,0.240087,0.0742333,0.00963027,0.555108,0.117512,-8.48223e-12,0.573194,-0.162484,8.38161e-12,0.184849,0.157131,0.102113,0.193075,-0.130621,1.33575e-11
7.429,0.373138,-0.0697659,0.243576,0.241293,0.073721,0.00891632,0.555108,0.117512,-8.48223e-12,0.573194,-0.162484,8.38161e-12,0.185225,0.157126,0.102247,0.193075,-0.130621,1.33575e-11
7.43,0.373168,-0.0700361,0.243571,0.242503,0.0732093,0.00819218,0.555108,0.117512,-8.48223e-12,0.573194,-0.162484,8.38161e-12,0.185603,0.157121,0.102377,0.193075,-0.130621,1.33575e-11
7.431,0.373198,-0.0703064,0.243564,0.243715,0.0726983,0.00745796,0.555108,0.117512,-8.48223e-12,0.573194,-0.162484,8.38161e-12,0.185982,0.157116,0.102503,0.193075,-0.130621,1.33575e-11
7.432,0.373229,-0.0705766,0.243557,0.244931,0.0721881,0.00671375,0.555108,0.117512,-8.48223e-12,0.573194,-0.162484,8.38161e-12,0.186363,0.157111,0.102626,0.193075,-0.130621,1.33575e-11
7.433,0.37326,-0.0708467,0.243549,0.246149,0.0716787,0.00595967,0.555108,0.117512,-8.48223e-12,0.573194,-0.162484,8.38161e-12,0.186746,0.157106,0.102745,0.193075,-0.130621,1.33575e-11
7.434,0.373291,-0.0711167,0.24354,0.247371,0.0711702,0.00519581,0.555108,0.117512,-8.48223e-12,0.573194,-0.162484,8.38161e-12,0.18713,0.157101,0.102861,0.193075,-0.130621,1.33575e-11
7.435,0.373322,-0.0713867,0.243531,0.248595,0.0706627,0.00442228,0.555108,0.117512,-8.48223e-12,0.573194,-0.162484,8.38161e-12,0.187517,0.157096,0.102973,0.193075,-0.130621,1.33575e-11
7.436,0.373354,-0.0716566,0.24352,0.249821,0.0701562,0.00363918,0.555108,0.117512,-8.48223e-12,0.573194,-0.162484,8.38161e-12,0.187905,0.157091,0.103081,0.193075,-0.130621,1.33575e-11
7.437,0.373386,-0.0719265,0.243508,0.251051,0.0696508,0.00284662,0.555108,0.117512,-8.48223e-12,0.573194,-0.162484,8.38161e-12,0.188295,0.157086,0.103185,0.193075,-0.130621,1.33575e-11
7.438,0.373418,-0.0721962,0.243496,0.252283,0.0691466,0.0020447,0.555108,0.117512,-8.48223e-12,0.573194,-0.162484,8.38161e-12,0.188687,0.157081,0.103286,0.193075,-0.130621,1.33575e-11
7.439,0.37345,-0.0724659,0.243482,0.253517,0.0686436,0.00123352,0.555108,0.117512,-8.48223e-12,0.573194,-0.162484,8.38161e-12,0.18908,0.157076,0.103383,0.193075,-0.130621,1.33575e-11
7.44,0.373483,-0.0727355,0.243468,0.254754,0.068142,0.000413189,0.555108,0.117512,-8.48223e-12,0.573194,-0.162484,8.38161e-12,0.189476,0.15707,0.103477,0.193075,-0.130621,1.33575e-11
7.441,0.373516,-0.0730049,0.243453,0.255993,0.0676417,-0.00041619,0.555108,0.117512,-8.48223e-12,0.573194,-0.162484,8.38161e-12,0.189873,0.157065,0.103566,0.193075,-0.130621,1.33575e-11
7.442,0.373549,-0.0732743,0.243436,0.257235,0.0671428,-0.00125451,0.555108,0.117512,-8.48223e-12,0.573194,-0.162484,8.38161e-12,0.190272,0.15706,0.103652,0.193075,-0.130621,1.33575e-11
7.443,0.373583,-0.0735435,0.243419,0.258478,0.0666455,-0.00210168,0.555108,0.117512,-8.48223e-12,0.573194,-0.162484,8.38161e-12,0.190672,0.157055,0.103734,0.193075,-0.130621,1.33575e-11
7.444,0.373616,-0.0738126,0.243401,0.259724,0.0661498,-0.00295759,0.555108,0.117512,-8.48223e-12,0.573194,-0.162484,8.38161e-12,0.191075,0.157049,0.103812,0.193075,-0.130621,1.33575e-11
7.445,0.37365,-0.0740816,0.243383,0.260972,0.0656557,-0.00382212,0.555108,0.117512,-8.48223e-12,0.573194,-0.162484,8.38161e-12,0.191479,0.157044,0.103886,0.193075,-0.130621,1.33575e-11
7.446,0.373685,-0.0743505,0.243363,0.262222,0.0651633,-0.00469519,0.555108,0.117512,-8.48223e-12,0.573194,-0.162484,8.38161e-12,0.191885,0.157039,0.103956,0.193075,-0.130621,1.33575e-11
7.447,0.373719,-0.0746193,0.243342,0.263475,0.0646727,-0.00557669,0.555108,0.117512,-8.48223e-12,0.573194,-0.162484,8.38161e-12,0.192293,0.157034,0.104022,0.193075,-0.130621,1.33575e-11
7.448,0.373754,-0.0748878,0.24332,0.264729,0.064184,-0.00646651,0.555108,0.117512,-8.48223e-12,0.573194,-0.162484,8.38161e-12,0.192703,0.157028,0.104085,0.193075,-0.130621,1.33575e-11
7.449,0.373789,-0.0751563,0.243298,0.265985,0.0636972,-0.00736454,0.555108,0.117512,-8.48223e-12,0.573194,-0.162484,8.38161e-12,0.193115,0.157023,0.104143,0.193075,-0.130621,1.33575e-11
7.45,0.373824,-0.0754246,0.243274,0.267242,0.0632124,-0.0082707,0.555108,0.117512,-8.48223e-12,0.573194,-0.162484,8.38161e-12,0.193528,0.157017,0.104197,0.193075,-0.130621,1.33575e-11
7.451,0.37386,-0.0756927,0.24325,0.268502,0.0627296,-0.00918486,0.555108,0.117512,-8.48223e-12,0.573194,-0.162484,8.38161e-12,0.193943,0.157012,0.104248,0.193075,-0.130621,1.33575e-11
7.452,0.373895,-0.0759607,0.243225,0.269763,0.062249,-0.0101069,0.555108,0.117512,-8.48223e-12,0.573194,-0.162484,8.38161e-12,0.194361,0.157006,0.104294,0.193075,-0.130621,1.33575e-11
7.453,0.373931,-0.0762285,0.243199,0.271026,0.0617706,-0.0110368,0.555108,0.117512,-8.48223e-12,0.573194,-0.162484,8.38161e-12,0.194779,0.157001,0.104336,0.193075,-0.130621,1.33575e-11
7.454,0.373968,-0.0764962,0.243172,0.27229,0.0612944,-0.0119744,0.555108,0.117512,-8.48223e-12,0.573194,-0.162484,8.38161e-12,0.1952,0.156995,0.104374,0.193075,-0.130621,1.33575e-11
7.455,0.374004,-0.0767636,0.243144,0.273556,0.0608206,-0.0129196,0.555108,0.117512,-8.48223e-12,0.573194,-0.162484,8.38161e-12,0.195623,0.15699,0.104408,0.193075,-0.130621,1.33575e-11
7.456,0.374041,-0.0770309,0.243115,0.274823,0.0603492,-0.0138722,0.555108,0.117512,-8.48223e-12,0.573194,-0.162484,8.38161e-12,0.196047,0.156984,0.104438,0.193075,-0.130621,1.33575e-11
7.457,0.374078,-0.077298,0.243085,0.276091,0.0598802,-0.0148323,0.555108,0.117512,-8.48223e-12,0.573194,-0.162484,8.38161e-12,0.196474,0.156979,0.104464,0.193075,-0.130621,1.33575e-11
7.458,0.374115,-0.0775648,0.243055,0.277361,0.0594138,-0.0157996,0.555108,0.117512,-8.48223e-12,0.573194,-0.162484,8.38161e-12,0.196902,0.156973,0.104485,0.193075,-0.130621,1.33575e-11
7.459,0.374153,-0.0778315,0.243023,0.278632,0.0589499,-0.0167742,0.555108,0.117512,-8.48223e-12,0.573194,-0.162484,8.38161e-12,0.197332,0.156967,0.104503,0.193075,-0.130621,1.33575e-11
7.46,0.37419,-0.078098,0.242991,0.279904,0.0584888,-0.0177558,0.555108,0.117512,-8.48223e-12,0.573194,-0.162484,8.38161e-12,0.197764,0.156962,0.104516,0.193075,-0.130621,1.33575e-11
7.461,0.374228,-0.0783643,0.242957,0.281178,0.0580304,-0.0187444,0.555108,0.117512,-8.48223e-12,0.573194,-0.162484,8.38161e-12,0.198198,0.156956,0.104525,0.193075,-0.130621,1.33575e-11
7.462,0.374267,-0.0786303,0.242923,0.282452,0.0575748,-0.0197398,0.555108,0.117512,-8.48223e-12,0.573194,-0.162484,8.38161e-12,0.198634,0.15695,0.104529,0.193075,-0.130621,1.33575e-11
7.463,0.374305,-0.0788961,0.242888,0.283727,0.0571221,-0.020742,0.555108,0.117512,-8.48223e-12,0.573194,-0.162484,8.38161e-12,0.199071,0.156945,0.10453,0.193075,-0.130621,1.33575e-11
7.464,0.374344,-0.0791617,0.242852,0.285004,0.0566723,-0.0217509,0.555108,0.117512,-8.48223e-12,0.573194,-0.162484,8.38161e-12,0.199507,0.156939,0.104526,0.193075,-0.130621,1.33575e-11
7.465,0.374383,-0.0794271,0.242815,0.286281,0.0562255,-0.0227664,0.555108,0.117512,-8.48223e-12,0.573194,-0.162484,8.38161e-12,0.199941,0.156933,0.104518,0.193075,-0.130621,1.33575e-11
7.466,0.374422,-0.0796922,0.242777,0.287558,0.0557819,-0.0237883,0.555108,0.117512,-8.48223e-12,0.573194,-0.162484,8.38161e-12,0.200373,0.156928,0.104505,0.193075,-0.130621,1.33575e-11
7.467,0.374462,-0.079957,0.242738,0.288837,0.0553413,-0.0248165,0.555108,0.117512,-8.48223e-12,0.573194,-0.162484,8.38161e-12,0.200804,0.156922,0.104488,0.193075,-0.130621,1.33575e-11
7.468,0.374502,-0.0802217,0.242699,0.290116,0.054904,-0.025851,0.555108,0.117512,-8.48223e-12,0.573194,-0.162484,8.38161e-12,0.201232,0.156916,0.104467,0.193075,-0.130621,1.33575e-11
7.469,0.374542,-0.080486,0.242658,0.291396,0.05447,-0.0268917,0.555108,0.117512,-8.48223e-12,0.573194,-0.162484,8.38161e-12,0.201659,0.156911,0.104442,0.193075,-0.130621,1.33575e-11
7.47,0.374582,-0.0807501,0.242617,0.292676,0.0540394,-0.0279383,0.555108,0.117512,-8.48223e-12,0.573194,-0.162484,8.38161e-12,0.202084,0.156905,0.104413,0.193075,-0.130621,1.33575e-11
7.471,0.374622,-0.0810139,0.242574,0.293957,0.0536121,-0.028991,0.555108,0.117512,-8.48223e-12,0.573194,-0.162484,8.38161e-12,0.202507,0.1569,0.10438,0.193075,-0.130621,1.33575e-11
7.472,0.374663,-0.0812775,0.242531,0.295238,0.0531884,-0.0300494,0.555108,0.117512,-8.48223e-12,0.573194,-0.162484,8.38161e-12,0.202928,0.156894,0.104342,0.193075,-0.130621,1.33575e-11
7.473,0.374704,-0.0815407,0.242487,0.29652,0.0527682,-0.0311136,0.555108,0.117512,-8.48223e-12,0.573194,-0.162484,8.38161e-12,0.203347,0.156889,0.1043,0.193075,-0.130621,1.33575e-11
7.474,0.374745,-0.0818037,0.242442,0.297802,0.0523516,-0.0321834,0.555108,0.117512,-8.48223e-12,0.573194,-0.162484,8.38161e-12,0.203764,0.156883,0.104255,0.193075,-0.130621,1.33575e-11
7.475,0.374787,-0.0820664,0.242396,0.299084,0.0519388,-0.0332588,0.555108,0.117512,-8.48223e-12,0.573194,-0.162484,8.38161e-12,0.20418,0.156878,0.104205,0.193075,-0.130621,1.33575e-11
7.476,0.374829,-0.0823288,0.242349,0.300366,0.0515297,-0.0343395,0.555108,0.117512,-8.48223e-12,0.573194,-0.162484,8.38161e-12,0.204594,0.156872,0.104151,0.193075,-0.130621,1.33575e-11
7.477,0.374871,-0.0825909,0.242302,0.301648,0.0511244,-0.0354256,0.555108,0.117512,-8.48223e-12,0.573194,-0.162484,8.38161e-12,0.205006,0.156867,0.104094,0.193075,-0.130621,1.33575e-11
7.478,0.374913,-0.0828527,0.242253,0.302931,0.050723,-0.0365169,0.555108,0.117512,-8.48223e-12,0.573194,-0.162484,8.38161e-12,0.205416,0.156861,0.104032,0.193075,-0.130621,1.33575e-11
7.479,0.374955,-0.0831142,0.242204,0.304213,0.0503256,-0.0376133,0.555108,0.117512,-8.48223e-12,0.573194,-0.162484,8.38161e-12,0.205824,0.156856,0.103966,0.193075,-0.130621,1.33575e-11
7.48,0.374998,-0.0833754,0.242153,0.305495,0.0499323,-0.0387147,0.555108,0.117512,-8.48223e-12,0.573194,-0.162484,8.38161e-12,0.20623,0.156851,0.103897,0.193075,-0.130621,1.33575e-11
7.481,0.375041,-0.0836362,0.242102,0.306777,0.049543,-0.039821,0.555108,0.117512,-8.48223e-12,0.573194,-0.162484,8.38161e-12,0.206635,0.156845,0.103823,0.193075,-0.130621,1.33575e-11
7.482,0.375084,-0.0838967,0.24205,0.308059,0.0491579,-0.0409321,0.555108,0.117512,-8.48223e-12,0.573194,-0.162484,8.38161e-12,0.207038,0.15684,0.103746,0.193075,-0.130621,1.33575e-11
7.483,0.375128,-0.0841569,0.241997,0.30934,0.0487771,-0.0420479,0.555108,0.117512,-8.48223e-12,0.573194,-0.162484,8.38161e-12,0.207439,0.156835,0.103664,0.193075,-0.130621,1.33575e-11
7.484,0.375171,-0.0844167,0.241943,0.310621,0.0484006,-0.0431683,0.555108,0.117512,-8.48223e-12,0.573194,-0.162484,8.38161e-12,0.207838,0.15683,0.103579,0.193075,-0.130621,1.33575e-11
7.485,0.375215,-0.0846762,0.241888,0.311902,0.0480284,-0.0442931,0.555108,0.117512,-8.48223e-12,0.573194,-0.162484,8.38161e-12,0.208235,0.156825,0.10349,0.193075,-0.130621,1.33575e-11
7.486,0.37526,-0.0849353,0.241833,0.313182,0.0476607,-0.0454224,0.555108,0.117512,-8.48223e-12,0.573194,-0.162484,8.38161e-12,0.208631,0.156819,0.103398,0.193075,-0.130621,1.33575e-11
7.487,0.375304,-0.0851941,0.241776,0.314461,0.0472975,-0.0465559,0.555108,0.117512,-8.48223e-12,0.573194,-0.162484,8.38161e-12,0.209025,0.156814,0.103301,0.193075,-0.130621,1.33575e-11
7.488,0.375349,-0.0854525,0.241719,0.31574,0.0469389,-0.0476936,0.555108,0.117512,-8.48223e-12,0.573194,-0.162484,8.38161e-12,0.209417,0.156809,0.103201,0.193075,-0.130621,1.33575e-11
7.489,0.375394,-0.0857105,0.24166,0.317019,0.0465849,-0.0488354,0.555108,0.117512,-8.48223e-12,0.573194,-0.162484,8.38161e-12,0.209807,0.156804,0.103097,0.193075,-0.130621,1.33575e-11
7.49,0.375439,-0.0859682,0.241601,0.318296,0.0462357,-0.0499811,0.555108,0.117512,-8.48223e-12,0.573194,-0.162484,8.38161e-12,0.210195,0.156799,0.102989,0.193075,-0.130621,1.33575e-11
7.491,0.375484,-0.0862255,0.241541,0.319573,0.0458913,-0.0511307,0.555108,0.117512,-8.48223e-12,0.573194,-0.162484,8.38161e-12,0.210582,0.156794,0.102878,0.193075,-0.130621,1.33575e-11
7.492,0.37553,-0.0864824,0.24148,0.320849,0.0455517,-0.0522841,0.555108,0.117512,-8.48223e-12,0.573194,-0.162484,8.38161e-12,0.210967,0.156789,0.102763,0.193075,-0.130621,1.33575e-11
7.493,0.375576,-0.0867389,0.241418,0.322124,0.045217,-0.0534411,0.555108,0.117512,-8.48223e-12,0.573194,-0.162484,8.38161e-12,0.21135,0.156784,0.102644,0.193075,-0.130621,1.33575e-11
7.494,0.375622,-0.086995,0.241355,0.323398,0.0448873,-0.0546017,0.555108,0.117512,-8.48223e-12,0.573194,-0.162484,8.38161e-12,0.211731,0.156779,0.102522,0.193075,-0.130621,1.33575e-11
7.495,0.375668,-0.0872507,0.241291,0.32467,0.0445627,-0.0557657,0.555108,0.117512,-8.48223e-12,0.573194,-0.162484,8.38161e-12,0.212111,0.156774,0.102396,0.193075,-0.130621,1.33575e-11
7.496,0.375715,-0.087506,0.241227,0.325942,0.0442432,-0.0569331,0.555108,0.117512,-8.48223e-12,0.573194,-0.162484,8.38161e-12,0.212489,0.156769,0.102266,0.193075,-0.130621,1.33575e-11
7.497,0.375761,-0.0877609,0.241161,0.327213,0.0439289,-0.0581037,0.555108,0.117512,-8.48223e-12,0.573194,-0.162484,8.38161e-12,0.212865,0.156764,0.102133,0.193075,-0.130621,1.33575e-11
7.498,0.375809,-0.0880154,0.241095,0.328482,0.0436199,-0.0592774,0.555108,0.117512,-8.48223e-12,0.573194,-0.162484,8.38161e-12,0.213239,0.156759,0.101997,0.193075,-0.130621,1.33575e-11
7.499,0.375856,-0.0882694,0.241028,0.32975,0.0433162,-0.0604542,0.555108,0.117512,-8.48223e-12,0.573194,-0.162484,8.38161e-12,0.213612,0.156754,0.101857,0.193075,-0.130621,1.33575e-11
7.5,0.375903,-0.088523,0.24096,0.331017,0.0430179,-0.0616339,0.555108,0.117512,-8.48223e-12,0.573194,-0.162484,8.38161e-12,0.213982,0.156749,0.101713,0.193075,-0.130621,1.33575e-11
7.501,0.375951,-0.0887762,0.240891,0.332282,0.042725,-0.0628165,0.555108,0.117512,-8.48223e-12,0.573194,-0.162484,8.38161e-12,0.214352,0.156744,0.101566,0.193075,-0.130621,1.33575e-11
7.502,0.375999,-0.089029,0.240821,0.333545,0.0424376,-0.0640016,0.555108,0.117512,-8.48223e-12,0.573194,-0.162484,8.38161e-12,0.214719,0.15674,0.101416,0.193075,-0.130621,1.33575e-11
7.503,0.376047,-0.0892813,0.24075,0.334807,0.0421554,-0.0651892,0.555108,0.117512,-8.48223e-12,0.573194,-0.162484,8.38161e-12,0.215084,0.156735,0.101262,0.193075,-0.130621,1.33575e-11
7.504,0.376096,-0.0895331,0.240679,0.336067,0.0418785,-0.0663791,0.555108,0.117512,-8.48223e-12,0.573194,-0.162484,8.38161e-12,0.215448,0.15673,0.101104,0.193075,-0.130621,1.33575e-11
7.505,0.376144,-0.0897845,0.240606,0.337325,0.0416067,-0.0675711,0.555108,0.117512,-8.48223e-12,0.573194,-0.162484,8.38161e-12,0.215811,0.156725,0.100944,0.193075,-0.130621,1.33575e-11
7.506,0.376193,-0.0900354,0.240533,0.338581,0.04134,-0.0687649,0.555108,0.117512,-8.48223e-12,0.573194,-0.162484,8.38161e-12,0.216171,0.15672,0.10078,0.193075,-0.130621,1.33575e-11
7.507,0.376243,-0.0902859,0.240459,0.339835,0.0410783,-0.0699604,0.555108,0.117512,-8.48223e-12,0.573194,-0.162484,8.38161e-12,0.21653,0.156716,0.100613,0.193075,-0.130621,1.33575e-11
7.508,0.376292,-0.0905359,0.240384,0.341086,0.0408215,-0.0711575,0.555108,0.117512,-8.48223e-12,0.573194,-0.162484,8.38161e-12,0.216887,0.156711,0.100442,0.193075,-0.130621,1.33575e-11
7.509,0.376342,-0.0907854,0.240308,0.342335,0.0405696,-0.0723559,0.555108,0.117512,-8.48223e-12,0.573194,-0.162484,8.38161e-12,0.217242,0.156706,0.100268,0.193075,-0.130621,1.33575e-11
7.51,0.376392,-0.0910345,0.240232,0.343582,0.0403224,-0.0735554,0.555108,0.117512,-8.48223e-12,0.573194,-0.162484,8.38161e-12,0.217596,0.156702,0.100091,0.193075,-0.130621,1.33575e-11
7.511,0.376442,-0.091283,0.240154,0.344825,0.0400798,-0.0747558,0.555108,0.117512,-8.48223e-12,0.573194,-0.162484,8.38161e-12,0.217948,0.156697,0.0999105,0.193075,-0.130621,1.33575e-11
7.512,0.376492,-0.0915311,0.240076,0.346066,0.0398419,-0.075957,0.555108,0.117512,-8.48223e-12,0.573194,-0.162484,8.38161e-12,0.218298,0.156693,0.099727,0.193075,-0.130621,1.33575e-11
7.513,0.376543,-0.0917787,0.239997,0.347304,0.0396085,-0.0771588,0.555108,0.117512,-8.48223e-12,0.573194,-0.162484,8.38161e-12,0.218646,0.156688,0.0995402,0.193075,-0.130621,1.33575e-11
7.514,0.376593,-0.0920257,0.239918,0.348538,0.0393795,-0.0783609,0.555108,0.117512,-8.48223e-12,0.573194,-0.162484,8.38161e-12,0.218993,0.156683,0.0993502,0.193075,-0.130621,1.33575e-11
7.515,0.376644,-0.0922723,0.239837,0.34977,0.0391548,-0.0795633,0.555108,0.117512,-8.48223e-12,0.573194,-0.162484,8.38161e-12,0.219338,0.156679,0.0991572,0.193075,-0.130621,1.33575e-11
7.516,0.376696,-0.0925184,0.239756,0.350998,0.0389345,-0.0807656,0.555108,0.117512,-8.48223e-12,0.573194,-0.162484,8.38161e-12,0.219682,0.156674,0.098961,0.193075,-0.130621,1.33575e-11
7.517,0.376747,-0.0927639,0.239674,0.352222,0.0387183,-0.0819678,0.555108,0.117512,-8.48223e-12,0.573194,-0.162484,8.38161e-12,0.220024,0.15667,0.0987617,0.193075,-0.130621,1.33575e-11
7.518,0.376799,-0.0930089,0.239592,0.353443,0.0385063,-0.0831696,0.555108,0.117512,-8.48223e-12,0.573194,-0.162484,8.38161e-12,0.220364,0.156666,0.0985593,0.193075,-0.130621,1.33575e-11
7.519,0.376851,-0.0932534,0.239508,0.35466,0.0382982,-0.0843708,0.555108,0.117512,-8.48223e-12,0.573194,-0.162484,8.38161e-12,0.220702,0.156661,0.0983538,0.193075,-0.130621,1.33575e-11
7.52,0.376903,-0.0934974,0.239424,0.355874,0.0380942,-0.0855713,0.555108,0.117512,-8.48223e-12,0.573194,-0.162484,8.38161e-12,0.221039,0.156657,0.0981454,0.193075,-0.130621,1.33575e-11
7.521,0.376955,-0.0937408,0.239339,0.357083,0.037894,-0.0867709,0.555108,0.117512,-8.48223e-12,0.573194,-0.162484,8.38161e-12,0.221374,0.156652,0.0979339,0.193075,-0.130621,1.33575e-11
7.522,0.377008,-0.0939837,0.239254,0.358288,0.0376976,-0.0879693,0.555108,0.117512,-8.48223e-12,0.573194,-0.162484,8.38161e-12,0.221708,0.156648,0.0977194,0.193075,-0.130621,1.33575e-11
7.523,0.377061,-0.0942261,0.239167,0.359489,0.0375049,-0.0891665,0.555108,0.117512,-8.48223e-12,0.573194,-0.162484,8.38161e-12,0.222039,0.156644,0.097502,0.193075,-0.130621,1.33575e-11
7.524,0.377114,-0.0944679,0.239081,0.360685,0.0373159,-0.0903621,0.555108,0.117512,-8.48223e-12,0.573194,-0.162484,8.38161e-12,0.22237,0.156639,0.0972816,0.193075,-0.130621,1.33575e-11
7.525,0.377167,-0.0947091,0.238993,0.361877,0.0371304,-0.091556,0.555108,0.117512,-8.48223e-12,0.573194,-0.162484,8.38161e-12,0.222698,0.156635,0.0970584,0.193075,-0.130621,1.33575e-11
7.526,0.377221,-0.0949498,0.238905,0.363064,0.0369485,-0.0927481,0.555108,0.117512,-8.48223e-12,0.573194,-0.162484,8.38161e-12,0.223025,0.156631,0.0968322,0.193075,-0.130621,1.33575e-11
7.527,0.377275,-0.09519,0.238816,0.364247,0.0367699,-0.0939381,0.555108,0.117512,-8.48223e-12,0.573194,-0.162484,8.38161e-12,0.22335,0.156626,0.0966031,0.193075,-0.130621,1.33575e-11
7.528,0.377329,-0.0954295,0.238726,0.365424,0.0365946,-0.0951258,0.555108,0.117512,-8.48223e-12,0.573194,-0.162484,8.38161e-12,0.223674,0.156622,0.0963712,0.193075,-0.130621,1.33575e-11
7.529,0.377383,-0.0956685,0.238636,0.366597,0.0364226,-0.0963111,0.555108,0.117512,-8.48223e-12,0.573194,-0.162484,8.38161e-12,0.223996,0.156618,0.0961365,0.193075,-0.130621,1.33575e-11
7.53,0.377437,-0.0959069,0.238545,0.367764,0.0362537,-0.0974938,0.555108,0.117512,-8.48223e-12,0.573194,-0.162484,8.38161e-12,0.224316,0.156614,0.0958989,0.193075,-0.130621,1.33575e-11
7.531,0.377492,-0.0961447,0.238454,0.368926,0.0360879,-0.0986737,0.555108,0.117512,-8.48223e-12,0.573194,-0.162484,8.38161e-12,0.224635,0.15661,0.0956586,0.193075,-0.130621,1.33575e-11
7.532,0.377547,-0.096382,0.238362,0.370082,0.0359251,-0.0998505,0.555108,0.117512,-8.48223e-12,0.573194,-0.162484,8.38161e-12,0.224952,0.156605,0.0954155,0.193075,-0.130621,1.33575e-11
7.533,0.377602,-0.0966186,0.238269,0.371233,0.0357653,-0.101024,0.555108,0.117512,-8.48223e-12,0.573194,-0.162484,8.38161e-12,0.225267,0.156601,0.0951697,0.193075,-0.130621,1.33575e-11
7.534,0.377657,-0.0968546,0.238176,0.372379,0.0356082,-0.102194,0.555108,0.117512,-8.48223e-12,0.573194,-0.162484,8.38161e-12,0.225581,0.156597,0.0949212,0.193075,-0.130621,1.33575e-11
7.535,0.377713,-0.0970901,0.238082,0.373518,0.035454,-0.103361,0.555108,0.117512,-8.48223e-12,0.573194,-0.162484,8.38161e-12,0.225894,0.156593,0.0946699,0.193075,-0.130621,1.33575e-11
7.536,0.377769,-0.0973249,0.237987,0.374652,0.0353024,-0.104524,0.555108,0.117512,-8.48223e-12,0.573194,-0.162484,8.38161e-12,0.226204,0.156589,0.094416,0.193075,-0.130621,1.33575e-11
7.537,0.377825,-0.0975591,0.237892,0.375779,0.0351534,-0.105683,0.555108,0.117512,-8.48223e-12,0.573194,-0.162484,8.38161e-12,0.226513,0.156585,0.0941595,0.193075,-0.130621,1.33575e-11
7.538,0.377881,-0.0977927,0.237796,0.376901,0.035007,-0.106838,0.555108,0.117512,-8.48223e-12,0.573194,-0.162484,8.38161e-12,0.226821,0.156581,0.0939003,0.193075,-0.130621,1.33575e-11
7.539,0.377937,-0.0980257,0.2377,0.378015,0.034863,-0.107989,0.555108,0.117512,-8.48223e-12,0.573194,-0.162484,8.38161e-12,0.227127,0.156577,0.0936385,0.193075,-0.130621,1.33575e-11
7.54,0.377994,-0.098258,0.237603,0.379124,0.0347213,-0.109135,0.555108,0.117512,-8.48223e-12,0.573194,-0.162484,8.38161e-12,0.227431,0.156573,0.0933741,0.193075,-0.130621,1.33575e-11
7.541,0.378051,-0.0984897,0.237506,0.380226,0.034582,-0.110276,0.555108,0.117512,-8.48223e-12,0.573194,-0.162484,8.38161e-12,0.227734,0.156569,0.0931072,0.193075,-0.130621,1.33575e-11
7.542,0.378108,-0.0987208,0.237408,0.381321,0.0344448,-0.111412,0.555108,0.117512,-8.48223e-12,0.573194,-0.162484,8.38161e-12,0.228035,0.156565,0.0928378,0.193075,-0.130621,1.33575e-11
7.543,0.378165,-0.0989512,0.23731,0.382409,0.0343098,-0.112544,0.555108,0.117512,-8.48223e-12,0.573194,-0.162484,8.38161e-12,0.228334,0.156561,0.0925658,0.193075,-0.130621,1.33575e-11
7.544,0.378223,-0.099181,0.237211,0.383491,0.0341768,-0.11367,0.555108,0.117512,-8.48223e-12,0.573194,-0.162484,8.38161e-12,0.228632,0.156557,0.0922913,0.193075,-0.130621,1.33575e-11
7.545,0.378281,-0.0994101,0.237112,0.384565,0.0340458,-0.114791,0.555108,0.117512,-8.48223e-12,0.573194,-0.162484,8.38161e-12,0.228929,0.156553,0.0920144,0.193075,-0.130621,1.33575e-11
7.546,0.378339,-0.0996386,0.237012,0.385632,0.0339167,-0.115906,0.555108,0.117512,-8.48223e-12,0.573194,-0.162484,8.38161e-12,0.229224,0.156549,0.091735,0.193075,-0.130621,1.33575e-11
7.547,0.378397,-0.0998664,0.236912,0.386692,0.0337894,-0.117015,0.555108,0.117512,-8.48223e-12,0.573194,-0.162484,8.38161e-12,0.229517,0.156546,0.0914532,0.193075,-0.130621,1.33575e-11
7.548,0.378455,-0.100094,0.236811,0.387744,0.0336638,-0.118118,0.555108,0.117512,-8.48223e-12,0.573194,-0.162484,8.38161e-12,0.229809,0.156542,0.0911691,0.193075,-0.130621,1.33575e-11
7.549,0.378514,-0.10032,0.236709,0.388788,0.0335398,-0.119215,0.555108,0.117512,-8.48223e-12,0.573194,-0.162484,8.38161e-12,0.230099,0.156538,0.0908825,0.193075,-0.130621,1.33575e-11
7.55,0.378573,-0.100546,0.236608,0.389825,0.0334175,-0.120306,0.555108,0.117512,-8.48223e-12,0.573194,-0.162484,8.38161e-12,0.230387,0.156534,0.0905936,0.193075,-0.130621,1.33575e-11
7.551,0.378632,-0.100771,0.236505,0.390854,0.0332966,-0.12139,0.555108,0.117512,-8.48223e-12,0.573194,-0.162484,8.38161e-12,0.230674,0.15653,0.0903023,0.193075,-0.130621,1.33575e-11
7.552,0.378691,-0.100995,0.236403,0.391875,0.0331771,-0.122467,0.555108,0.117512,-8.48223e-12,0.573194,-0.162484,8.38161e-12,0.23096,0.156527,0.0900087,0.193075,-0.130621,1.33575e-11
7.553,0.378751,-0.101219,0.2363,0.392888,0.033059,-0.123537,0.555108,0.117512,-8.48223e-12,0.573194,-0.162484,8.38161e-12,0.231244,0.156523,0.0897129,0.193075,-0.130621,1.33575e-11
7.554,0.37881,-0.101442,0.236196,0.393892,0.0329421,-0.1246,0.555108,0.117512,-8.48223e-12,0.573194,-0.162484,8.38161e-12,0.231526,0.156519,0.0894147,0.193075,-0.130621,1.33575e-11
7.555,0.37887,-0.101664,0.236092,0.394888,0.0328263,-0.125656,0.555108,0.117512,-8.48223e-12,0.573194,-0.162484,8.38161e-12,0.231807,0.156515,0.0891144,0.193075,-0.130621,1.33575e-11
7.556,0.378931,-0.101886,0.235988,0.395876,0.0327117,-0.126705,0.555108,0.117512,-8.48223e-12,0.573194,-0.162484,8.38161e-12,0.232087,0.156512,0.0888118,0.193075,-0.130621,1.33575e-11
7.557,0.378991,-0.102107,0.235883,0.396855,0.0325981,-0.127745,0.555108,0.117512,-8.48223e-12,0.573194,-0.162484,8.38161e-12,0.232365,0.156508,0.088507,0.193075,-0.130621,1.33575e-11
7.558,0.379052,-0.102327,0.235778,0.397825,0.0324854,-0.128778,0.555108,0.117512,-8.48223e-12,0.573194,-0.162484,8.38161e-12,0.232641,0.156505,0.0882,0.193075,-0.130621,1.33575e-11
7.559,0.379112,-0.102547,0.235672,0.398787,0.0323736,-0.129803,0.555108,0.117512,-8.48223e-12,0.573194,-0.162484,8.38161e-12,0.232916,0.156501,0.0878909,0.193075,-0.130621,1.33575e-11
7.56,0.379173,-0.102765,0.235566,0.399739,0.0322625,-0.130819,0.555108,0.117512,-8.48223e-12,0.573194,-0.162484,8.38161e-12,0.233189,0.156497,0.0875797,0.193075,-0.130621,1.33575e-11
7.561,0.379235,-0.102983,0.23546,0.400682,0.0321521,-0.131827,0.555108,0.117512,-8.48223e-12,0.573194,-0.162484,8.38161e-12,0.233461,0.156494,0.0872664,0.193075,-0.130621,1.33575e-11
7.562,0.379296,-0.103201,0.235353,0.401616,0.0320424,-0.132826,0.555108,0.117512,-8.48223e-12,0.573194,-0.162484,8.38161e-12,0.233731,0.15649,0.0869509,0.193075,-0.130621,1.33575e-11
7.563,0.379358,-0.103417,0.235246,0.40254,0.0319331,-0.133817,0.555108,0.117512,-8.48223e-12,0.573194,-0.162484,8.38161e-12,0.234,0.156487,0.0866334,0.193075,-0.130621,1.33575e-11
7.564,0.37942,-0.103633,0.235139,0.403455,0.0318244,-0.134798,0.555108,0.117512,-8.48223e-12,0.573194,-0.162484,8.38161e-12,0.234267,0.156483,0.0863139,0.193075,-0.130621,1.33575e-11
7.565,0.379482,-0.103848,0.235031,0.40436,0.031716,-0.13577,0.555108,0.117512,-8.48223e-12,0.573194,-0.162484,8.38161e-12,0.234533,0.15648,0.0859924,0.193075,-0.130621,1.33575e-11
7.566,0.379544,-0.104062,0.234923,0.405256,0.0316079,-0.136733,0.555108,0.117512,-8.48223e-12,0.573194,-0.162484,8.38161e-12,0.234798,0.156476,0.0856688,0.193075,-0.130621,1.33575e-11
7.567,0.379606,-0.104276,0.234814,0.406141,0.0315,-0.137686,0.555108,0.117512,-8.48223e-12,0.573194,-0.162484,8.38161e-12,0.23506,0.156473,0.0853433,0.193075,-0.130621,1.33575e-11
7.568,0.379669,-0.104488,0.234706,0.407016,0.0313922,-0.13863,0.555108,0.117512,-8.48223e-12,0.573194,-0.162484,8.38161e-12,0.235322,0.156469,0.0850158,0.193075,-0.130621,1.33575e-11
7.569,0.379732,-0.1047,0.234597,0.407882,0.0312845,-0.139563,0.555108,0.117512,-8.48223e-12,0.573194,-0.162484,8.38161e-12,0.235582,0.156466,0.0846864,0.193075,-0.130621,1.33575e-11
7.57,0.379795,-0.104912,0.234487,0.408737,0.0311768,-0.140486,0.555108,0.117512,-8.48223e-12,0.573194,-0.162484,8.38161e-12,0.23584,0.156463,0.0843551,0.193075,-0.130621,1.33575e-11
7.571,0.379859,-0.105122,0.234378,0.409581,0.031069,-0.141399,0.555108,0.117512,-8.48223e-12,0.573194,-0.162484,8.38161e-12,0.236097,0.156459,0.084022,0.193075,-0.130621,1.33575e-11
7.572,0.379922,-0.105332,0.234268,0.410415,0.030961,-0.142302,0.555108,0.117512,-8.48223e-12,0.573194,-0.162484,8.38161e-12,0.236353,0.156456,0.0836869,0.193075,-0.130621,1.33575e-11
7.573,0.379986,-0.10554,0.234158,0.411238,0.0308527,-0.143193,0.555108,0.117512,-8.48223e-12,0.573194,-0.162484,8.38161e-12,0.236607,0.156453,0.0833501,0.193075,-0.130621,1.33575e-11
7.574,0.38005,-0.105748,0.234048,0.41205,0.0307441,-0.144074,0.555108,0.117512,-8.48223e-12,0.573194,-0.162484,8.38161e-12,0.236859,0.156449,0.0830114,0.193075,-0.130621,1.33575e-11
7.575,0.380114,-0.105956,0.233937,0.412852,0.0306351,-0.144944,0.555108,0.117512,-8.48223e-12,0.573194,-0.162484,8.38161e-12,0.23711,0.156446,0.0826709,0.193075,-0.130621,1.33575e-11
7.576,0.380178,-0.106162,0.233826,0.413642,0.0305256,-0.145802,0.555108,0.117512,-8.48223e-12,0.573194,-0.162484,8.38161e-12,0.23736,0.156443,0.0823286,0.193075,-0.130621,1.33575e-11
7.577,0.380243,-0.106368,0.233715,0.414421,0.0304155,-0.146649,0.555108,0.117512,-8.48223e-12,0.573194,-0.162484,8.38161e-12,0.237608,0.156439,0.0819847,0.193075,-0.130621,1.33575e-11
7.578,0.380308,-0.106572,0.233604,0.415189,0.0303047,-0.147485,0.555108,0.117512,-8.48223e-12,0.573194,-0.162484,8.38161e-12,0.237855,0.156436,0.0816389,0.193075,-0.130621,1.33575e-11
7.579,0.380373,-0.106776,0.233492,0.415945,0.0301932,-0.148308,0.555108,0.117512,-8.48223e-12,0.573194,-0.162484,8.38161e-12,0.2381,0.156433,0.0812915,0.193075,-0.130621,1.33575e-11
7.58,0.380438,-0.10698,0.23338,0.41669,0.0300808,-0.14912,0.555108,0.117512,-8.48223e-12,0.573194,-0.162484,8.38161e-12,0.238344,0.15643,0.0809424,0.193075,-0.130621,1.33575e-11
7.581,0.380503,-0.107182,0.233268,0.417423,0.0299676,-0.149919,0.555108,0.117512,-8.48223e-12,0.573194,-0.162484,8.38161e-12,0.238587,0.156427,0.0805917,0.193075,-0.130621,1.33575e-11
7.582,0.380569,-0.107383,0.233156,0.418144,0.0298534,-0.150706,0.555108,0.117512,-8.48223e-12,0.573194,-0.162484,8.38161e-12,0.238828,0.156423,0.0802393,0.193075,-0.130621,1.33575e-11
7.583,0.380635,-0.107584,0.233044,0.418853,0.0297381,-0.15148,0.555108,0.117512,-8.48223e-12,0.573194,-0.162484,8.38161e-12,0.239067,0.15642,0.0798853,0.193075,-0.130621,1.33575e-11
7.584,0.380701,-0.107784,0.232931,0.41955,0.0296217,-0.152241,0.555108,0.117512,-8.48223e-12,0.573194,-0.162484,8.38161e-12,0.239306,0.156417,0.0795297,0.193075,-0.130621,1.33575e-11
7.585,0.380767,-0.107983,0.232818,0.420234,0.0295041,-0.15299,0.555108,0.117512,-8.48223e-12,0.573194,-0.162484,8.38161e-12,0.239543,0.156414,0.0791726,0.193075,-0.130621,1.33575e-11
7.586,0.380834,-0.108181,0.232706,0.420907,0.0293852,-0.153725,0.555108,0.117512,-8.48223e-12,0.573194,-0.162484,8.38161e-12,0.239778,0.156411,0.0788139,0.193075,-0.130621,1.33575e-11
7.587,0.3809,-0.108378,0.232593,0.421566,0.0292649,-0.154447,0.555108,0.117512,-8.48223e-12,0.573194,-0.162484,8.38161e-12,0.240012,0.156408,0.0784536,0.193075,-0.130621,1.33575e-11
7.588,0.380967,-0.108574,0.232479,0.422214,0.0291431,-0.155155,0.555108,0.117512,-8.48223e-12,0.573194,-0.162484,8.38161e-12,0.240244,0.156405,0.0780919,0.193075,-0.130621,1.33575e-11
7.589,0.381034,-0.10877,0.232366,0.422848,0.0290198,-0.15585,0.555108,0.117512,-8.48223e-12,0.573194,-0.162484,8.38161e-12,0.240476,0.156402,0.0777287,0.193075,-0.130621,1.33575e-11
7.59,0.381101,-0.108964,0.232253,0.423469,0.0288949,-0.156531,0.555108,0.117512,-8.48223e-12,0.573194,-0.162484,8.38161e-12,0.240705,0.156399,0.0773641,0.193075,-0.130621,1.33575e-11
7.591,0.381169,-0.109158,0.232139,0.424078,0.0287683,-0.157197,0.555108,0.117512,-8.48223e-12,0.573194,-0.162484,8.38161e-12,0.240934,0.156396,0.076998,0.193075,-0.130621,1.33575e-11
7.592,0.381237,-0.109351,0.232026,0.424673,0.02864,-0.15785,0.555108,0.117512,-8.48223e-12,0.573194,-0.162484,8.38161e-12,0.241161,0.156393,0.0766305,0.193075,-0.130621,1.33575e-11
7.593,0.381304,-0.109543,0.231912,0.425255,0.0285097,-0.158488,0.555108,0.117512,-8.48223e-12,0.573194,-0.162484,8.38161e-12,0.241386,0.15639,0.0762617,0.193075,-0.130621,1.33575e-11
7.594,0.381372,-0.109734,0.231798,0.425824,0.0283776,-0.159111,0.555108,0.117512,-8.48223e-12,0.573194,-0.162484,8.38161e-12,0.241611,0.156387,0.0758915,0.193075,-0.130621,1.33575e-11
7.595,0.381441,-0.109924,0.231684,0.426379,0.0282434,-0.159719,0.555108,0.117512,-8.48223e-12,0.573194,-0.162484,8.38161e-12,0.241834,0.156384,0.0755199,0.193075,-0.130621,1.33575e-11
7.596,0.381509,-0.110113,0.23157,0.426921,0.0281071,-0.160312,0.555108,0.117512,-8.48223e-12,0.573194,-0.162484,8.38161e-12,0.242055,0.156381,0.075147,0.193075,-0.130621,1.33575e-11
7.597,0.381578,-0.110302,0.231456,0.427448,0.0279687,-0.160891,0.555108,0.117512,-8.48223e-12,0.573194,-0.162484,8.38161e-12,0.242275,0.156378,0.0747728,0.193075,-0.130621,1.33575e-11
7.598,0.381647,-0.110489,0.231342,0.427962,0.027828,-0.161453,0.555108,0.117512,-8.48223e-12,0.573194,-0.162484,8.38161e-12,0.242494,0.156375,0.0743974,0.193075,-0.130621,1.33575e-11
7.599,0.381716,-0.110676,0.231228,0.428462,0.0276849,-0.162,0.555108,0.117512,-8.48223e-12,0.573194,-0.162484,8.38161e-12,0.242711,0.156373,0.0740207,0.193075,-0.130621,1.33575e-11
7.6,0.381785,-0.110861,0.231114,0.428948,0.0275395,-0.162532,0.555108,0.117512,-8.48223e-12,0.573194,-0.162484,8.38161e-12,0.242927,0.15637,0.0736427,0.193075,-0.130621,1.33575e-11
7.601,0.381854,-0.111046,0.230999,0.429419,0.0273916,-0.163047,0.555108,0.117512,-8.48223e-12,0.573194,-0.162484,8.38161e-12,0.243142,0.156367,0.0732636,0.193075,-0.130621,1.33575e-11
7.602,0.381924,-0.11123,0.230885,0.429876,0.0272412,-0.163546,0.555108,0.117512,-8.48223e-12,0.573194,-0.162484,8.38161e-12,0.243355,0.156364,0.0728833,0.193075,-0.130621,1.33575e-11
7.603,0.381994,-0.111412,0.230771,0.430319,0.0270882,-0.16403,0.555108,0.117512,-8.48223e-12,0.573194,-0.162484,8.38161e-12,0.243567,0.156361,0.0725018,0.193075,-0.130621,1.33575e-11
7.604,0.382064,-0.111594,0.230657,0.430748,0.0269328,-0.164498,0.555108,0.117512,-8.48223e-12,0.573194,-0.162484,8.38161e-12,0.243778,0.156359,0.0721192,0.193075,-0.130621,1.33575e-11
7.605,0.382134,-0.111775,0.230543,0.431163,0.0267748,-0.16495,0.555108,0.117512,-8.48223e-12,0.573194,-0.162484,8.38161e-12,0.243987,0.156356,0.0717354,0.193075,-0.130621,1.33575e-11
7.606,0.382205,-0.111955,0.230428,0.431564,0.0266144,-0.165386,0.555108,0.117512,-8.48223e-12,0.573194,-0.162484,8.38161e-12,0.244195,0.156353,0.0713506,0.193075,-0.130621,1.33575e-11
7.607,0.382275,-0.112134,0.230314,0.431952,0.0264513,-0.165808,0.555108,0.117512,-8.48223e-12,0.573194,-0.162484,8.38161e-12,0.244402,0.15635,0.0709647,0.193075,-0.130621,1.33575e-11
7.608,0.382346,-0.112312,0.2302,0.432326,0.0262858,-0.166213,0.555108,0.117512,-8.48223e-12,0.573194,-0.162484,8.38161e-12,0.244607,0.156348,0.0705778,0.193075,-0.130621,1.33575e-11
7.609,0.382417,-0.112489,0.230086,0.432687,0.0261176,-0.166603,0.555108,0.117512,-8.48223e-12,0.573194,-0.162484,8.38161e-12,0.244811,0.156345,0.0701898,0.193075,-0.130621,1.33575e-11
7.61,0.382489,-0.112666,0.229972,0.433034,0.025947,-0.166979,0.555108,0.117512,-8.48223e-12,0.573194,-0.162484,8.38161e-12,0.245014,0.156342,0.0698008,0.193075,-0.130621,1.33575e-11
7.611,0.38256,-0.112841,0.229859,0.433369,0.0257737,-0.167338,0.555108,0.117512,-8.48223e-12,0.573194,-0.162484,8.38161e-12,0.245216,0.15634,0.0694109,0.193075,-0.130621,1.33575e-11
7.612,0.382632,-0.113015,0.229745,0.43369,0.0255979,-0.167683,0.555108,0.117512,-8.48223e-12,0.573194,-0.162484,8.38161e-12,0.245416,0.156337,0.06902,0.193075,-0.130621,1.33575e-11
7.613,0.382704,-0.113189,0.229631,0.433997,0.0254195,-0.168013,0.555108,0.117512,-8.48223e-12,0.573194,-0.162484,8.38161e-12,0.245614,0.156334,0.0686281,0.193075,-0.130621,1.33575e-11
7.614,0.382776,-0.113361,0.229518,0.434293,0.0252385,-0.168327,0.555108,0.117512,-8.48223e-12,0.573194,-0.162484,8.38161e-12,0.245812,0.156332,0.0682354,0.193075,-0.130621,1.33575e-11
7.615,0.382848,-0.113532,0.229405,0.434575,0.025055,-0.168627,0.555108,0.117512,-8.48223e-12,0.573194,-0.162484,8.38161e-12,0.246008,0.156329,0.0678417,0.193075,-0.130621,1.33575e-11
7.616,0.382921,-0.113703,0.229292,0.434844,0.0248688,-0.168912,0.555108,0.117512,-8.48223e-12,0.573194,-0.162484,8.38161e-12,0.246203,0.156327,0.0674472,0.193075,-0.130621,1.33575e-11
7.617,0.382994,-0.113872,0.229179,0.435101,0.02468,-0.169183,0.555108,0.117512,-8.48223e-12,0.573194,-0.162484,8.38161e-12,0.246396,0.156324,0.0670519,0.193075,-0.130621,1.33575e-11
7.618,0.383067,-0.114041,0.229066,0.435346,0.0244886,-0.169438,0.555108,0.117512,-8.48223e-12,0.573194,-0.162484,8.38161e-12,0.246589,0.156322,0.0666557,0.193075,-0.130621,1.33575e-11
7.619,0.38314,-0.114209,0.228954,0.435578,0.0242946,-0.169679,0.555108,0.117512,-8.48223e-12,0.573194,-0.162484,8.38161e-12,0.24678,0.156319,0.0662587,0.193075,-0.130621,1.33575e-11
7.62,0.383214,-0.114375,0.228842,0.435797,0.0240979,-0.169906,0.555108,0.117512,-8.48223e-12,0.573194,-0.162484,8.38161e-12,0.246969,0.156317,0.065861,0.193075,-0.130621,1.33575e-11
7.621,0.383287,-0.114541,0.22873,0.436005,0.0238986,-0.170118,0.555108,0.117512,-8.48223e-12,0.573194,-0.162484,8.38161e-12,0.247158,0.156314,0.0654625,0.193075,-0.130621,1.33575e-11
7.622,0.383361,-0.114706,0.228618,0.436201,0.0236967,-0.170316,0.555108,0.117512,-8.48223e-12,0.573194,-0.162484,8.38161e-12,0.247345,0.156312,0.0650632,0.193075,-0.130621,1.33575e-11
7.623,0.383436,-0.11487,0.228507,0.436384,0.0234921,-0.1705,0.555108,0.117512,-8.48223e-12,0.573194,-0.162484,8.38161e-12,0.247531,0.156309,0.0646633,0.193075,-0.130621,1.33575e-11
7.624,0.38351,-0.115033,0.228396,0.436556,0.0232848,-0.170669,0.555108,0.117512,-8.48223e-12,0.573194,-0.162484,8.38161e-12,0.247716,0.156307,0.0642627,0.193075,-0.130621,1.33575e-11
7.625,0.383585,-0.115194,0.228285,0.436716,0.0230749,-0.170824,0.555108,0.117512,-8.48223e-12,0.573194,-0.162484,8.38161e-12,0.247899,0.156305,0.0638614,0.193075,-0.130621,1.33575e-11
7.626,0.38366,-0.115355,0.228174,0.436864,0.0228622,-0.170966,0.555108,0.117512,-8.48223e-12,0.573194,-0.162484,8.38161e-12,0.248081,0.156302,0.0634594,0.193075,-0.130621,1.33575e-11
7.627,0.383735,-0.115515,0.228064,0.437001,0.022647,-0.171093,0.555108,0.117512,-8.48223e-12,0.573194,-0.162484,8.38161e-12,0.248262,0.1563,0.0630569,0.193075,-0.130621,1.33575e-11
7.628,0.38381,-0.115674,0.227954,0.437126,0.022429,-0.171207,0.555108,0.117512,-8.48223e-12,0.573194,-0.162484,8.38161e-12,0.248442,0.156297,0.0626537,0.193075,-0.130621,1.33575e-11
7.629,0.383886,-0.115832,0.227845,0.437241,0.0222083,-0.171306,0.555108,0.117512,-8.48223e-12,0.573194,-0.162484,8.38161e-12,0.24862,0.156295,0.06225,0.193075,-0.130621,1.33575e-11
7.63,0.383961,-0.115989,0.227736,0.437343,0.0219849,-0.171393,0.555108,0.117512,-8.48223e-12,0.573194,-0.162484,8.38161e-12,0.248797,0.156293,0.0618457,0.193075,-0.130621,1.33575e-11
7.631,0.384038,-0.116145,0.227627,0.437435,0.0217588,-0.171465,0.555108,0.117512,-8.48223e-12,0.573194,-0.162484,8.38161e-12,0.248973,0.15629,0.0614409,0.193075,-0.130621,1.33575e-11
7.632,0.384114,-0.1163,0.227519,0.437516,0.02153,-0.171524,0.555108,0.117512,-8.48223e-12,0.573194,-0.162484,8.38161e-12,0.249148,0.156288,0.0610356,0.193075,-0.130621,1.33575e-11
7.633,0.38419,-0.116455,0.227411,0.437586,0.0212984,-0.171569,0.555108,0.117512,-8.48223e-12,0.573194,-0.162484,8.38161e-12,0.249321,0.156286,0.0606298,0.193075,-0.130621,1.33575e-11
7.634,0.384267,-0.116608,0.227303,0.437645,0.0210641,-0.171601,0.555108,0.117512,-8.48223e-12,0.573194,-0.162484,8.38161e-12,0.249493,0.156284,0.0602235,0.193075,-0.130621,1.33575e-11
7.635,0.384344,-0.11676,0.227196,0.437693,0.0208271,-0.17162,0.555108,0.117512,-8.48223e-12,0.573194,-0.162484,8.38161e-12,0.249664,0.156281,0.0598168,0.193075,-0.130621,1.33575e-11
7.636,0.384422,-0.116911,0.22709,0.437731,0.0205873,-0.171626,0.555108,0.117512,-8.48223e-12,0.573194,-0.162484,8.38161e-12,0.249834,0.156279,0.0594097,0.193075,-0.130621,1.33575e-11
7.637,0.384499,-0.117061,0.226984,0.437758,0.0203448,-0.171618,0.555108,0.117512,-8.48223e-12,0.573194,-0.162484,8.38161e-12,0.250003,0.156277,0.0590022,0.193075,-0.130621,1.33575e-11
7.638,0.384577,-0.11721,0.226878,0.437775,0.0200995,-0.171597,0.555108,0.117512,-8.48223e-12,0.573194,-0.162484,8.38161e-12,0.25017,0.156275,0.0585943,0.193075,-0.130621,1.33575e-11
7.639,0.384655,-0.117359,0.226773,0.437782,0.0198514,-0.171564,0.555108,0.117512,-8.48223e-12,0.573194,-0.162484,8.38161e-12,0.250336,0.156273,0.0581861,0.193075,-0.130621,1.33575e-11
7.64,0.384733,-0.117506,0.226668,0.437779,0.0196005,-0.171517,0.555108,0.117512,-8.48223e-12,0.573194,-0.162484,8.38161e-12,0.250501,0.15627,0.0577776,0.193075,-0.130621,1.33575e-11
7.641,0.384812,-0.117652,0.226564,0.437765,0.0193469,-0.171458,0.555108,0.117512,-8.48223e-12,0.573194,-0.162484,8.38161e-12,0.250665,0.156268,0.0573687,0.193075,-0.130621,1.33575e-11
7.642,0.384891,-0.117797,0.22646,0.437742,0.0190904,-0.171385,0.555108,0.117512,-8.48223e-12,0.573194,-0.162484,8.38161e-12,0.250827,0.156266,0.0569596,0.193075,-0.130621,1.33575e-11
7.643,0.38497,-0.117942,0.226357,0.437709,0.0188312,-0.171301,0.555108,0.117512,-8.48223e-12,0.573194,-0.162484,8.38161e-12,0.250989,0.156264,0.0565502,0.193075,-0.130621,1.33575e-11
7.644,0.385049,-0.118085,0.226255,0.437666,0.0185691,-0.171203,0.555108,0.117512,-8.48223e-12,0.573194,-0.162484,8.38161e-12,0.251149,0.156262,0.0561406,0.193075,-0.130621,1.33575e-11
7.645,0.385129,-0.118227,0.226153,0.437613,0.0183043,-0.171093,0.555108,0.117512,-8.48223e-12,0.573194,-0.162484,8.38161e-12,0.251308,0.15626,0.0557307,0.193075,-0.130621,1.33575e-11
7.646,0.385209,-0.118368,0.226052,0.437551,0.0180366,-0.170971,0.555108,0.117512,-8.48223e-12,0.573194,-0.162484,8.38161e-12,0.251466,0.156258,0.0553207,0.193075,-0.130621,1.33575e-11
7.647,0.385289,-0.118509,0.225951,0.43748,0.017766,-0.170836,0.555108,0.117512,-8.48223e-12,0.573194,-0.162484,8.38161e-12,0.251622,0.156256,0.0549105,0.193075,-0.130621,1.33575e-11
7.648,0.385369,-0.118648,0.225851,0.437399,0.0174927,-0.170689,0.555108,0.117512,-8.48223e-12,0.573194,-0.162484,8.38161e-12,0.251778,0.156254,0.0545002,0.193075,-0.130621,1.33575e-11
7.649,0.38545,-0.118786,0.225751,0.437309,0.0172165,-0.17053,0.555108,0.117512,-8.48223e-12,0.573194,-0.162484,8.38161e-12,0.251932,0.156252,0.0540897,0.193075,-0.130621,1.33575e-11
7.65,0.385531,-0.118923,0.225653,0.43721,0.0169374,-0.170358,0.555108,0.117512,2.12413e-07,0.573194,-0.162484,8.38161e-12,0.252085,0.15625,0.0536791,0.193075,-0.130621,1.33575e-11
7.651,0.385612,-0.11906,0.225555,0.437102,0.0166555,-0.170175,0.555108,0.117512,3.99409e-06,0.573194,-0.162484,8.38161e-12,0.252237,0.156248,0.0532685,0.193075,-0.130621,1.33575e-11
7.652,0.385694,-0.119195,0.225457,0.436985,0.0163707,-0.16998,0.555109,0.117512,1.24854e-05,0.573194,-0.162484,8.38161e-12,0.252388,0.156246,0.0528578,0.193075,-0.130621,1.33575e-11
7.653,0.385776,-0.119329,0.22536,0.436859,0.016083,-0.169772,0.55511,0.117513,2.56614e-05,0.573194,-0.162484,8.38161e-12,0.252538,0.156244,0.0524471,0.193075,-0.130621,1.33575e-11
7.654,0.385858,-0.119462,0.225264,0.436725,0.0157924,-0.169553,0.555111,0.117513,4.34973e-05,0.573194,-0.162484,8.38161e-12,0.252686,0.156242,0.0520363,0.193075,-0.130621,1.33575e-11
7.655,0.38594,-0.119595,0.225169,0.436582,0.015499,-0.169322,0.555113,0.117513,6.59682e-05,0.573194,-0.162484,8.38161e-12,0.252833,0.15624,0.0516256,0.193075,-0.130621,1.33575e-11
7.656,0.386023,-0.119726,0.225074,0.436431,0.0152026,-0.16908,0.555115,0.117513,9.30494e-05,0.573194,-0.162484,8.38161e-12,0.25298,0.156238,0.0512149,0.193075,-0.130621,1.33575e-11
7.657,0.386106,-0.119856,0.22498,0.436271,0.0149034,-0.168826,0.555118,0.117514,0.000124716,0.573194,-0.162484,8.38161e-12,0.253125,0.156236,0.0508043,0.193075,-0.130621,1.33575e-11
7.658,0.386189,-0.119985,0.224887,0.436104,0.0146012,-0.16856,0.555121,0.117514,0.000160943,0.573194,-0.162484,8.38161e-12,0.253269,0.156234,0.0503937,0.193075,-0.130621,1.33575e-11
7.659,0.386272,-0.120114,0.224795,0.435928,0.0142961,-0.168283,0.555124,0.117515,0.000201706,0.573194,-0.162484,8.38161e-12,0.253412,0.156232,0.0499833,0.193075,-0.130621,1.33575e-11
7.66,0.386356,-0.120241,0.224703,0.435744,0.0139881,-0.167995,0.555128,0.117515,0.000246979,0.573194,-0.162484,8.38161e-12,0.253553,0.15623,0.0495729,0.193075,-0.130621,1.33575e-11
7.661,0.38644,-0.120367,0.224612,0.435552,0.0136771,-0.167695,0.555132,0.117516,0.000296739,0.573194,-0.162484,8.38161e-12,0.253694,0.156229,0.0491627,0.193075,-0.130621,1.33575e-11
7.662,0.386524,-0.120492,0.224523,0.435352,0.0133632,-0.167385,0.555136,0.117516,0.00035096,0.573194,-0.162484,8.38161e-12,0.253833,0.156227,0.0487527,0.193075,-0.130621,1.33575e-11
7.663,0.386609,-0.120616,0.224433,0.435145,0.0130464,-0.167063,0.555141,0.117517,0.000409617,0.573194,-0.162484,8.38161e-12,0.253972,0.156225,0.0483429,0.193075,-0.130621,1.33575e-11
7.664,0.386694,-0.120739,0.224345,0.43493,0.0127266,-0.16673,0.555146,0.117518,0.000472685,0.573194,-0.162484,8.38161e-12,0.254109,0.156223,0.0479333,0.193075,-0.130621,1.33575e-11
7.665,0.386779,-0.120861,0.224258,0.434707,0.0124038,-0.166386,0.555152,0.117519,0.00054014,0.573194,-0.162484,8.38161e-12,0.254245,0.156221,0.047524,0.193075,-0.130621,1.33575e-11
7.666,0.386865,-0.120982,0.224171,0.434478,0.0120781,-0.166032,0.555158,0.11752,0.000611957,0.573194,-0.162484,8.38161e-12,0.25438,0.15622,0.0471149,0.193075,-0.130621,1.33575e-11
7.667,0.38695,-0.121102,0.224085,0.434241,0.0117494,-0.165666,0.555164,0.117521,0.000688111,0.573194,-0.162484,8.38161e-12,0.254514,0.156218,0.046706,0.193075,-0.130621,1.33575e-11
7.668,0.387036,-0.121221,0.224001,0.433996,0.0114176,-0.16529,0.555171,0.117522,0.000768577,0.573194,-0.162484,8.38161e-12,0.254647,0.156216,0.0462975,0.193075,-0.130621,1.33575e-11
7.669,0.387123,-0.121339,0.223917,0.433745,0.0110829,-0.164903,0.555179,0.117523,0.00085333,0.573194,-0.162484,8.38161e-12,0.254779,0.156214,0.0458893,0.193075,-0.130621,1.33575e-11
7.67,0.38721,-0.121456,0.223834,0.433487,0.0107452,-0.164506,0.555186,0.117524,0.000942345,0.573194,-0.162484,8.38161e-12,0.254909,0.156213,0.0454815,0.193075,-0.130621,1.33575e-11
7.671,0.387296,-0.121572,0.223752,0.433222,0.0104045,-0.164098,0.555195,0.117525,0.0010356,0.573194,-0.162484,8.38161e-12,0.255039,0.156211,0.045074,0.193075,-0.130621,1.33575e-11
7.672,0.387384,-0.121687,0.223671,0.43295,0.0100608,-0.16368,0.555203,0.117527,0.00113306,0.573194,-0.162484,8.38161e-12,0.255167,0.156209,0.044667,0.193075,-0.130621,1.33575e-11
7.673,0.387471,-0.121801,0.22359,0.432671,0.009714,-0.163252,0.555212,0.117528,0.00123472,0.573194,-0.162484,8.38161e-12,0.255295,0.156208,0.0442603,0.193075,-0.130621,1.33575e-11
7.674,0.387559,-0.121914,0.223511,0.432386,0.00936421,-0.162813,0.555222,0.117529,0.00134053,0.573194,-0.162484,8.38161e-12,0.255421,0.156206,0.0438541,0.193075,-0.130621,1.33575e-11
7.675,0.387647,-0.122026,0.223433,0.432095,0.00901138,-0.162364,0.555232,0.117531,0.00145049,0.573194,-0.162484,8.38161e-12,0.255546,0.156204,0.0434484,0.193075,-0.130621,1.33575e-11
7.676,0.387736,-0.122136,0.223356,0.431797,0.0086555,-0.161905,0.555242,0.117532,0.00156456,0.573194,-0.162484,8.38161e-12,0.255671,0.156203,0.0430431,0.193075,-0.130621,1.33575e-11
7.677,0.387825,-0.122246,0.22328,0.431493,0.00829656,-0.161436,0.555253,0.117534,0.00168271,0.573194,-0.162484,8.38161e-12,0.255794,0.156201,0.0426384,0.193075,-0.130621,1.33575e-11
7.678,0.387914,-0.122355,0.223205,0.431183,0.00793457,-0.160957,0.555264,0.117536,0.00180493,0.573194,-0.162484,8.38161e-12,0.255916,0.156199,0.0422342,0.193075,-0.130621,1.33575e-11
7.679,0.388003,-0.122462,0.223131,0.430867,0.0075695,-0.160468,0.555276,0.117538,0.00193119,0.573194,-0.162484,8.38161e-12,0.256037,0.156198,0.0418305,0.193075,-0.130621,1.33575e-11
7.68,0.388093,-0.122569,0.223058,0.430546,0.00720136,-0.15997,0.555288,0.117539,0.00206147,0.573194,-0.162484,8.38161e-12,0.256157,0.156196,0.0414274,0.193075,-0.130621,1.33575e-11
7.681,0.388183,-0.122674,0.222986,0.430218,0.00683014,-0.159462,0.555301,0.117541,0.00219573,0.573194,-0.162484,8.38161e-12,0.256276,0.156195,0.0410249,0.193075,-0.130621,1.33575e-11
7.682,0.388274,-0.122779,0.222915,0.429885,0.00645582,-0.158944,0.555314,0.117543,0.00233396,0.573194,-0.162484,8.38161e-12,0.256394,0.156193,0.0406231,0.193075,-0.130621,1.33575e-11
7.683,0.388364,-0.122882,0.222845,0.429546,0.0060784,-0.158417,0.555327,0.117545,0.00247612,0.573194,-0.162484,8.38161e-12,0.256511,0.156192,0.0402218,0.193075,-0.130621,1.33575e-11
7.684,0.388455,-0.122984,0.222777,0.429201,0.00569788,-0.15788,0.555341,0.117547,0.0026222,0.573194,-0.162484,8.38161e-12,0.256627,0.15619,0.0398213,0.193075,-0.130621,1.33575e-11
7.685,0.388547,-0.123086,0.222709,0.428852,0.00531425,-0.157334,0.555356,0.11755,0.00277217,0.573194,-0.162484,8.38161e-12,0.256741,0.156189,0.0394214,0.193075,-0.130621,1.33575e-11
7.686,0.388638,-0.123186,0.222643,0.428497,0.00492749,-0.156779,0.555371,0.117552,0.00292601,0.573194,-0.162484,8.38161e-12,0.256855,0.156187,0.0390223,0.193075,-0.130621,1.33575e-11
7.687,0.388731,-0.123285,0.222578,0.428137,0.00453761,-0.156214,0.555386,0.117554,0.00308368,0.573194,-0.162484,8.38161e-12,0.256968,0.156186,0.0386239,0.193075,-0.130621,1.33575e-11
7.688,0.388823,-0.123383,0.222514,0.427772,0.00414459,-0.15564,0.555402,0.117557,0.00324517,0.573194,-0.162484,8.38161e-12,0.25708,0.156184,0.0382262,0.193075,-0.130621,1.33575e-11
7.689,0.388916,-0.12348,0.222451,0.427402,0.00374842,-0.155057,0.555418,0.117559,0.00341045,0.573194,-0.162484,8.38161e-12,0.25719,0.156183,0.0378293,0.193075,-0.130621,1.33575e-11
7.69,0.389009,-0.123576,0.222389,0.427027,0.00334911,-0.154466,0.555435,0.117562,0.0035795,0.573194,-0.162484,8.38161e-12,0.2573,0.156181,0.0374332,0.193075,-0.130621,1.33575e-11
7.691,0.389102,-0.123671,0.222329,0.426647,0.00294664,-0.153865,0.555453,0.117564,0.00375229,0.573194,-0.162484,8.38161e-12,0.257409,0.15618,0.037038,0.193075,-0.130621,1.33575e-11
7.692,0.389196,-0.123765,0.22227,0.426263,0.002541,-0.153256,0.555471,0.117567,0.00392879,0.573194,-0.162484,8.38161e-12,0.257517,0.156178,0.0366435,0.193075,-0.130621,1.33575e-11
7.693,0.389289,-0.123858,0.222212,0.425874,0.00213219,-0.152637,0.555489,0.11757,0.00410898,0.573194,-0.162484,8.38161e-12,0.257623,0.156177,0.03625,0.193075,-0.130621,1.33575e-11
7.694,0.389384,-0.12395,0.222155,0.425481,0.0017202,-0.152011,0.555508,0.117572,0.00429284,0.573194,-0.162484,8.38161e-12,0.257729,0.156176,0.0358574,0.193075,-0.130621,1.33575e-11
7.695,0.389478,-0.124041,0.2221,0.425084,0.00130502,-0.151375,0.555527,0.117575,0.00448034,0.573194,-0.162484,8.38161e-12,0.257834,0.156174,0.0354656,0.193075,-0.130621,1.33575e-11
7.696,0.389573,-0.12413,0.222046,0.424682,0.000886648,-0.150731,0.555547,0.117578,0.00467146,0.573194,-0.162484,8.38161e-12,0.257938,0.156173,0.0350748,0.193075,-0.130621,1.33575e-11
7.697,0.389669,-0.124219,0.221993,0.424277,0.000465072,-0.150079,0.555568,0.117581,0.00486617,0.573194,-0.162484,8.38161e-12,0.25804,0.156172,0.034685,0.193075,-0.130621,1.33575e-11
7.698,0.389765,-0.124306,0.221941,0.423867,4.02869e-05,-0.149418,0.555589,0.117585,0.00506445,0.573194,-0.162484,8.38161e-12,0.258142,0.15617,0.0342961,0.193075,-0.130621,1.33575e-11
7.699,0.389861,-0.124393,0.221891,0.423454,-0.000387716,-0.148749,0.55561,0.117588,0.00526627,0.573194,-0.162484,8.38161e-12,0.258243,0.156169,0.0339083,0.193075,-0.130621,1.33575e-11
7.7,0.389957,-0.124478,0.221842,0.423037,-0.000818943,-0.148072,0.555632,0.117591,0.0054716,0.573194,-0.162484,8.38161e-12,0.258343,0.156168,0.0335215,0.193075,-0.130621,1.33575e-11
7.701,0.390054,-0.124562,0.221795,0.422616,-0.00125339,-0.147387,0.555655,0.117595,0.00568043,0.573194,-0.162484,8.38161e-12,0.258442,0.156166,0.0331357,0.193075,-0.130621,1.33575e-11
7.702,0.390151,-0.124646,0.221749,0.422192,-0.00169098,-0.146694,0.555678,0.117598,0.00589272,0.573194,-0.162484,8.38161e-12,0.25854,0.156165,0.032751,0.193075,-0.130621,1.33575e-11
7.703,0.390248,-0.124728,0.221704,0.421764,-0.00213164,-0.145993,0.555701,0.117602,0.00610846,0.573194,-0.162484,8.38161e-12,0.258637,0.156164,0.0323674,0.193075,-0.130621,1.33575e-11
7.704,0.390346,-0.124809,0.221661,0.421333,-0.00257528,-0.145285,0.555725,0.117605,0.00632762,0.573194,-0.162484,8.38161e-12,0.258733,0.156163,0.0319849,0.193075,-0.130621,1.33575e-11
7.705,0.390444,-0.124889,0.221618,0.420899,-0.00302182,-0.144569,0.55575,0.117609,0.00655016,0.573194,-0.162484,8.38161e-12,0.258828,0.156161,0.0316035,0.193075,-0.130621,1.33575e-11
7.706,0.390542,-0.124968,0.221578,0.420463,-0.00347117,-0.143847,0.555775,0.117613,0.00677608,0.573194,-0.162484,8.38161e-12,0.258922,0.15616,0.0312233,0.193075,-0.130621,1.33575e-11
7.707,0.390641,-0.125045,0.221538,0.420023,-0.00392326,-0.143117,0.555801,0.117617,0.00700534,0.573194,-0.162484,8.38161e-12,0.259015,0.156159,0.0308443,0.193075,-0.130621,1.33575e-11
7.708,0.39074,-0.125122,0.2215,0.419581,-0.00437799,-0.142382,0.555827,0.117621,0.00723792,0.573194,-0.162484,8.38161e-12,0.259107,0.156158,0.0304665,0.193075,-0.130621,1.33575e-11
7.709,0.39084,-0.125198,0.221463,0.419137,-0.00483529,-0.141639,0.555854,0.117625,0.00747379,0.573194,-0.162484,8.38161e-12,0.259198,0.156156,0.03009,0.193075,-0.130621,1.33575e-11
7.71,0.39094,-0.125272,0.221428,0.41869,-0.00529507,-0.140891,0.555882,0.117629,0.00771293,0.573194,-0.162484,8.38161e-12,0.259289,0.156155,0.0297147,0.193075,-0.130621,1.33575e-11
7.711,0.39104,-0.125346,0.221394,0.418241,-0.00575725,-0.140137,0.55591,0.117633,0.00795531,0.573194,-0.162484,8.38161e-12,0.259378,0.156154,0.0293406,0.193075,-0.130621,1.33575e-11
7.712,0.391141,-0.125418,0.221361,0.41779,-0.00622174,-0.139377,0.555938,0.117637,0.00820091,0.573194,-0.162484,8.38161e-12,0.259467,0.156153,0.0289679,0.193075,-0.130621,1.33575e-11
7.713,0.391241,-0.12549,0.22133,0.417338,-0.00668847,-0.138612,0.555967,0.117642,0.00844971,0.573194,-0.162484,8.38161e-12,0.259554,0.156152,0.0285965,0.193075,-0.130621,1.33575e-11
7.714,0.391343,-0.12556,0.2213,0.416883,-0.00715734,-0.137841,0.555997,0.117646,0.00870167,0.573194,-0.162484,8.38161e-12,0.259641,0.156151,0.0282264,0.193075,-0.130621,1.33575e-11
7.715,0.391444,-0.125629,0.221271,0.416428,-0.00762828,-0.137065,0.556027,0.117651,0.00895679,0.573194,-0.162484,8.38161e-12,0.259727,0.156149,0.0278577,0.193075,-0.130621,1.33575e-11
7.716,0.391546,-0.125697,0.221244,0.41597,-0.0081012,-0.136285,0.556058,0.117655,0.00921501,0.573194,-0.162484,8.38161e-12,0.259812,0.156148,0.0274904,0.193075,-0.130621,1.33575e-11
7.717,0.391649,-0.125764,0.221218,0.415512,-0.00857601,-0.1355,0.55609,0.11766,0.00947634,0.573194,-0.162484,8.38161e-12,0.259896,0.156147,0.0271245,0.193075,-0.130621,1.33575e-11
7.718,0.391751,-0.12583,0.221193,0.415053,-0.00905264,-0.134711,0.556122,0.117665,0.00974073,0.573194,-0.162484,8.38161e-12,0.259979,0.156146,0.02676,0.193075,-0.130621,1.33575e-11
7.719,0.391854,-0.125895,0.221169,0.414592,-0.009531,-0.133917,0.556154,0.11767,0.0100082,0.573194,-0.162484,8.38161e-12,0.260061,0.156145,0.026397,0.193075,-0.130621,1.33575e-11
7.72,0.391958,-0.125959,0.221147,0.414131,-0.010011,-0.13312,0.556187,0.117675,0.0102786,0.573194,-0.162484,8.38161e-12,0.260142,0.156144,0.0260354,0.193075,-0.130621,1.33575e-11
7.721,0.392062,-0.126021,0.221127,0.41367,-0.0104926,-0.132319,0.556221,0.11768,0.0105521,0.573194,-0.162484,8.38161e-12,0.260222,0.156143,0.0256754,0.193075,-0.130621,1.33575e-11
7.722,0.392166,-0.126083,0.221107,0.413208,-0.0109756,-0.131514,0.556255,0.117685,0.0108285,0.573194,-0.162484,8.38161e-12,0.260302,0.156142,0.0253168,0.193075,-0.130621,1.33575e-11
7.723,0.39227,-0.126143,0.221089,0.412745,-0.0114601,-0.130706,0.55629,0.11769,0.0111079,0.573194,-0.162484,8.38161e-12,0.26038,0.156141,0.0249599,0.193075,-0.130621,1.33575e-11
7.724,0.392375,-0.126203,0.221072,0.412283,-0.0119459,-0.129895,0.556326,0.117696,0.0113902,0.573194,-0.162484,8.38161e-12,0.260458,0.15614,0.0246045,0.193075,-0.130621,1.33575e-11
7.725,0.39248,-0.126261,0.221057,0.41182,-0.0124329,-0.129082,0.556362,0.117701,0.0116754,0.573194,-0.162484,8.38161e-12,0.260535,0.156139,0.0242507,0.193075,-0.130621,1.33575e-11
7.726,0.392586,-0.126318,0.221043,0.411358,-0.012921,-0.128265,0.556399,0.117707,0.0119634,0.573194,-0.162484,8.38161e-12,0.260611,0.156138,0.0238984,0.193075,-0.130621,1.33575e-11
7.727,0.392692,-0.126374,0.22103,0.410896,-0.0134102,-0.127446,0.556436,0.117712,0.0122543,0.573194,-0.162484,8.38161e-12,0.260686,0.156137,0.0235479,0.193075,-0.130621,1.33575e-11
7.728,0.392798,-0.12643,0.221018,0.410434,-0.0139004,-0.126626,0.556474,0.117718,0.0125481,0.573194,-0.162484,8.38161e-12,0.26076,0.156136,0.023199,0.193075,-0.130621,1.33575e-11
7.729,0.392905,-0.126484,0.221008,0.409973,-0.0143915,-0.125803,0.556513,0.117724,0.0128446,0.573194,-0.162484,8.38161e-12,0.260834,0.156135,0.0228518,0.193075,-0.130621,1.33575e-11
7.73,0.393012,-0.126536,0.220999,0.409513,-0.0148834,-0.124978,0.556552,0.11773,0.0131439,0.573194,-0.162484,8.38161e-12,0.260906,0.156134,0.0225062,0.193075,-0.130621,1.33575e-11
7.731,0.393119,-0.126588,0.220991,0.409054,-0.015376,-0.124152,0.556592,0.117736,0.0134459,0.573194,-0.162484,8.38161e-12,0.260978,0.156133,0.0221624,0.193075,-0.130621,1.33575e-11
7.732,0.393227,-0.126639,0.220985,0.408596,-0.0158693,-0.123325,0.556633,0.117742,0.0137507,0.573194,-0.162484,8.38161e-12,0.261049,0.156132,0.0218204,0.193075,-0.130621,1.33575e-11
7.733,0.393335,-0.126689,0.22098,0.408139,-0.0163631,-0.122496,0.556674,0.117748,0.0140581,0.573194,-0.162484,8.38161e-12,0.261119,0.156131,0.0214801,0.193075,-0.130621,1.33575e-11
7.734,0.393444,-0.126737,0.220976,0.407683,-0.0168575,-0.121667,0.556716,0.117754,0.0143683,0.573194,-0.162484,8.38161e-12,0.261188,0.15613,0.0211416,0.193075,-0.130621,1.33575e-11
7.735,0.393552,-0.126785,0.220974,0.407229,-0.0173522,-0.120837,0.556758,0.117761,0.0146811,0.573194,-0.162484,8.38161e-12,0.261256,0.156129,0.020805,0.193075,-0.130621,1.33575e-11
7.736,0.393662,-0.126831,0.220973,0.406777,-0.0178472,-0.120007,0.556801,0.117767,0.0149965,0.573194,-0.162484,8.38161e-12,0.261324,0.156129,0.0204701,0.193075,-0.130621,1.33575e-11
7.737,0.393771,-0.126876,0.220973,0.406327,-0.0183425,-0.119177,0.556845,0.117774,0.0153145,0.573194,-0.162484,8.38161e-12,0.26139,0.156128,0.0201372,0.193075,-0.130621,1.33575e-11
7.738,0.393881,-0.12692,0.220975,0.405878,-0.0188379,-0.118346,0.55689,0.117781,0.015635,0.573194,-0.162484,8.38161e-12,0.261456,0.156127,0.0198061,0.193075,-0.130621,1.33575e-11
7.739,0.393992,-0.126964,0.220978,0.405432,-0.0193333,-0.117516,0.556935,0.117787,0.0159582,0.573194,-0.162484,8.38161e-12,0.261521,0.156126,0.0194769,0.193075,-0.130621,1.33575e-11
7.74,0.394102,-0.127006,0.220982,0.404988,-0.0198288,-0.116687,0.55698,0.117794,0.0162838,0.573194,-0.162484,8.38161e-12,0.261585,0.156125,0.0191497,0.193075,-0.130621,1.33575e-11
7.741,0.394213,-0.127046,0.220987,0.404546,-0.0203241,-0.115858,0.557027,0.117801,0.016612,0.573194,-0.162484,8.38161e-12,0.261649,0.156124,0.0188244,0.193075,-0.130621,1.33575e-11
7.742,0.394325,-0.127086,0.220994,0.404107,-0.0208193,-0.11503,0.557074,0.117808,0.0169426,0.573194,-0.162484,8.38161e-12,0.261711,0.156123,0.0185011,0.193075,-0.130621,1.33575e-11
7.743,0.394437,-0.127125,0.221002,0.403671,-0.0213142,-0.114203,0.557121,0.117816,0.0172756,0.573194,-0.162484,8.38161e-12,0.261773,0.156123,0.0181798,0.193075,-0.130621,1.33575e-11
7.744,0.394549,-0.127163,0.221011,0.403238,-0.0218087,-0.113377,0.55717,0.117823,0.0176111,0.573194,-0.162484,8.38161e-12,0.261834,0.156122,0.0178605,0.193075,-0.130621,1.33575e-11
7.745,0.394661,-0.127199,0.221022,0.402808,-0.0223028,-0.112553,0.557219,0.11783,0.017949,0.573194,-0.162484,8.38161e-12,0.261894,0.156121,0.0175432,0.193075,-0.130621,1.33575e-11
7.746,0.394774,-0.127235,0.221034,0.402381,-0.0227964,-0.111731,0.557269,0.117838,0.0182893,0.573194,-0.162484,8.38161e-12,0.261953,0.15612,0.017228,0.193075,-0.130621,1.33575e-11
7.747,0.394888,-0.127269,0.221047,0.401957,-0.0232894,-0.110911,0.557319,0.117845,0.0186319,0.573194,-0.162484,8.38161e-12,0.262012,0.15612,0.0169149,0.193075,-0.130621,1.33575e-11
7.748,0.395001,-0.127302,0.221061,0.401537,-0.0237817,-0.110093,0.55737,0.117853,0.0189768,0.573194,-0.162484,8.38161e-12,0.26207,0.156119,0.0166039,0.193075,-0.130621,1.33575e-11
7.749,0.395115,-0.127334,0.221077,0.40112,-0.0242732,-0.109278,0.557422,0.117861,0.0193241,0.573194,-0.162484,8.38161e-12,0.262127,0.156118,0.016295,0.193075,-0.130621,1.33575e-11
7.75,0.39523,-0.127366,0.221094,0.400708,-0.0247638,-0.108465,0.557474,0.117869,0.0196736,0.573194,-0.162484,8.38161e-12,0.262183,0.156117,0.0159883,0.193075,-0.130621,1.33575e-11
7.751,0.395345,-0.127396,0.221112,0.400299,-0.0252536,-0.107656,0.557528,0.117877,0.0200254,0.573194,-0.162484,8.38161e-12,0.262238,0.156117,0.0156838,0.193075,-0.130621,1.33575e-11
7.752,0.39546,-0.127424,0.221132,0.399895,-0.0257423,-0.106849,0.557581,0.117885,0.0203794,0.573194,-0.162484,8.38161e-12,0.262293,0.156116,0.0153815,0.193075,-0.130621,1.33575e-11
7.753,0.395575,-0.127452,0.221152,0.399494,-0.0262299,-0.106046,0.557636,0.117893,0.0207355,0.573194,-0.162484,8.38161e-12,0.262347,0.156115,0.0150813,0.193075,-0.130621,1.33575e-11
7.754,0.395691,-0.127479,0.221175,0.399099,-0.0267163,-0.105246,0.557691,0.117901,0.0210939,0.573194,-0.162484,8.38161e-12,0.2624,0.156114,0.0147835,0.193075,-0.130621,1.33575e-11
7.755,0.395808,-0.127504,0.221198,0.398708,-0.0272014,-0.10445,0.557747,0.11791,0.0214544,0.573194,-0.162484,8.38161e-12,0.262453,0.156114,0.0144879,0.193075,-0.130621,1.33575e-11
7.756,0.395925,-0.127529,0.221223,0.398321,-0.0276852,-0.103658,0.557804,0.117918,0.0218171,0.573194,-0.162484,8.38161e-12,0.262504,0.156113,0.0141946,0.193075,-0.130621,1.33575e-11
7.757,0.396042,-0.127552,0.221249,0.39794,-0.0281676,-0.10287,0.557861,0.117927,0.0221818,0.573194,-0.162484,8.38161e-12,0.262555,0.156112,0.0139036,0.193075,-0.130621,1.33575e-11
7.758,0.396159,-0.127575,0.221276,0.397563,-0.0286484,-0.102087,0.55792,0.117936,0.0225486,0.573194,-0.162484,8.38161e-12,0.262605,0.156112,0.0136149,0.193075,-0.130621,1.33575e-11
7.759,0.396277,-0.127596,0.221304,0.397192,-0.0291276,-0.101308,0.557978,0.117945,0.0229175,0.573194,-0.162484,8.38161e-12,0.262655,0.156111,0.0133286,0.193075,-0.130621,1.33575e-11
7.76,0.396395,-0.127616,0.221334,0.396826,-0.0296051,-0.100535,0.558038,0.117954,0.0232884,0.573194,-0.162484,8.38161e-12,0.262703,0.15611,0.0130447,0.193075,-0.130621,1.33575e-11
7.761,0.396514,-0.127635,0.221365,0.396465,-0.0300809,-0.0997659,0.558098,0.117963,0.0236613,0.573194,-0.162484,8.38161e-12,0.262751,0.15611,0.0127632,0.193075,-0.130621,1.33575e-11
7.762,0.396633,-0.127653,0.221397,0.396111,-0.0305548,-0.0990026,0.558159,0.117972,0.0240362,0.573194,-0.162484,8.38161e-12,0.262798,0.156109,0.0124841,0.193075,-0.130621,1.33575e-11
7.763,0.396752,-0.12767,0.221431,0.395762,-0.0310268,-0.0982448,0.558221,0.117981,0.024413,0.573194,-0.162484,8.38161e-12,0.262845,0.156109,0.0122074,0.193075,-0.130621,1.33575e-11
7.764,0.396872,-0.127685,0.221466,0.395418,-0.0314967,-0.0974928,0.558284,0.117991,0.0247917,0.573194,-0.162484,8.38161e-12,0.262891,0.156108,0.0119332,0.193075,-0.130621,1.33575e-11
7.765,0.396992,-0.1277,0.221502,0.395082,-0.0319646,-0.0967468,0.558347,0.118,0.0251724,0.573194,-0.162484,8.38161e-12,0.262936,0.156107,0.0116616,0.193075,-0.130621,1.33575e-11
7.766,0.397113,-0.127713,0.221539,0.394751,-0.0324302,-0.0960071,0.558411,0.11801,0.0255549,0.573194,-0.162484,8.38161e-12,0.26298,0.156107,0.0113924,0.193075,-0.130621,1.33575e-11
7.767,0.397234,-0.127726,0.221578,0.394427,-0.0328936,-0.0952737,0.558476,0.11802,0.0259393,0.573194,-0.162484,8.38161e-12,0.263024,0.156106,0.0111258,0.193075,-0.130621,1.33575e-11
7.768,0.397355,-0.127737,0.221618,0.394109,-0.0333546,-0.094547,0.558541,0.118029,0.0263255,0.573194,-0.162484,8.38161e-12,0.263066,0.156106,0.0108617,0.193075,-0.130621,1.33575e-11
7.769,0.397477,-0.127747,0.221659,0.393798,-0.0338132,-0.0938271,0.558608,0.118039,0.0267136,0.573194,-0.162484,8.38161e-12,0.263109,0.156105,0.0106002,0.193075,-0.130621,1.33575e-11
7.77,0.397599,-0.127756,0.221701,0.393494,-0.0342693,-0.0931144,0.558675,0.11805,0.0271033,0.573194,-0.162484,8.38161e-12,0.26315,0.156105,0.0103413,0.193075,-0.130621,1.33575e-11
7.771,0.397722,-0.127764,0.221745,0.393197,-0.0347228,-0.0924089,0.558742,0.11806,0.0274949,0.573194,-0.162484,8.38161e-12,0.263191,0.156104,0.0100851,0.193075,-0.130621,1.33575e-11
7.772,0.397845,-0.127771,0.221789,0.392907,-0.0351735,-0.091711,0.558811,0.11807,0.0278882,0.573194,-0.162484,8.38161e-12,0.263231,0.156104,0.00983147,0.193075,-0.130621,1.33575e-11
7.773,0.397968,-0.127777,0.221836,0.392625,-0.0356215,-0.0910209,0.55888,0.118081,0.0282832,0.573194,-0.162484,8.38161e-12,0.26327,0.156103,0.00958054,0.193075,-0.130621,1.33575e-11
7.774,0.398092,-0.127782,0.221883,0.39235,-0.0360667,-0.0903387,0.55895,0.118091,0.0286798,0.573194,-0.162484,8.38161e-12,0.263309,0.156103,0.00933231,0.193075,-0.130621,1.33575e-11
7.775,0.398216,-0.127785,0.221931,0.392082,-0.0365089,-0.0896646,0.559021,0.118102,0.0290781,0.573194,-0.162484,8.38161e-12,0.263347,0.156102,0.00908679,0.193075,-0.130621,1.33575e-11
7.776,0.39834,-0.127788,0.221981,0.391823,-0.0369481,-0.0889991,0.559093,0.118113,0.0294781,0.573194,-0.162484,8.38161e-12,0.263385,0.156102,0.00884402,0.193075,-0.130621,1.33575e-11
7.777,0.398465,-0.127789,0.222032,0.391571,-0.0373842,-0.0883421,0.559165,0.118123,0.0298796,0.573194,-0.162484,8.38161e-12,0.263421,0.156101,0.00860401,0.193075,-0.130621,1.33575e-11
7.778,0.39859,-0.127789,0.222085,0.391327,-0.0378171,-0.087694,0.559239,0.118134,0.0302827,0.573194,-0.162484,8.38161e-12,0.263457,0.156101,0.00836679,0.193075,-0.130621,1.33575e-11
7.779,0.398716,-0.127788,0.222138,0.391092,-0.0382467,-0.0870549,0.559313,0.118146,0.0306874,0.573194,-0.162484,8.38161e-12,0.263493,0.1561,0.00813237,0.193075,-0.130621,1.33575e-11
7.78,0.398842,-0.127786,0.222193,0.390865,-0.0386729,-0.0864252,0.559388,0.118157,0.0310936,0.573194,-0.162484,8.38161e-12,0.263527,0.1561,0.00790079,0.193075,-0.130621,1.33575e-11
7.781,0.398969,-0.127783,0.222249,0.390647,-0.0390958,-0.0858049,0.559463,0.118168,0.0315013,0.573194,-0.162484,8.38161e-12,0.263561,0.156099,0.00767206,0.193075,-0.130621,1.33575e-11
7.782,0.399095,-0.127779,0.222307,0.390437,-0.0395151,-0.0851944,0.55954,0.11818,0.0319105,0.573194,-0.162484,8.38161e-12,0.263595,0.156099,0.0074462,0.193075,-0.130621,1.33575e-11
7.783,0.399223,-0.127774,0.222365,0.390236,-0.0399308,-0.0845939,0.559617,0.118191,0.0323212,0.573194,-0.162484,8.38161e-12,0.263627,0.156098,0.00722325,0.193075,-0.130621,1.33575e-11
7.784,0.39935,-0.127767,0.222425,0.390044,-0.0403428,-0.0840035,0.559695,0.118203,0.0327333,0.573194,-0.162484,8.38161e-12,0.263659,0.156098,0.00700322,0.193075,-0.130621,1.33575e-11
7.785,0.399478,-0.12776,0.222486,0.389862,-0.040751,-0.0834235,0.559774,0.118215,0.0331467,0.573194,-0.162484,8.38161e-12,0.263691,0.156098,0.00678613,0.193075,-0.130621,1.33575e-11
7.786,0.399607,-0.127751,0.222548,0.389688,-0.0411554,-0.0828541,0.559853,0.118227,0.0335616,0.573194,-0.162484,8.38161e-12,0.263722,0.156097,0.006572,0.193075,-0.130621,1.33575e-11
7.787,0.399736,-0.127741,0.222611,0.389525,-0.0415558,-0.0822956,0.559934,0.118239,0.0339778,0.573194,-0.162484,8.38161e-12,0.263752,0.156097,0.00636087,0.193075,-0.130621,1.33575e-11
7.788,0.399865,-0.127731,0.222676,0.38937,-0.0419522,-0.0817481,0.560015,0.118251,0.0343954,0.573194,-0.162484,8.38161e-12,0.263781,0.156096,0.00615275,0.193075,-0.130621,1.33575e-11
7.789,0.399995,-0.127719,0.222742,0.389226,-0.0423445,-0.0812119,0.560097,0.118264,0.0348142,0.573194,-0.162484,8.38161e-12,0.26381,0.156096,0.00594766,0.193075,-0.130621,1.33575e-11
7.79,0.400125,-0.127706,0.222809,0.389091,-0.0427326,-0.0806872,0.56018,0.118276,0.0352344,0.573194,-0.162484,8.38161e-12,0.263839,0.156096,0.00574563,0.193075,-0.130621,1.33575e-11
7.791,0.400255,-0.127691,0.222878,0.388967,-0.0431165,-0.0801742,0.560264,0.118289,0.0356558,0.573194,-0.162484,8.38161e-12,0.263866,0.156095,0.00554668,0.193075,-0.130621,1.33575e-11
7.792,0.400386,-0.127676,0.222947,0.388853,-0.043496,-0.0796731,0.560349,0.118302,0.0360784,0.573194,-0.162484,8.38161e-12,0.263893,0.156095,0.00535083,0.193075,-0.130621,1.33575e-11
7.793,0.400517,-0.12766,0.223018,0.388749,-0.043871,-0.0791842,0.560434,0.118315,0.0365022,0.573194,-0.162484,8.38161e-12,0.26392,0.156095,0.0051581,0.193075,-0.130621,1.33575e-11
7.794,0.400649,-0.127642,0.22309,0.388655,-0.0442416,-0.0787076,0.56052,0.118328,0.0369272,0.573194,-0.162484,8.38161e-12,0.263945,0.156094,0.00496852,0.193075,-0.130621,1.33575e-11
7.795,0.400781,-0.127623,0.223163,0.388573,-0.0446075,-0.0782437,0.560607,0.118341,0.0373534,0.573194,-0.162484,8.38161e-12,0.263971,0.156094,0.00478211,0.193075,-0.130621,1.33575e-11
7.796,0.400914,-0.127604,0.223238,0.388501,-0.0449687,-0.0777926,0.560695,0.118354,0.0377807,0.573194,-0.162484,8.38161e-12,0.263995,0.156094,0.0045989,0.193075,-0.130621,1.33575e-11
7.797,0.401047,-0.127583,0.223313,0.38844,-0.0453252,-0.0773545,0.560784,0.118367,0.0382091,0.573194,-0.162484,8.38161e-12,0.264019,0.156093,0.00441889,0.193075,-0.130621,1.33575e-11
7.798,0.40118,-0.127561,0.22339,0.388391,-0.0456768,-0.0769296,0.560874,0.118381,0.0386386,0.573194,-0.162484,8.38161e-12,0.264043,0.156093,0.00424213,0.193075,-0.130621,1.33575e-11
7.799,0.401314,-0.127538,0.223468,0.388352,-0.0460234,-0.0765182,0.560964,0.118394,0.0390692,0.573194,-0.162484,8.38161e-12,0.264066,0.156093,0.00406862,0.193075,-0.130621,1.33575e-11
7.8,0.401448,-0.127514,0.223548,0.388325,-0.046365,-0.0761206,0.561056,0.118408,0.0395008,0.573194,-0.162484,8.38161e-12,0.264088,0.156092,0.0038984,0.193075,-0.130621,1.33575e-11
7.801,0.401582,-0.127488,0.223628,0.38831,-0.0467016,-0.0757368,0.561148,0.118422,0.0399333,0.573194,-0.162484,8.38161e-12,0.26411,0.156092,0.00373148,0.193075,-0.130621,1.33575e-11
7.802,0.401717,-0.127462,0.22371,0.388306,-0.047033,-0.0753668,0.561241,0.118436,0.0403669,0.573194,-0.162484,8.38161e-12,0.264131,0.156092,0.00356788,0.193075,-0.130621,1.33575e-11
7.803,0.401853,-0.127434,0.223793,0.388313,-0.0473594,-0.0750107,0.561335,0.11845,0.0408015,0.573194,-0.162484,8.38161e-12,0.264151,0.156091,0.00340764,0.193075,-0.130621,1.33575e-11
7.804,0.401988,-0.127406,0.223877,0.388332,-0.0476806,-0.0746683,0.56143,0.118465,0.0412369,0.573194,-0.162484,8.38161e-12,0.264171,0.156091,0.00325077,0.193075,-0.130621,1.33575e-11
7.805,0.402125,-0.127376,0.223962,0.388362,-0.0479968,-0.0743395,0.561526,0.118479,0.0416733,0.573194,-0.162484,8.38161e-12,0.26419,0.156091,0.0030973,0.193075,-0.130621,1.33575e-11
7.806,0.402261,-0.127345,0.224049,0.388402,-0.0483078,-0.0740244,0.561622,0.118494,0.0421106,0.573194,-0.162484,8.38161e-12,0.264209,0.156091,0.00294724,0.193075,-0.130621,1.33575e-11
7.807,0.402398,-0.127313,0.224136,0.388454,-0.0486138,-0.0737228,0.56172,0.118508,0.0425487,0.573194,-0.162484,8.38161e-12,0.264228,0.15609,0.00280062,0.193075,-0.130621,1.33575e-11
7.808,0.402535,-0.12728,0.224225,0.388516,-0.0489147,-0.0734348,0.561818,0.118523,0.0429876,0.573194,-0.162484,8.38161e-12,0.264245,0.15609,0.00265747,0.193075,-0.130621,1.33575e-11
7.809,0.402673,-0.127246,0.224314,0.388588,-0.0492105,-0.0731601,0.561918,0.118538,0.0434274,0.573194,-0.162484,8.38161e-12,0.264262,0.15609,0.0025178,0.193075,-0.130621,1.33575e-11
7.81,0.402811,-0.12721,0.224405,0.388671,-0.0495012,-0.0728988,0.562018,0.118553,0.0438679,0.573194,-0.162484,8.38161e-12,0.264279,0.15609,0.00238164,0.193075,-0.130621,1.33575e-11
7.811,0.402949,-0.127174,0.224497,0.388764,-0.0497869,-0.0726509,0.562119,0.118568,0.0443092,0.573194,-0.162484,8.38161e-12,0.264295,0.15609,0.00224901,0.193075,-0.130621,1.33575e-11
7.812,0.403088,-0.127136,0.22459,0.388867,-0.0500675,-0.0724161,0.562221,0.118584,0.0447513,0.573194,-0.162484,8.38161e-12,0.264311,0.156089,0.00211993,0.193075,-0.130621,1.33575e-11
7.813,0.403227,-0.127098,0.224684,0.38898,-0.050343,-0.0721946,0.562324,0.118599,0.045194,0.573194,-0.162484,8.38161e-12,0.264326,0.156089,0.00199442,0.193075,-0.130621,1.33575e-11
7.814,0.403366,-0.127058,0.224779,0.389103,-0.0506134,-0.0719862,0.562427,0.118615,0.0456374,0.573194,-0.162484,8.38161e-12,0.26434,0.156089,0.00187252,0.193075,-0.130621,1.33575e-11
7.815,0.403506,-0.127017,0.224875,0.389235,-0.0508788,-0.0717909,0.562532,0.118631,0.0460815,0.573194,-0.162484,8.38161e-12,0.264354,0.156089,0.00175423,0.193075,-0.130621,1.33575e-11
7.816,0.403646,-0.126975,0.224973,0.389377,-0.0511392,-0.0716086,0.562638,0.118647,0.0465263,0.573194,-0.162484,8.38161e-12,0.264367,0.156089,0.00163959,0.193075,-0.130621,1.33575e-11
7.817,0.403786,-0.126932,0.225071,0.389528,-0.0513945,-0.0714392,0.562744,0.118663,0.0469716,0.573194,-0.162484,8.38161e-12,0.26438,0.156088,0.00152861,0.193075,-0.130621,1.33575e-11
7.818,0.403927,-0.126888,0.22517,0.389689,-0.0516447,-0.0712827,0.562852,0.118679,0.0474175,0.573194,-0.162484,8.38161e-12,0.264393,0.156088,0.00142132,0.193075,-0.130621,1.33575e-11
7.819,0.404068,-0.126842,0.22527,0.389858,-0.0518899,-0.071139,0.56296,0.118695,0.047864,0.573194,-0.162484,8.38161e-12,0.264405,0.156088,0.00131775,0.193075,-0.130621,1.33575e-11
7.82,0.404209,-0.126796,0.225371,0.390037,-0.0521301,-0.0710081,0.56307,0.118712,0.048311,0.573194,-0.162484,8.38161e-12,0.264416,0.156088,0.0012179,0.193075,-0.130621,1.33575e-11
7.821,0.404351,-0.126749,0.225473,0.390224,-0.0523652,-0.0708899,0.56318,0.118728,0.0487586,0.573194,-0.162484,8.38161e-12,0.264427,0.156088,0.00112181,0.193075,-0.130621,1.33575e-11
7.822,0.404493,-0.1267,0.225576,0.39042,-0.0525953,-0.0707844,0.563291,0.118745,0.0492066,0.573194,-0.162484,8.38161e-12,0.264437,0.156088,0.0010295,0.193075,-0.130621,1.33575e-11
7.823,0.404635,-0.12665,0.22568,0.390625,-0.0528203,-0.0706914,0.563403,0.118762,0.0496551,0.573194,-0.162484,8.38161e-12,0.264447,0.156088,0.000940992,0.193075,-0.130621,1.33575e-11
7.824,0.404778,-0.126599,0.225784,0.390838,-0.0530403,-0.0706109,0.563516,0.118779,0.050104,0.573194,-0.162484,8.38161e-12,0.264456,0.156087,0.000856306,0.193075,-0.130621,1.33575e-11
7.825,0.40492,-0.126548,0.22589,0.391059,-0.0532553,-0.070543,0.56363,0.118796,0.0505533,0.573194,-0.162484,8.38161e-12,0.264465,0.156087,0.000775465,0.193075,-0.130621,1.33575e-11
7.826,0.405063,-0.126495,0.225997,0.391288,-0.0534653,-0.0704874,0.563745,0.118813,0.051003,0.573194,-0.162484,8.38161e-12,0.264474,0.156087,0.000698493,0.193075,-0.130621,1.33575e-11
7.827,0.405207,-0.126441,0.226104,0.391526,-0.0536703,-0.0704441,0.563861,0.118831,0.0514531,0.573194,-0.162484,8.38161e-12,0.264482,0.156087,0.000625412,0.193075,-0.130621,1.33575e-11
7.828,0.40535,-0.126385,0.226212,0.391771,-0.0538702,-0.0704132,0.563978,0.118848,0.0519035,0.573194,-0.162484,8.38161e-12,0.264489,0.156087,0.000556244,0.193075,-0.130621,1.33575e-11
7.829,0.405494,-0.126329,0.226321,0.392024,-0.0540651,-0.0703944,0.564096,0.118866,0.0523542,0.573194,-0.162484,8.38161e-12,0.264496,0.156087,0.000491013,0.193075,-0.130621,1.33575e-11
7.83,0.405638,-0.126272,0.226431,0.392284,-0.0542551,-0.0703878,0.564214,0.118884,0.0528053,0.573194,-0.162484,8.38161e-12,0.264503,0.156087,0.00042974,0.193075,-0.130621,1.33575e-11
7.831,0.405782,-0.126213,0.226542,0.392552,-0.05444,-0.0703933,0.564334,0.118902,0.0532565,0.573194,-0.162484,8.38161e-12,0.264509,0.156087,0.000372448,0.193075,-0.130621,1.33575e-11
7.832,0.405927,-0.126154,0.226654,0.392827,-0.0546199,-0.0704109,0.564455,0.11892,0.053708,0.573194,-0.162484,8.38161e-12,0.264514,0.156087,0.00031916,0.193075,-0.130621,1.33575e-11
7.833,0.406072,-0.126093,0.226766,0.393109,-0.0547948,-0.0704404,0.564577,0.118939,0.0541598,0.573194,-0.162484,8.38161e-12,0.264519,0.156087,0.000269899,0.193075,-0.130621,1.33575e-11
7.834,0.406217,-0.126031,0.226879,0.393398,-0.0549647,-0.0704819,0.564699,0.118957,0.0546117,0.573194,-0.162484,8.38161e-12,0.264524,0.156087,0.000224686,0.193075,-0.130621,1.33575e-11
7.835,0.406362,-0.125969,0.226993,0.393694,-0.0551296,-0.0705352,0.564823,0.118976,0.0550638,0.573194,-0.162484,8.38161e-12,0.264528,0.156087,0.000183545,0.193075,-0.130621,1.33575e-11
7.836,0.406507,-0.125905,0.227108,0.393997,-0.0552896,-0.0706003,0.564947,0.118994,0.055516,0.573194,-0.162484,8.38161e-12,0.264532,0.156086,0.000146498,0.193075,-0.130621,1.33575e-11
7.837,0.406653,-0.12584,0.227223,0.394306,-0.0554445,-0.0706771,0.565073,0.119013,0.0559683,0.573194,-0.162484,8.38161e-12,0.264535,0.156086,0.000113567,0.193075,-0.130621,1.33575e-11
7.838,0.406799,-0.125774,0.227339,0.394622,-0.0555945,-0.0707656,0.5652,0.119032,0.0564207,0.573194,-0.162484,8.38161e-12,0.264538,0.156086,8.47754e-05,0.193075,-0.130621,1.33575e-11
7.839,0.406945,-0.125707,0.227456,0.394944,-0.0557395,-0.0708657,0.565327,0.119052,0.0568732,0.573194,-0.162484,8.38161e-12,0.264541,0.156086,6.01454e-05,0.193075,-0.130621,1.33575e-11
7.84,0.407091,-0.125638,0.227574,0.395272,-0.0558795,-0.0709774,0.565456,0.119071,0.0573257,0.573194,-0.162484,8.38161e-12,0.264543,0.156086,3.96995e-05,0.193075,-0.130621,1.33575e-11
7.841,0.407237,-0.125569,0.227692,0.395607,-0.0560146,-0.0711005,0.565585,0.119091,0.0577783,0.573194,-0.162484,8.38161e-12,0.264544,0.156086,2.34603e-05,0.193075,-0.130621,1.33575e-11
7.842,0.407384,-0.125499,0.227811,0.395947,-0.0561447,-0.0712351,0.565716,0.11911,0.0582308,0.573194,-0.162484,8.38161e-12,0.264545,0.156086,1.14504e-05,0.193075,-0.130621,1.33575e-11
7.843,0.407531,-0.125427,0.227931,0.396293,-0.0562698,-0.0713811,0.565848,0.11913,0.0586833,0.573194,-0.162484,8.38161e-12,0.264546,0.156086,3.69227e-06,0.193075,-0.130621,1.33575e-11
7.844,0.407678,-0.125355,0.228051,0.396644,-0.05639,-0.0715384,0.56598,0.11915,0.0591357,0.573194,-0.162484,8.38161e-12,0.264546,0.156086,2.0852e-07,0.193075,-0.130621,1.33575e-11
7.845,0.407825,-0.125281,0.228172,0.397001,-0.0565052,-0.0717069,0.566114,0.11917,0.059588,0.573194,-0.162484,8.38161e-12,0.264546,0.156086,-1.22805e-11,0.193075,-0.130621,1.33575e-11
7.846,0.407972,-0.125206,0.228293,0.397363,-0.0566154,-0.0718866,0.566248,0.11919,0.0600403,0.573194,-0.162484,8.38161e-12,0.264546,0.156086,-1.22805e-11,0.193075,-0.130621,1.33575e-11
7.847,0.40812,-0.12513,0.228415,0.397731,-0.0567207,-0.0720775,0.566384,0.119211,0.0604924,0.573194,-0.162484,8.38161e-12,0.264546,0.156086,-1.22805e-11,0.193075,-0.130621,1.33575e-11
7.848,0.408267,-0.125053,0.228538,0.398103,-0.0568211,-0.0722794,0.566521,0.119231,0.0609443,0.573194,-0.162484,8.38161e-12,0.264546,0.156086,-1.22805e-11,0.193075,-0.130621,1.33575e-11
7.849,0.408415,-0.124975,0.228661,0.398481,-0.0569165,-0.0724923,0.566658,0.119252,0.0613961,0.573194,-0.162484,8.38161e-12,0.264546,0.156086,-1.22805e-11,0.193075,-0.130621,1.33575e-11
7.85,0.408563,-0.124896,0.228785,0.398863,-0.0570069,-0.0727162,0.566797,0.119273,0.0618476,0.573194,-0.162484,8.38161e-12,0.264546,0.156086,-1.22805e-11,0.193075,-0.130621,1.33575e-11
7.851,0.408711,-0.124816,0.228909,0.399249,-0.0570925,-0.0729509,0.566937,0.119294,0.0622989,0.573194,-0.162484,8.38161e-12,0.264546,0.156086,-1.22805e-11,0.193075,-0.130621,1.33575e-11
7.852,0.408859,-0.124735,0.229034,0.399641,-0.0571731,-0.0731965,0.567078,0.119315,0.06275,0.573194,-0.162484,8.38161e-12,0.264546,0.156086,-1.22805e-11,0.193075,-0.130621,1.33575e-11
7.853,0.409007,-0.124653,0.22916,0.400036,-0.0572487,-0.0734528,0.567219,0.119337,0.0632007,0.573194,-0.162484,8.38161e-12,0.264546,0.156086,-1.22805e-11,0.193075,-0.130621,1.33575e-11
7.854,0.409156,-0.124569,0.229286,0.400436,-0.0573195,-0.0737199,0.567362,0.119358,0.0636512,0.573194,-0.162484,8.38161e-12,0.264546,0.156086,-1.22805e-11,0.193075,-0.130621,1.33575e-11
7.855,0.409304,-0.124485,0.229412,0.40084,-0.0573853,-0.0739976,0.567506,0.11938,0.0641013,0.573194,-0.162484,8.38161e-12,0.264546,0.156086,-1.22805e-11,0.193075,-0.130621,1.33575e-11
7.856,0.409453,-0.124399,0.229539,0.401248,-0.0574462,-0.0742858,0.567651,0.119402,0.0645511,0.573194,-0.162484,8.38161e-12,0.264546,0.156086,-1.22805e-11,0.193075,-0.130621,1.33575e-11
7.857,0.409602,-0.124313,0.229667,0.401659,-0.0575022,-0.0745846,0.567797,0.119424,0.0650005,0.573194,-0.162484,8.38161e-12,0.264546,0.156086,-1.22805e-11,0.193075,-0.130621,1.33575e-11
7.858,0.40975,-0.124225,0.229795,0.402075,-0.0575532,-0.0748939,0.567944,0.119446,0.0654494,0.573194,-0.162484,8.38161e-12,0.264546,0.156086,-1.22805e-11,0.193075,-0.130621,1.33575e-11
7.859,0.409899,-0.124137,0.229923,0.402493,-0.0575994,-0.0752135,0.568092,0.119468,0.065898,0.573194,-0.162484,8.38161e-12,0.264546,0.156086,-1.22805e-11,0.193075,-0.130621,1.33575e-11
7.86,0.410048,-0.124047,0.230052,0.402915,-0.0576406,-0.0755435,0.568242,0.119491,0.0663461,0.573194,-0.162484,8.38161e-12,0.264546,0.156086,-1.22805e-11,0.193075,-0.130621,1.33575e-11
7.861,0.410197,-0.123956,0.230181,0.403341,-0.057677,-0.0758838,0.568392,0.119513,0.0667937,0.573194,-0.162484,8.38161e-12,0.264546,0.156086,-1.22805e-11,0.193075,-0.130621,1.33575e-11
7.862,0.410347,-0.123864,0.230311,0.403769,-0.0577084,-0.0762343,0.568543,0.119536,0.0672408,0.573194,-0.162484,8.38161e-12,0.264546,0.156086,-1.22805e-11,0.193075,-0.130621,1.33575e-11
7.863,0.410496,-0.123771,0.230441,0.4042,-0.057735,-0.076595,0.568696,0.119559,0.0676873,0.573194,-0.162484,8.38161e-12,0.264546,0.156086,-1.22805e-11,0.193075,-0.130621,1.33575e-11
7.864,0.410645,-0.123677,0.230571,0.404635,-0.0577566,-0.0769657,0.568849,0.119582,0.0681333,0.573194,-0.162484,8.38161e-12,0.264546,0.156086,-1.22805e-11,0.193075,-0.130621,1.33575e-11
7.865,0.410794,-0.123582,0.230702,0.405071,-0.0577734,-0.0773465,0.569004,0.119605,0.0685787,0.573194,-0.162484,8.38161e-12,0.264546,0.156086,-1.22805e-11,0.193075,-0.130621,1.33575e-11
7.866,0.410944,-0.123486,0.230833,0.405511,-0.0577853,-0.0777373,0.569159,0.119629,0.0690236,0.573194,-0.162484,8.38161e-12,0.264546,0.156086,-1.22805e-11,0.193075,-0.130621,1.33575e-11
7.867,0.411093,-0.123388,0.230965,0.405952,-0.0577923,-0.078138,0.569316,0.119653,0.0694677,0.573194,-0.162484,8.38161e-12,0.264546,0.156086,-1.22805e-11,0.193075,-0.130621,1.33575e-11
7.868,0.411243,-0.12329,0.231097,0.406396,-0.0577944,-0.0785485,0.569474,0.119676,0.0699113,0.573194,-0.162484,8.38161e-12,0.264546,0.156086,-1.22805e-11,0.193075,-0.130621,1.33575e-11
7.869,0.411392,-0.123191,0.231229,0.406843,-0.0577917,-0.0789689,0.569633,0.1197,0.0703541,0.573194,-0.162484,8.38161e-12,0.264546,0.156086,-1.22805e-11,0.193075,-0.130621,1.33575e-11
7.87,0.411542,-0.12309,0.231362,0.407291,-0.0577841,-0.0793989,0.569793,0.119724,0.0707962,0.573194,-0.162484,8.38161e-12,0.264546,0.156086,-1.22805e-11,0.193075,-0.130621,1.33575e-11
7.871,0.411691,-0.122989,0.231494,0.407741,-0.0577716,-0.0798387,0.569954,0.119749,0.0712376,0.573194,-0.162484,8.38161e-12,0.264546,0.156086,-1.22805e-11,0.193075,-0.130621,1.33575e-11
7.872,0.411841,-0.122886,0.231627,0.408192,-0.0577542,-0.0802881,0.570116,0.119773,0.0716783,0.573194,-0.162484,8.38161e-12,0.264546,0.156086,-1.22805e-11,0.193075,-0.130621,1.33575e-11
7.873,0.41199,-0.122783,0.231761,0.408645,-0.057732,-0.080747,0.570279,0.119798,0.0721182,0.573194,-0.162484,8.38161e-12,0.264546,0.156086,-1.22805e-11,0.193075,-0.130621,1.33575e-11
7.874,0.41214,-0.122678,0.231894,0.4091,-0.0577049,-0.0812154,0.570444,0.119822,0.0725572,0.573194,-0.162484,8.38161e-12,0.264546,0.156086,-1.22805e-11,0.193075,-0.130621,1.33575e-11
7.875,0.412289,-0.122572,0.232028,0.409556,-0.057673,-0.0816932,0.570609,0.119847,0.0729955,0.573194,-0.162484,8.38161e-12,0.264546,0.156086,-1.22805e-11,0.193075,-0.130621,1.33575e-11
7.876,0.412439,-0.122465,0.232162,0.410013,-0.0576362,-0.0821804,0.570776,0.119872,0.0734328,0.573194,-0.162484,8.38161e-12,0.264546,0.156086,-1.22805e-11,0.193075,-0.130621,1.33575e-11
7.877,0.412589,-0.122358,0.232297,0.410471,-0.0575946,-0.0826769,0.570944,0.119898,0.0738693,0.573194,-0.162484,8.38161e-12,0.264546,0.156086,-1.22805e-11,0.193075,-0.130621,1.33575e-11
7.878,0.412738,-0.122249,0.232431,0.410929,-0.0575481,-0.0831827,0.571113,0.119923,0.0743049,0.573194,-0.162484,8.38161e-12,0.264546,0.156086,-1.22805e-11,0.193075,-0.130621,1.33575e-11
7.879,0.412888,-0.122139,0.232566,0.411389,-0.0574968,-0.0836977,0.571283,0.119949,0.0747396,0.573194,-0.162484,8.38161e-12,0.264546,0.156086,-1.22805e-11,0.193075,-0.130621,1.33575e-11
7.88,0.413037,-0.122028,0.232701,0.411849,-0.0574406,-0.0842217,0.571454,0.119975,0.0751733,0.573194,-0.162484,8.38161e-12,0.264546,0.156086,-1.22805e-11,0.193075,-0.130621,1.33575e-11
7.881,0.413187,-0.121916,0.232836,0.41231,-0.0573796,-0.0847549,0.571626,0.120001,0.075606,0.573194,-0.162484,8.38161e-12,0.264546,0.156086,-1.22805e-11,0.193075,-0.130621,1.33575e-11
7.882,0.413336,-0.121803,0.232971,0.41277,-0.0573138,-0.0852971,0.5718,0.120027,0.0760378,0.573194,-0.162484,8.38161e-12,0.264546,0.156086,-1.22805e-11,0.193075,-0.130621,1.33575e-11
7.883,0.413486,-0.121688,0.233106,0.413231,-0.0572431,-0.0858482,0.571974,0.120053,0.0764684,0.573194,-0.162484,8.38161e-12,0.264546,0.156086,-1.22805e-11,0.193075,-0.130621,1.33575e-11
7.884,0.413635,-0.121573,0.233242,0.413692,-0.0571677,-0.0864082,0.57215,0.120079,0.0768981,0.573194,-0.162484,8.38161e-12,0.264546,0.156086,-1.22805e-11,0.193075,-0.130621,1.33575e-11
7.885,0.413784,-0.121457,0.233377,0.414153,-0.0570874,-0.086977,0.572327,0.120106,0.0773267,0.573194,-0.162484,8.38161e-12,0.264546,0.156086,-1.22805e-11,0.193075,-0.130621,1.33575e-11
7.886,0.413933,-0.12134,0.233513,0.414614,-0.0570022,-0.0875546,0.572505,0.120133,0.0777541,0.573194,-0.162484,8.38161e-12,0.264546,0.156086,-1.22805e-11,0.193075,-0.130621,1.33575e-11
7.887,0.414083,-0.121221,0.233649,0.415074,-0.0569123,-0.0881408,0.572684,0.12016,0.0781804,0.573194,-0.162484,8.38161e-12,0.264546,0.156086,-1.22805e-11,0.193075,-0.130621,1.33575e-11
7.888,0.414232,-0.121102,0.233785,0.415534,-0.0568176,-0.0887358,0.572864,0.120187,0.0786056,0.573194,-0.162484,8.38161e-12,0.264546,0.156086,-1.22805e-11,0.193075,-0.130621,1.33575e-11
7.889,0.414381,-0.120981,0.233921,0.415993,-0.056718,-0.0893393,0.573046,0.120214,0.0790296,0.573194,-0.162484,8.38161e-12,0.264546,0.156086,-1.22805e-11,0.193075,-0.130621,1.33575e-11
7.89,0.41453,-0.12086,0.234057,0.416451,-0.0566137,-0.0899513,0.573228,0.120242,0.0794524,0.573194,-0.162484,8.38161e-12,0.264546,0.156086,-1.22805e-11,0.193075,-0.130621,1.33575e-11
7.891,0.414679,-0.120737,0.234193,0.416908,-0.0565045,-0.0905718,0.573412,0.12027,0.079874,0.573194,-0.162484,8.38161e-12,0.264546,0.156086,-1.22805e-11,0.193075,-0.130621,1.33575e-11
7.892,0.414827,-0.120614,0.234329,0.417364,-0.0563906,-0.0912007,0.573597,0.120297,0.0802943,0.573194,-0.162484,8.38161e-12,0.264546,0.156086,-1.22805e-11,0.193075,-0.130621,1.33575e-11
7.893,0.414976,-0.120489,0.234465,0.417819,-0.0562718,-0.091838,0.573783,0.120325,0.0807133,0.573194,-0.162484,8.38161e-12,0.264546,0.156086,-1.22805e-11,0.193075,-0.130621,1.33575e-11
7.894,0.415125,-0.120363,0.234601,0.418273,-0.0561483,-0.0924835,0.573971,0.120354,0.081131,0.573194,-0.162484,8.38161e-12,0.264546,0.156086,-1.22805e-11,0.193075,-0.130621,1.33575e-11
7.895,0.415273,-0.120237,0.234737,0.418725,-0.05602,-0.0931372,0.574159,0.120382,0.0815475,0.573194,-0.162484,8.38161e-12,0.264546,0.156086,-1.22805e-11,0.193075,-0.130621,1.33575e-11
7.896,0.415421,-0.120109,0.234873,0.419175,-0.0558869,-0.0937991,0.574349,0.120411,0.0819625,0.573194,-0.162484,8.38161e-12,0.264546,0.156086,-1.22805e-11,0.193075,-0.130621,1.33575e-11
7.897,0.41557,-0.11998,0.235009,0.419623,-0.055749,-0.0944691,0.57454,0.120439,0.0823762,0.573194,-0.162484,8.38161e-12,0.264546,0.156086,-1.22805e-11,0.193075,-0.130621,1.33575e-11
7.898,0.415718,-0.11985,0.235144,0.42007,-0.0556063,-0.0951472,0.574732,0.120468,0.0827885,0.573194,-0.162484,8.38161e-12,0.264546,0.156086,-1.22805e-11,0.193075,-0.130621,1.33575e-11
7.899,0.415866,-0.119719,0.23528,0.420515,-0.0554589,-0.0958332,0.574925,0.120497,0.0831993,0.573194,-0.162484,8.38161e-12,0.264546,0.156086,-1.22805e-11,0.193075,-0.130621,1.33575e-11
7.9,0.416014,-0.119587,0.235416,0.420957,-0.0553067,-0.0965271,0.575119,0.120527,0.0836087,0.573194,-0.162484,8.38161e-12,0.264546,0.156086,-1.22805e-11,0.193075,-0.130621,1.33575e-11
7.901,0.416161,-0.119454,0.235552,0.421397,-0.0551497,-0.0972289,0.575315,0.120556,0.0840166,0.573194,-0.162484,8.38161e-12,0.264546,0.156086,-1.22805e-11,0.193075,-0.130621,1.33575e-11
7.902,0.416309,-0.11932,0.235687,0.421834,-0.0549881,-0.0979383,0.575512,0.120586,0.084423,0.573194,-0.162484,8.38161e-12,0.264546,0.156086,-1.22805e-11,0.193075,-0.130621,1.33575e-11
7.903,0.416456,-0.119185,0.235822,0.422269,-0.0548219,-0.0986552,0.57571,0.120616,0.0848279,0.573194,-0.162484,8.38161e-12,0.264546,0.156086,-1.22805e-11,0.193075,-0.130621,1.33575e-11
7.904,0.416603,-0.119049,0.235958,0.4227,-0.0546513,-0.0993793,0.575909,0.120646,0.0852313,0.573194,-0.162484,8.38161e-12,0.264546,0.156086,-1.22805e-11,0.193075,-0.130621,1.33575e-11
7.905,0.41675,-0.118912,0.236093,0.423129,-0.0544763,-0.100111,0.57611,0.120676,0.085633,0.573194,-0.162484,8.38161e-12,0.264546,0.156086,-1.22805e-11,0.193075,-0.130621,1.33575e-11
7.906,0.416897,-0.118774,0.236228,0.423554,-0.0542971,-0.100849,0.576312,0.120706,0.0860332,0.573194,-0.162484,8.38161e-12,0.264546,0.156086,-1.22805e-11,0.193075,-0.130621,1.33575e-11
7.907,0.417044,-0.118635,0.236363,0.423976,-0.0541137,-0.101593,0.576514,0.120737,0.0864317,0.573194,-0.162484,8.38161e-12,0.264546,0.156086,-1.22805e-11,0.193075,-0.130621,1.33575e-11
7.908,0.417191,-0.118495,0.236498,0.424394,-0.0539264,-0.102345,0.576719,0.120768,0.0868286,0.573194,-0.162484,8.38161e-12,0.264546,0.156086,-1.22805e-11,0.193075,-0.130621,1.33575e-11
7.909,0.417337,-0.118354,0.236632,0.424808,-0.053735,-0.103102,0.576924,0.120799,0.0872238,0.573194,-0.162484,8.38161e-12,0.264546,0.156086,-1.22805e-11,0.193075,-0.130621,1.33575e-11
7.91,0.417483,-0.118212,0.236766,0.425218,-0.0535399,-0.103866,0.577131,0.12083,0.0876173,0.573194,-0.162484,8.38161e-12,0.264546,0.156086,-1.22805e-11,0.193075,-0.130621,1.33575e-11
7.911,0.417629,-0.118068,0.236901,0.425624,-0.053341,-0.104636,0.577339,0.120861,0.0880091,0.573194,-0.162484,8.38161e-12,0.264546,0.156086,-1.22805e-11,0.193075,-0.130621,1.33575e-11
7.912,0.417775,-0.117924,0.237035,0.426025,-0.0531386,-0.105411,0.577548,0.120893,0.0883992,0.573194,-0.162484,8.38161e-12,0.264546,0.156086,-1.22805e-11,0.193075,-0.130621,1.33575e-11
7.913,0.417921,-0.117779,0.237168,0.426421,-0.0529326,-0.106192,0.577758,0.120924,0.0887874,0.573194,-0.162484,8.38161e-12,0.264546,0.156086,-1.22805e-11,0.193075,-0.130621,1.33575e-11
7.914,0.418066,-0.117633,0.237302,0.426813,-0.0527232,-0.106978,0.57797,0.120956,0.0891739,0.573194,-0.162484,8.38161e-12,0.264546,0.156086,-1.22805e-11,0.193075,-0.130621,1.33575e-11
7.915,0.418211,-0.117486,0.237435,0.4272,-0.0525105,-0.107769,0.578182,0.120988,0.0895585,0.573194,-0.162484,8.38161e-12,0.264546,0.156086,-1.22805e-11,0.193075,-0.130621,1.33575e-11
7.916,0.418356,-0.117338,0.237569,0.427581,-0.0522946,-0.108565,0.578396,0.12102,0.0899413,0.573194,-0.162484,8.38161e-12,0.264546,0.156086,-1.22805e-11,0.193075,-0.130621,1.33575e-11
7.917,0.418501,-0.117189,0.237702,0.427957,-0.0520757,-0.109366,0.578612,0.121053,0.0903222,0.573194,-0.162484,8.38161e-12,0.264546,0.156086,-1.22805e-11,0.193075,-0.130621,1.33575e-11
7.918,0.418645,-0.117038,0.237834,0.428327,-0.0518537,-0.110172,0.578828,0.121085,0.0907013,0.573194,-0.162484,8.38161e-12,0.264546,0.156086,-1.22805e-11,0.193075,-0.130621,1.33575e-11
7.919,0.41879,-0.116887,0.237967,0.428691,-0.0516289,-0.110981,0.579046,0.121118,0.0910784,0.573194,-0.162484,8.38161e-12,0.264546,0.156086,-1.22805e-11,0.193075,-0.130621,1.33575e-11
7.92,0.418934,-0.116735,0.238099,0.42905,-0.0514013,-0.111795,0.579265,0.121151,0.0914535,0.573194,-0.162484,8.38161e-12,0.264546,0.156086,-1.22805e-11,0.193075,-0.130621,1.33575e-11
7.921,0.419078,-0.116582,0.238231,0.429402,-0.051171,-0.112613,0.579486,0.121185,0.0918267,0.573194,-0.162484,8.38161e-12,0.264546,0.156086,-1.22805e-11,0.193075,-0.130621,1.33575e-11
7.922,0.419221,-0.116428,0.238362,0.429747,-0.0509381,-0.113435,0.579707,0.121218,0.0921978,0.573194,-0.162484,8.38161e-12,0.264546,0.156086,-1.22805e-11,0.193075,-0.130621,1.33575e-11
7.923,0.419365,-0.116273,0.238494,0.430086,-0.0507028,-0.11426,0.57993,0.121251,0.092567,0.573194,-0.162484,8.38161e-12,0.264546,0.156086,-1.22805e-11,0.193075,-0.130621,1.33575e-11
7.924,0.419508,-0.116117,0.238625,0.430419,-0.0504652,-0.115089,0.580155,0.121285,0.0929341,0.573194,-0.162484,8.38161e-12,0.264546,0.156086,-1.22805e-11,0.193075,-0.130621,1.33575e-11
7.925,0.41965,-0.115961,0.238756,0.430744,-0.0502253,-0.11592,0.58038,0.121319,0.0932991,0.573194,-0.162484,8.38161e-12,0.264546,0.156086,-1.22805e-11,0.193075,-0.130621,1.33575e-11
7.926,0.419793,-0.115803,0.238886,0.431062,-0.0499832,-0.116755,0.580607,0.121353,0.0936621,0.573194,-0.162484,8.38161e-12,0.264546,0.156086,-1.22805e-11,0.193075,-0.130621,1.33575e-11
7.927,0.419935,-0.115644,0.239016,0.431373,-0.0497391,-0.117592,0.580835,0.121388,0.0940229,0.573194,-0.162484,8.38161e-12,0.264546,0.156086,-1.22805e-11,0.193075,-0.130621,1.33575e-11
7.928,0.420077,-0.115484,0.239146,0.431676,-0.0494931,-0.118433,0.581064,0.121422,0.0943815,0.573194,-0.162484,8.38161e-12,0.264546,0.156086,-1.22805e-11,0.193075,-0.130621,1.33575e-11
7.929,0.420219,-0.115324,0.239276,0.431971,-0.0492452,-0.119275,0.581295,0.121457,0.094738,0.573194,-0.162484,8.38161e-12,0.264546,0.156086,-1.22805e-11,0.193075,-0.130621,1.33575e-11
7.93,0.42036,-0.115162,0.239405,0.432258,-0.0489956,-0.12012,0.581527,0.121492,0.0950923,0.573194,-0.162484,8.38161e-12,0.264546,0.156086,-1.22805e-11,0.193075,-0.130621,1.33575e-11
7.931,0.420502,-0.114999,0.239533,0.432537,-0.0487444,-0.120966,0.58176,0.121527,0.0954444,0.573194,-0.162484,8.38161e-12,0.264546,0.156086,-1.22805e-11,0.193075,-0.130621,1.33575e-11
7.932,0.420642,-0.114836,0.239662,0.432808,-0.0484916,-0.121815,0.581995,0.121562,0.0957942,0.573194,-0.162484,8.38161e-12,0.264546,0.156086,-1.22805e-11,0.193075,-0.130621,1.33575e-11
7.933,0.420783,-0.114672,0.23979,0.43307,-0.0482375,-0.122665,0.58223,0.121598,0.0961418,0.573194,-0.162484,8.38161e-12,0.264546,0.156086,-1.22805e-11,0.193075,-0.130621,1.33575e-11
7.934,0.420923,-0.114506,0.239918,0.433323,-0.047982,-0.123516,0.582468,0.121634,0.096487,0.573194,-0.162484,8.38161e-12,0.264546,0.156086,-1.22805e-11,0.193075,-0.130621,1.33575e-11
7.935,0.421063,-0.11434,0.240045,0.433568,-0.0477254,-0.124369,0.582706,0.12167,0.09683,0.573194,-0.162484,8.38161e-12,0.264546,0.156086,-1.22805e-11,0.193075,-0.130621,1.33575e-11
7.936,0.421203,-0.114173,0.240172,0.433803,-0.0474676,-0.125223,0.582946,0.121706,0.0971706,0.573194,-0.162484,8.38161e-12,0.264546,0.156086,-1.22805e-11,0.193075,-0.130621,1.33575e-11
7.937,0.421342,-0.114005,0.240298,0.434029,-0.0472088,-0.126077,0.583187,0.121742,0.0975088,0.573194,-0.162484,8.38161e-12,0.264546,0.156086,-1.22805e-11,0.193075,-0.130621,1.33575e-11
7.938,0.421481,-0.113836,0.240424,0.434245,-0.0469492,-0.126932,0.58343,0.121779,0.0978446,0.573194,-0.162484,8.38161e-12,0.264546,0.156086,-1.22805e-11,0.193075,-0.130621,1.33575e-11
7.939,0.42162,-0.113666,0.24055,0.434452,-0.0466888,-0.127788,0.583673,0.121815,0.098178,0.573194,-0.162484,8.38161e-12,0.264546,0.156086,-1.22805e-11,0.193075,-0.130621,1.33575e-11
7.94,0.421758,-0.113495,0.240675,0.434649,-0.0464277,-0.128644,0.583918,0.121852,0.098509,0.573194,-0.162484,8.38161e-12,0.264546,0.156086,-1.22805e-11,0.193075,-0.130621,1.33575e-11
7.941,0.421896,-0.113323,0.2408,0.434836,-0.046166,-0.1295,0.584165,0.121889,0.0988374,0.573194,-0.162484,8.38161e-12,0.264546,0.156086,-1.22805e-11,0.193075,-0.130621,1.33575e-11
7.942,0.422034,-0.11315,0.240924,0.435012,-0.0459038,-0.130356,0.584413,0.121927,0.0991634,0.573194,-0.162484,8.38161e-12,0.264546,0.156086,-1.22805e-11,0.193075,-0.130621,1.33575e-11
7.943,0.422171,-0.112977,0.241048,0.435178,-0.0456413,-0.131211,0.584662,0.121964,0.0994869,0.573194,-0.162484,8.38161e-12,0.264546,0.156086,-1.22805e-11,0.193075,-0.130621,1.33575e-11
7.944,0.422308,-0.112802,0.241171,0.435333,-0.0453785,-0.132066,0.584912,0.122002,0.0998078,0.573194,-0.162484,8.38161e-12,0.264546,0.156086,-1.22805e-11,0.193075,-0.130621,1.33575e-11
7.945,0.422445,-0.112627,0.241294,0.435477,-0.0451156,-0.13292,0.585164,0.12204,0.100126,0.573194,-0.162484,8.38161e-12,0.264546,0.156086,-1.22805e-11,0.193075,-0.130621,1.33575e-11
7.946,0.422581,-0.112451,0.241417,0.435611,-0.0448526,-0.133773,0.585417,0.122078,0.100442,0.573194,-0.162484,8.38161e-12,0.264546,0.156086,-1.22805e-11,0.193075,-0.130621,1.33575e-11
7.947,0.422717,-0.112274,0.241539,0.435732,-0.0445897,-0.134625,0.585672,0.122116,0.100755,0.573194,-0.162484,8.38161e-12,0.264546,0.156086,-1.22805e-11,0.193075,-0.130621,1.33575e-11
7.948,0.422852,-0.112096,0.24166,0.435843,-0.0443269,-0.135476,0.585928,0.122155,0.101066,0.573194,-0.162484,8.38161e-12,0.264546,0.156086,-1.22805e-11,0.193075,-0.130621,1.33575e-11
7.949,0.422987,-0.111917,0.241781,0.435942,-0.0440644,-0.136325,0.586185,0.122194,0.101373,0.573194,-0.162484,8.38161e-12,0.264546,0.156086,-1.22805e-11,0.193075,-0.130621,1.33575e-11
7.95,0.423122,-0.111737,0.241902,0.436029,-0.0438023,-0.137173,0.586444,0.122233,0.101679,0.573194,-0.162484,8.38161e-12,0.264546,0.156086,-1.22805e-11,0.193075,-0.130621,1.33575e-11
7.951,0.423256,-0.111556,0.242022,0.436104,-0.0435406,-0.138018,0.586704,0.122272,0.101981,0.573194,-0.162484,8.38161e-12,0.264546,0.156086,-1.22805e-11,0.193075,-0.130621,1.33575e-11
7.952,0.42339,-0.111375,0.242141,0.436166,-0.0432795,-0.138862,0.586965,0.122311,0.102281,0.573194,-0.162484,8.38161e-12,0.264546,0.156086,-1.22805e-11,0.193075,-0.130621,1.33575e-11
7.953,0.423524,-0.111193,0.24226,0.436216,-0.0430191,-0.139703,0.587228,0.122351,0.102578,0.573194,-0.162484,8.38161e-12,0.264546,0.156086,-1.22805e-11,0.193075,-0.130621,1.33575e-11
7.954,0.423657,-0.111009,0.242378,0.436254,-0.0427595,-0.140542,0.587492,0.122391,0.102872,0.573194,-0.162484,8.38161e-12,0.264546,0.156086,-1.22805e-11,0.193075,-0.130621,1.33575e-11
7.955,0.42379,-0.110825,0.242496,0.436279,-0.0425008,-0.141378,0.587757,0.122431,0.103163,0.573194,-0.162484,8.38161e-12,0.264546,0.156086,-1.22805e-11,0.193075,-0.130621,1.33575e-11
7.956,0.423922,-0.11064,0.242613,0.436291,-0.0422431,-0.142211,0.588024,0.122471,0.103451,0.573194,-0.162484,8.38161e-12,0.264546,0.156086,-1.22805e-11,0.193075,-0.130621,1.33575e-11
7.957,0.424054,-0.110455,0.24273,0.436289,-0.0419865,-0.143041,0.588293,0.122511,0.103737,0.573194,-0.162484,8.38161e-12,0.264546,0.156086,-1.22805e-11,0.193075,-0.130621,1.33575e-11
7.958,0.424185,-0.110268,0.242846,0.436274,-0.0417311,-0.143868,0.588562,0.122552,0.10402,0.573194,-0.162484,8.38161e-12,0.264546,0.156086,-1.22805e-11,0.193075,-0.130621,1.33575e-11
7.959,0.424316,-0.110081,0.242961,0.436246,-0.041477,-0.144691,0.588833,0.122593,0.104299,0.573194,-0.162484,8.38161e-12,0.264546,0.156086,-1.22805e-11,0.193075,-0.130621,1.33575e-11
7.96,0.424447,-0.109892,0.243076,0.436203,-0.0412243,-0.145511,0.589106,0.122634,0.104576,0.573194,-0.162484,8.38161e-12,0.264546,0.156086,-1.22805e-11,0.193075,-0.130621,1.33575e-11
7.961,0.424577,-0.109703,0.24319,0.436147,-0.0409731,-0.146327,0.58938,0.122675,0.10485,0.573194,-0.162484,8.38161e-12,0.264546,0.156086,-1.22805e-11,0.193075,-0.130621,1.33575e-11
7.962,0.424707,-0.109513,0.243304,0.436077,-0.0407236,-0.147139,0.589655,0.122716,0.105121,0.573194,-0.162484,8.38161e-12,0.264546,0.156086,-1.22805e-11,0.193075,-0.130621,1.33575e-11
7.963,0.424836,-0.109322,0.243417,0.435992,-0.0404758,-0.147946,0.589932,0.122758,0.105389,0.573194,-0.162484,8.38161e-12,0.264546,0.156086,-1.22805e-11,0.193075,-0.130621,1.33575e-11
7.964,0.424965,-0.109131,0.243529,0.435892,-0.0402298,-0.148749,0.59021,0.1228,0.105654,0.573194,-0.162484,8.38161e-12,0.264546,0.156086,-1.22805e-11,0.193075,-0.130621,1.33575e-11
7.965,0.425093,-0.108938,0.243641,0.435778,-0.0399858,-0.149548,0.590489,0.122842,0.105915,0.573194,-0.162484,8.38161e-12,0.264546,0.156086,-1.22805e-11,0.193075,-0.130621,1.33575e-11
7.966,0.425221,-0.108745,0.243752,0.435649,-0.0397438,-0.150341,0.59077,0.122884,0.106174,0.573194,-0.162484,8.38161e-12,0.264546,0.156086,-1.22805e-11,0.193075,-0.130621,1.33575e-11
7.967,0.425349,-0.108551,0.243862,0.435505,-0.039504,-0.15113,0.591053,0.122927,0.10643,0.573194,-0.162484,8.38161e-12,0.264546,0.156086,-1.22805e-11,0.193075,-0.130621,1.33575e-11
7.968,0.425476,-0.108356,0.243972,0.435345,-0.0392664,-0.151913,0.591336,0.12297,0.106682,0.573194,-0.162484,8.38161e-12,0.264546,0.156086,-1.22805e-11,0.193075,-0.130621,1.33575e-11
7.969,0.425602,-0.10816,0.244081,0.43517,-0.0390312,-0.152691,0.591622,0.123013,0.106931,0.573194,-0.162484,8.38161e-12,0.264546,0.156086,-1.22805e-11,0.193075,-0.130621,1.33575e-11
7.97,0.425728,-0.107963,0.244189,0.434979,-0.0387985,-0.153463,0.591908,0.123056,0.107177,0.573194,-0.162484,8.38161e-12,0.264546,0.156086,-1.22805e-11,0.193075,-0.130621,1.33575e-11
7.971,0.425854,-0.107766,0.244297,0.434772,-0.0385683,-0.15423,0.592196,0.123099,0.10742,0.573194,-0.162484,8.38161e-12,0.264546,0.156086,-1.22805e-11,0.193075,-0.130621,1.33575e-11
7.972,0.425979,-0.107568,0.244404,0.434549,-0.0383408,-0.15499,0.592486,0.123143,0.10766,0.573194,-0.162484,8.38161e-12,0.264546,0.156086,-1.22805e-11,0.193075,-0.130621,1.33575e-11
7.973,0.426103,-0.107369,0.24451,0.43431,-0.0381161,-0.155745,0.592777,0.123187,0.107896,0.573194,-0.162484,8.38161e-12,0.264546,0.156086,-1.22805e-11,0.193075,-0.130621,1.33575e-11
7.974,0.426227,-0.107169,0.244615,0.434054,-0.0378942,-0.156493,0.593069,0.123231,0.108129,0.573194,-0.162484,8.38161e-12,0.264546,0.156086,-1.22805e-11,0.193075,-0.130621,1.33575e-11
7.975,0.426351,-0.106969,0.24472,0.433782,-0.0376754,-0.157234,0.593363,0.123275,0.108359,0.573194,-0.162484,8.38161e-12,0.264546,0.156086,-1.22805e-11,0.193075,-0.130621,1.33575e-11
7.976,0.426474,-0.106767,0.244824,0.433492,-0.0374596,-0.157968,0.593658,0.123319,0.108585,0.573194,-0.162484,8.38161e-12,0.264546,0.156086,-1.22805e-11,0.193075,-0.130621,1.33575e-11
7.977,0.426597,-0.106565,0.244927,0.433186,-0.0372471,-0.158696,0.593955,0.123364,0.108808,0.573194,-0.162484,8.38161e-12,0.264546,0.156086,-1.22805e-11,0.193075,-0.130621,1.33575e-11
7.978,0.426719,-0.106362,0.24503,0.432862,-0.0370378,-0.159416,0.594253,0.123409,0.109028,0.573194,-0.162484,8.38161e-12,0.264546,0.156086,-1.22805e-11,0.193075,-0.130621,1.33575e-11
7.979,0.42684,-0.106158,0.245132,0.432521,-0.0368319,-0.160129,0.594553,0.123454,0.109244,0.573194,-0.162484,8.38161e-12,0.264546,0.156086,-1.22805e-11,0.193075,-0.130621,1.33575e-11
7.98,0.426961,-0.105954,0.245233,0.432162,-0.0366296,-0.160835,0.594854,0.1235,0.109457,0.573194,-0.162484,8.38161e-12,0.264546,0.156086,-1.22805e-11,0.193075,-0.130621,1.33575e-11
7.981,0.427081,-0.105749,0.245333,0.431785,-0.0364309,-0.161532,0.595157,0.123545,0.109666,0.573194,-0.162484,8.38161e-12,0.264546,0.156086,-1.22805e-11,0.193075,-0.130621,1.33575e-11
7.982,0.427201,-0.105543,0.245432,0.43139,-0.0362359,-0.162222,0.595461,0.123591,0.109872,0.573194,-0.162484,8.38161e-12,0.264546,0.156086,-1.22805e-11,0.193075,-0.130621,1.33575e-11
7.983,0.427321,-0.105336,0.245531,0.430977,-0.0360447,-0.162904,0.595767,0.123637,0.110074,0.573194,-0.162484,8.38161e-12,0.264546,0.156086,-1.22805e-11,0.193075,-0.130621,1.33575e-11
7.984,0.427439,-0.105128,0.245629,0.430546,-0.0358575,-0.163577,0.596074,0.123683,0.110273,0.573194,-0.162484,8.38161e-12,0.264546,0.156086,-1.22805e-11,0.193075,-0.130621,1.33575e-11
7.985,0.427558,-0.10492,0.245726,0.430095,-0.0356743,-0.164242,0.596382,0.12373,0.110468,0.573194,-0.162484,8.38161e-12,0.264546,0.156086,-1.22805e-11,0.193075,-0.130621,1.33575e-11
7.986,0.427675,-0.104711,0.245822,0.429626,-0.0354953,-0.164897,0.596692,0.123777,0.11066,0.573194,-0.162484,8.38161e-12,0.264546,0.156086,-1.22805e-11,0.193075,-0.130621,1.33575e-11
7.987,0.427792,-0.104501,0.245917,0.429138,-0.0353205,-0.165544,0.597004,0.123823,0.110848,0.573194,-0.162484,8.38161e-12,0.264546,0.156086,-1.22805e-11,0.193075,-0.130621,1.33575e-11
7.988,0.427909,-0.104291,0.246012,0.428631,-0.03515,-0.166182,0.597317,0.123871,0.111032,0.573194,-0.162484,8.38161e-12,0.264546,0.156086,-1.22805e-11,0.193075,-0.130621,1.33575e-11
7.989,0.428025,-0.104079,0.246105,0.428104,-0.034984,-0.166811,0.597631,0.123918,0.111213,0.573194,-0.162484,8.38161e-12,0.264546,0.156086,-1.22805e-11,0.193075,-0.130621,1.33575e-11
7.99,0.42814,-0.103867,0.246198,0.427558,-0.0348226,-0.16743,0.597947,0.123966,0.11139,0.573194,-0.162484,8.38161e-12,0.264546,0.156086,-1.22805e-11,0.193075,-0.130621,1.33575e-11
7.991,0.428255,-0.103654,0.24629,0.426992,-0.0346658,-0.168039,0.598265,0.124013,0.111563,0.573194,-0.162484,8.38161e-12,0.264546,0.156086,-1.22805e-11,0.193075,-0.130621,1.33575e-11
7.992,0.428369,-0.103441,0.246381,0.426406,-0.0345138,-0.168638,0.598584,0.124061,0.111733,0.573194,-0.162484,8.38161e-12,0.264546,0.156086,-1.22805e-11,0.193075,-0.130621,1.33575e-11
7.993,0.428483,-0.103227,0.246471,0.425799,-0.0343667,-0.169228,0.598904,0.12411,0.111899,0.573194,-0.162484,8.38161e-12,0.264546,0.156086,-1.22805e-11,0.193075,-0.130621,1.33575e-11
7.994,0.428596,-0.103012,0.24656,0.425173,-0.0342245,-0.169807,0.599226,0.124158,0.112061,0.573194,-0.162484,8.38161e-12,0.264546,0.156086,-1.22805e-11,0.193075,-0.130621,1.33575e-11
7.995,0.428708,-0.102796,0.246649,0.424525,-0.0340875,-0.170375,0.59955,0.124207,0.112219,0.573194,-0.162484,8.38161e-12,0.264546,0.156086,-1.22805e-11,0.193075,-0.130621,1.33575e-11
7.996,0.42882,-0.102579,0.246736,0.423857,-0.0339556,-0.170933,0.599875,0.124256,0.112373,0.573194,-0.162484,8.38161e-12,0.264546,0.156086,-1.22805e-11,0.193075,-0.130621,1.33575e-11
7.997,0.428931,-0.102362,0.246823,0.423168,-0.033829,-0.17148,0.600202,0.124305,0.112524,0.573194,-0.162484,8.38161e-12,0.264546,0.156086,-1.22805e-11,0.193075,-0.130621,1.33575e-11
7.998,0.429042,-0.102144,0.246908,0.422458,-0.0337078,-0.172016,0.60053,0.124355,0.11267,0.573194,-0.162484,8.38161e-12,0.264546,0.156086,-1.22805e-11,0.193075,-0.130621,1.33575e-11
7.999,0.429152,-0.101926,0.246993,0.421727,-0.0335922,-0.17254,0.60086,0.124404,0.112813,0.573194,-0.162484,8.38161e-12,0.264546,0.156086,-1.22805e-11,0.193075,-0.130621,1.33575e-11
8,0.429261,-0.101707,0.247077,0.420973,-0.0334821,-0.173053,0.601191,0.124454,0.112952,0.573194,-0.162484,8.38161e-12,0.264546,0.156086,-1.22805e-11,0.193075,-0.130621,1.33575e-11
8.001,0.42937,-0.101487,0.24716,0.420199,-0.0333777,-0.173555,0.601524,0.124504,0.113087,0.573194,-0.162484,8.38161e-12,0.264546,0.156086,-1.22805e-11,0.193075,-0.130621,1.33575e-11
8.002,0.429478,-0.101266,0.247241,0.419402,-0.033279,-0.174044,0.601858,0.124555,0.113217,0.573194,-0.162484,8.38161e-12,0.264546,0.156086,-1.22805e-11,0.193075,-0.130621,1.33575e-11
8.003,0.429585,-0.101044,0.247322,0.418584,-0.033186,-0.174523,0.602194,0.124605,0.113344,0.573194,-0.162484,8.38161e-12,0.264546,0.156086,-1.22805e-11,0.193075,-0.130621,1.33575e-11
8.004,0.429692,-0.100822,0.247402,0.417745,-0.0330986,-0.174989,0.602531,0.124656,0.113467,0.573194,-0.162484,8.38161e-12,0.264546,0.156086,-1.22805e-11,0.193075,-0.130621,1.33575e-11
8.005,0.429798,-0.100599,0.247481,0.416885,-0.0330167,-0.175444,0.60287,0.124707,0.113586,0.573194,-0.162484,8.38161e-12,0.264546,0.156086,-1.22805e-11,0.193075,-0.130621,1.33575e-11
8.006,0.429904,-0.100376,0.247559,0.416003,-0.0329404,-0.175887,0.60321,0.124758,0.1137,0.573194,-0.162484,8.38161e-12,0.264546,0.156086,-1.22805e-11,0.193075,-0.130621,1.33575e-11
8.007,0.430008,-0.100152,0.247636,0.415101,-0.0328696,-0.176319,0.603552,0.12481,0.113811,0.573194,-0.162484,8.38161e-12,0.264546,0.156086,-1.22805e-11,0.193075,-0.130621,1.33575e-11
8.008,0.430113,-0.099927,0.247712,0.414178,-0.0328043,-0.17674,0.603896,0.124862,0.113917,0.573194,-0.162484,8.38161e-12,0.264546,0.156086,-1.22805e-11,0.193075,-0.130621,1.33575e-11
8.009,0.430216,-0.0997014,0.247787,0.413234,-0.0327445,-0.177148,0.604241,0.124914,0.114019,0.573194,-0.162484,8.38161e-12,0.264546,0.156086,-1.22805e-11,0.193075,-0.130621,1.33575e-11
8.01,0.430319,-0.0994752,0.247861,0.41227,-0.03269,-0.177546,0.604588,0.124966,0.114118,0.573194,-0.162484,8.38161e-12,0.264546,0.156086,-1.22805e-11,0.193075,-0.130621,1.33575e-11
8.011,0.430421,-0.0992484,0.247935,0.411286,-0.032641,-0.177931,0.604936,0.125018,0.114211,0.573194,-0.162484,8.38161e-12,0.264546,0.156086,-1.22805e-11,0.193075,-0.130621,1.33575e-11
8.012,0.430523,-0.0990208,0.248007,0.410281,-0.0325972,-0.178306,0.605286,0.125071,0.114301,0.573194,-0.162484,8.38161e-12,0.264546,0.156086,-1.22805e-11,0.193075,-0.130621,1.33575e-11
8.013,0.430624,-0.0987927,0.248078,0.409256,-0.0325588,-0.178668,0.605638,0.125124,0.114386,0.573194,-0.162484,8.38161e-12,0.264546,0.156086,-1.22805e-11,0.193075,-0.130621,1.33575e-11
8.014,0.430724,-0.0985638,0.248148,0.408211,-0.0325257,-0.17902,0.605991,0.125177,0.114467,0.573194,-0.162484,8.38161e-12,0.264546,0.156086,-1.22805e-11,0.193075,-0.130621,1.33575e-11
8.015,0.430823,-0.0983343,0.248217,0.407147,-0.0324979,-0.17936,0.606345,0.125231,0.114544,0.573194,-0.162484,8.38161e-12,0.264546,0.156086,-1.22805e-11,0.193075,-0.130621,1.33575e-11
8.016,0.430922,-0.0981042,0.248286,0.406063,-0.0324752,-0.179689,0.606701,0.125284,0.114617,0.573194,-0.162484,8.38161e-12,0.264546,0.156086,-1.22805e-11,0.193075,-0.130621,1.33575e-11
8.017,0.431021,-0.0978734,0.248353,0.404959,-0.0324577,-0.180006,0.607059,0.125338,0.114685,0.573194,-0.162484,8.38161e-12,0.264546,0.156086,-1.22805e-11,0.193075,-0.130621,1.33575e-11
8.018,0.431118,-0.0976419,0.248419,0.403836,-0.0324454,-0.180312,0.607419,0.125392,0.114748,0.573194,-0.162484,8.38161e-12,0.264546,0.156086,-1.22805e-11,0.193075,-0.130621,1.33575e-11
8.019,0.431215,-0.0974099,0.248485,0.402694,-0.0324382,-0.180606,0.60778,0.125447,0.114808,0.573194,-0.162484,8.38161e-12,0.264546,0.156086,-1.22805e-11,0.193075,-0.130621,1.33575e-11
8.02,0.431311,-0.0971772,0.248549,0.401532,-0.0324361,-0.180889,0.608142,0.125501,0.114862,0.573194,-0.162484,8.38161e-12,0.264546,0.156086,-1.22805e-11,0.193075,-0.130621,1.33575e-11
8.021,0.431407,-0.0969438,0.248612,0.400352,-0.032439,-0.181161,0.608506,0.125556,0.114913,0.573194,-0.162484,8.38161e-12,0.264546,0.156086,-1.22805e-11,0.193075,-0.130621,1.33575e-11
8.022,0.431502,-0.0967099,0.248675,0.399153,-0.0324469,-0.181422,0.608872,0.125611,0.114959,0.573194,-0.162484,8.38161e-12,0.264546,0.156086,-1.22805e-11,0.193075,-0.130621,1.33575e-11
8.023,0.431596,-0.0964753,0.248736,0.397935,-0.0324598,-0.181671,0.60924,0.125667,0.115,0.573194,-0.162484,8.38161e-12,0.264546,0.156086,-1.22805e-11,0.193075,-0.130621,1.33575e-11
8.024,0.431689,-0.0962401,0.248796,0.396699,-0.0324777,-0.18191,0.609609,0.125722,0.115037,0.573194,-0.162484,8.38161e-12,0.264546,0.156086,-1.22805e-11,0.193075,-0.130621,1.33575e-11
8.025,0.431782,-0.0960043,0.248856,0.395444,-0.0325004,-0.182137,0.609979,0.125778,0.115069,0.573194,-0.162484,8.38161e-12,0.264546,0.156086,-1.22805e-11,0.193075,-0.130621,1.33575e-11
8.026,0.431874,-0.0957679,0.248914,0.394172,-0.0325281,-0.182352,0.610352,0.125834,0.115097,0.573194,-0.162484,8.38161e-12,0.264546,0.156086,-1.22805e-11,0.193075,-0.130621,1.33575e-11
8.027,0.431965,-0.0955309,0.248972,0.392881,-0.0325606,-0.182557,0.610726,0.125891,0.11512,0.573194,-0.162484,8.38161e-12,0.264546,0.156086,-1.22805e-11,0.193075,-0.130621,1.33575e-11
8.028,0.432056,-0.0952933,0.249028,0.391572,-0.0325979,-0.18275,0.611101,0.125947,0.115138,0.573194,-0.162484,8.38161e-12,0.264546,0.156086,-1.22805e-11,0.193075,-0.130621,1.33575e-11
8.029,0.432146,-0.095055,0.249083,0.390245,-0.03264,-0.182932,0.611478,0.126004,0.115152,0.573194,-0.162484,8.38161e-12,0.264546,0.156086,-1.22805e-11,0.193075,-0.130621,1.33575e-11
8.03,0.432235,-0.0948162,0.249138,0.3889,-0.0326869,-0.183103,0.611857,0.126061,0.115161,0.573194,-0.162484,8.38161e-12,0.264546,0.156086,-1.22805e-11,0.193075,-0.130621,1.33575e-11
8.031,0.432324,-0.0945768,0.249191,0.387538,-0.0327384,-0.183263,0.612238,0.126118,0.115166,0.573194,-0.162484,8.38161e-12,0.264546,0.156086,-1.22805e-11,0.193075,-0.130621,1.33575e-11
8.032,0.432412,-0.0943368,0.249244,0.386159,-0.0327947,-0.183412,0.612619,0.126176,0.115166,0.573194,-0.162484,8.38161e-12,0.264546,0.156086,-1.22805e-11,0.193075,-0.130621,1.33575e-11
8.033,0.432499,-0.0940963,0.249295,0.384762,-0.0328556,-0.18355,0.612999,0.126233,0.115161,0.573194,-0.162484,8.38161e-12,0.264546,0.156086,-1.22805e-11,0.193075,-0.130621,1.33575e-11
8.034,0.432585,-0.0938551,0.249345,0.383349,-0.0329211,-0.183677,0.613378,0.12629,0.115151,0.573194,-0.162484,8.38161e-12,0.264546,0.156086,-1.22805e-11,0.193075,-0.130621,1.33575e-11
8.035,0.432671,-0.0936134,0.249395,0.381918,-0.0329912,-0.183793,0.613755,0.126347,0.115136,0.573194,-0.162484,8.38161e-12,0.264546,0.156086,-1.22805e-11,0.193075,-0.130621,1.33575e-11
8.036,0.432756,-0.0933711,0.249443,0.38047,-0.0330658,-0.183897,0.61413,0.126403,0.115117,0.573194,-0.162484,8.38161e-12,0.264546,0.156086,-1.22805e-11,0.193075,-0.130621,1.33575e-11
8.037,0.432841,-0.0931283,0.249491,0.379006,-0.033145,-0.183991,0.614504,0.12646,0.115094,0.573194,-0.162484,8.38161e-12,0.264546,0.156086,-1.22805e-11,0.193075,-0.130621,1.33575e-11
8.038,0.432924,-0.0928848,0.249537,0.377525,-0.0332286,-0.184074,0.614876,0.126516,0.115065,0.573194,-0.162484,8.38161e-12,0.264546,0.156086,-1.22805e-11,0.193075,-0.130621,1.33575e-11
8.039,0.433007,-0.0926409,0.249582,0.376028,-0.0333167,-0.184145,0.615246,0.126572,0.115032,0.573194,-0.162484,8.38161e-12,0.264546,0.156086,-1.22805e-11,0.193075,-0.130621,1.33575e-11
8.04,0.433089,-0.0923963,0.249627,0.374515,-0.0334092,-0.184206,0.615615,0.126627,0.114995,0.573194,-0.162484,8.38161e-12,0.264546,0.156086,-1.22805e-11,0.193075,-0.130621,1.33575e-11
8.041,0.433171,-0.0921512,0.24967,0.372985,-0.0335061,-0.184256,0.615982,0.126682,0.114953,0.573194,-0.162484,8.38161e-12,0.264546,0.156086,-1.22805e-11,0.193075,-0.130621,1.33575e-11
8.042,0.433251,-0.0919056,0.249712,0.371439,-0.0336073,-0.184295,0.616348,0.126737,0.114907,0.573194,-0.162484,8.38161e-12,0.264546,0.156086,-1.22805e-11,0.193075,-0.130621,1.33575e-11
8.043,0.433331,-0.0916594,0.249753,0.369878,-0.0337129,-0.184323,0.616712,0.126792,0.114856,0.573194,-0.162484,8.38161e-12,0.264546,0.156086,-1.22805e-11,0.193075,-0.130621,1.33575e-11
8.044,0.43341,-0.0914127,0.249794,0.368301,-0.0338227,-0.18434,0.617074,0.126847,0.1148,0.573194,-0.162484,8.38161e-12,0.264546,0.156086,-1.22805e-11,0.193075,-0.130621,1.33575e-11
8.045,0.433489,-0.0911655,0.249833,0.366708,-0.0339368,-0.184346,0.617435,0.126901,0.11474,0.573194,-0.162484,8.38161e-12,0.264546,0.156086,-1.22805e-11,0.193075,-0.130621,1.33575e-11
8.046,0.433567,-0.0909177,0.249871,0.3651,-0.0340551,-0.184342,0.617794,0.126955,0.114676,0.573194,-0.162484,8.38161e-12,0.264546,0.156086,-1.22805e-11,0.193075,-0.130621,1.33575e-11
8.047,0.433644,-0.0906694,0.249908,0.363476,-0.0341776,-0.184326,0.618152,0.127009,0.114608,0.573194,-0.162484,8.38161e-12,0.264546,0.156086,-1.22805e-11,0.193075,-0.130621,1.33575e-11
8.048,0.43372,-0.0904205,0.249944,0.361837,-0.0343042,-0.1843,0.618508,0.127063,0.114535,0.573194,-0.162484,8.38161e-12,0.264546,0.156086,-1.22805e-11,0.193075,-0.130621,1.33575e-11
8.049,0.433795,-0.0901712,0.249979,0.360184,-0.0344349,-0.184263,0.618863,0.127116,0.114457,0.573194,-0.162484,8.38161e-12,0.264546,0.156086,-1.22805e-11,0.193075,-0.130621,1.33575e-11
8.05,0.43387,-0.0899213,0.250013,0.358515,-0.0345698,-0.184216,0.619215,0.127169,0.114376,0.573194,-0.162484,8.38161e-12,0.264546,0.156086,-1.22805e-11,0.193075,-0.130621,1.33575e-11
8.051,0.433944,-0.089671,0.250046,0.356832,-0.0347086,-0.184157,0.619567,0.127222,0.11429,0.573194,-0.162484,8.38161e-12,0.264546,0.156086,-1.22805e-11,0.193075,-0.130621,1.33575e-11
8.052,0.434017,-0.0894201,0.250078,0.355134,-0.0348515,-0.184088,0.619916,0.127275,0.1142,0.573194,-0.162484,8.38161e-12,0.264546,0.156086,-1.22805e-11,0.193075,-0.130621,1.33575e-11
8.053,0.43409,-0.0891687,0.250109,0.353421,-0.0349984,-0.184008,0.620264,0.127327,0.114105,0.573194,-0.162484,8.38161e-12,0.264546,0.156086,-1.22805e-11,0.193075,-0.130621,1.33575e-11
8.054,0.434162,-0.0889168,0.250139,0.351695,-0.0351492,-0.183917,0.620611,0.12738,0.114007,0.573194,-0.162484,8.38161e-12,0.264546,0.156086,-1.22805e-11,0.193075,-0.130621,1.33575e-11
8.055,0.434233,-0.0886644,0.250168,0.349954,-0.035304,-0.183816,0.620956,0.127432,0.113904,0.573194,-0.162484,8.38161e-12,0.264546,0.156086,-1.22805e-11,0.193075,-0.130621,1.33575e-11
8.056,0.434303,-0.0884115,0.250196,0.348199,-0.0354626,-0.183704,0.621299,0.127483,0.113797,0.573194,-0.162484,8.38161e-12,0.264546,0.156086,-1.22805e-11,0.193075,-0.130621,1.33575e-11
8.057,0.434372,-0.0881582,0.250222,0.34643,-0.035625,-0.183582,0.621641,0.127535,0.113686,0.573194,-0.162484,8.38161e-12,0.264546,0.156086,-1.22805e-11,0.193075,-0.130621,1.33575e-11
8.058,0.434441,-0.0879043,0.250248,0.344648,-0.0357913,-0.183449,0.621981,0.127586,0.113571,0.573194,-0.162484,8.38161e-12,0.264546,0.156086,-1.22805e-11,0.193075,-0.130621,1.33575e-11
8.059,0.434509,-0.08765,0.250273,0.342852,-0.0359614,-0.183305,0.62232,0.127637,0.113452,0.573194,-0.162484,8.38161e-12,0.264546,0.156086,-1.22805e-11,0.193075,-0.130621,1.33575e-11
8.06,0.434576,-0.0873952,0.250296,0.341042,-0.0361352,-0.18315,0.622657,0.127688,0.113328,0.573194,-0.162484,8.38161e-12,0.264546,0.156086,-1.22805e-11,0.193075,-0.130621,1.33575e-11
8.061,0.434643,-0.0871399,0.250319,0.339219,-0.0363127,-0.182986,0.622993,0.127738,0.113201,0.573194,-0.162484,8.38161e-12,0.264546,0.156086,-1.22805e-11,0.193075,-0.130621,1.33575e-11
8.062,0.434708,-0.0868842,0.25034,0.337383,-0.036494,-0.18281,0.623327,0.127789,0.11307,0.573194,-0.162484,8.38161e-12,0.264546,0.156086,-1.22805e-11,0.193075,-0.130621,1.33575e-11
8.063,0.434773,-0.0866279,0.250361,0.335534,-0.0366788,-0.182624,0.62366,0.127839,0.112935,0.573194,-0.162484,8.38161e-12,0.264546,0.156086,-1.22805e-11,0.193075,-0.130621,1.33575e-11
8.064,0.434837,-0.0863713,0.25038,0.333672,-0.0368673,-0.182428,0.623991,0.127889,0.112795,0.573194,-0.162484,8.38161e-12,0.264546,0.156086,-1.22805e-11,0.193075,-0.130621,1.33575e-11
8.065,0.4349,-0.0861141,0.250399,0.331797,-0.0370594,-0.182221,0.62432,0.127938,0.112652,0.573194,-0.162484,8.38161e-12,0.264546,0.156086,-1.22805e-11,0.193075,-0.130621,1.33575e-11
8.066,0.434963,-0.0858565,0.250416,0.329909,-0.037255,-0.182003,0.624648,0.127988,0.112505,0.573194,-0.162484,8.38161e-12,0.264546,0.156086,-1.22805e-11,0.193075,-0.130621,1.33575e-11
8.067,0.435024,-0.0855985,0.250432,0.328009,-0.0374541,-0.181775,0.624975,0.128037,0.112354,0.573194,-0.162484,8.38161e-12,0.264546,0.156086,-1.22805e-11,0.193075,-0.130621,1.33575e-11
8.068,0.435085,-0.08534,0.250447,0.326097,-0.0376567,-0.181537,0.625299,0.128086,0.112199,0.573194,-0.162484,8.38161e-12,0.264546,0.156086,-1.22805e-11,0.193075,-0.130621,1.33575e-11
8.069,0.435145,-0.0850811,0.250461,0.324172,-0.0378628,-0.181288,0.625623,0.128135,0.11204,0.573194,-0.162484,8.38161e-12,0.264546,0.156086,-1.22805e-11,0.193075,-0.130621,1.33575e-11
8.07,0.435205,-0.0848218,0.250474,0.322236,-0.0380723,-0.181029,0.625945,0.128183,0.111878,0.573194,-0.162484,8.38161e-12,0.264546,0.156086,-1.22805e-11,0.193075,-0.130621,1.33575e-11
8.071,0.435263,-0.084562,0.250486,0.320287,-0.0382851,-0.18076,0.626265,0.128231,0.111712,0.573194,-0.162484,8.38161e-12,0.264546,0.156086,-1.22805e-11,0.193075,-0.130621,1.33575e-11
8.072,0.435321,-0.0843017,0.250497,0.318327,-0.0385013,-0.18048,0.626584,0.128279,0.111542,0.573194,-0.162484,8.38161e-12,0.264546,0.156086,-1.22805e-11,0.193075,-0.130621,1.33575e-11
8.073,0.435378,-0.0840411,0.250507,0.316355,-0.0387209,-0.18019,0.626901,0.128327,0.111368,0.573194,-0.162484,8.38161e-12,0.264546,0.156086,-1.22805e-11,0.193075,-0.130621,1.33575e-11
8.074,0.435434,-0.08378,0.250516,0.314371,-0.0389437,-0.179889,0.627217,0.128375,0.11119,0.573194,-0.162484,8.38161e-12,0.264546,0.156086,-1.22805e-11,0.193075,-0.130621,1.33575e-11
8.075,0.435489,-0.0835185,0.250523,0.312376,-0.0391697,-0.179578,0.627531,0.128422,0.111009,0.573194,-0.162484,8.38161e-12,0.264546,0.156086,-1.22805e-11,0.193075,-0.130621,1.33575e-11
8.076,0.435544,-0.0832566,0.25053,0.31037,-0.039399,-0.179257,0.627844,0.128469,0.110824,0.573194,-0.162484,8.38161e-12,0.264546,0.156086,-1.22805e-11,0.193075,-0.130621,1.33575e-11
8.077,0.435597,-0.0829943,0.250535,0.308353,-0.0396315,-0.178926,0.628156,0.128516,0.110636,0.573194,-0.162484,8.38161e-12,0.264546,0.156086,-1.22805e-11,0.193075,-0.130621,1.33575e-11
8.078,0.43565,-0.0827316,0.25054,0.306325,-0.0398671,-0.178584,0.628465,0.128563,0.110444,0.573194,-0.162484,8.38161e-12,0.264546,0.156086,-1.22805e-11,0.193075,-0.130621,1.33575e-11
8.079,0.435702,-0.0824685,0.250543,0.304286,-0.0401058,-0.178232,0.628774,0.128609,0.110248,0.573194,-0.162484,8.38161e-12,0.264546,0.156086,-1.22805e-11,0.193075,-0.130621,1.33575e-11
8.08,0.435753,-0.082205,0.250545,0.302236,-0.0403476,-0.17787,0.629081,0.128656,0.110049,0.573194,-0.162484,8.38161e-12,0.264546,0.156086,-1.22805e-11,0.193075,-0.130621,1.33575e-11
8.081,0.435804,-0.0819411,0.250546,0.300176,-0.0405925,-0.177498,0.629386,0.128702,0.109846,0.573194,-0.162484,8.38161e-12,0.264546,0.156086,-1.22805e-11,0.193075,-0.130621,1.33575e-11
8.082,0.435853,-0.0816768,0.250547,0.298105,-0.0408404,-0.177115,0.62969,0.128747,0.10964,0.573194,-0.162484,8.38161e-12,0.264546,0.156086,-1.22805e-11,0.193075,-0.130621,1.33575e-11
8.083,0.435902,-0.0814121,0.250546,0.296024,-0.0410912,-0.176723,0.629992,0.128793,0.10943,0.573194,-0.162484,8.38161e-12,0.264546,0.156086,-1.22805e-11,0.193075,-0.130621,1.33575e-11
8.084,0.43595,-0.081147,0.250543,0.293933,-0.041345,-0.17632,0.630293,0.128838,0.109217,0.573194,-0.162484,8.38161e-12,0.264546,0.156086,-1.22805e-11,0.193075,-0.130621,1.33575e-11
8.085,0.435997,-0.0808815,0.25054,0.291833,-0.0416018,-0.175907,0.630593,0.128883,0.109,0.573194,-0.162484,8.38161e-12,0.264546,0.156086,-1.22805e-11,0.193075,-0.130621,1.33575e-11
8.086,0.436043,-0.0806157,0.250536,0.289722,-0.0418614,-0.175484,0.630891,0.128928,0.10878,0.573194,-0.162484,8.38161e-12,0.264546,0.156086,-1.22805e-11,0.193075,-0.130621,1.33575e-11
8.087,0.436089,-0.0803495,0.250531,0.287601,-0.0421238,-0.175051,0.631188,0.128973,0.108557,0.573194,-0.162484,8.38161e-12,0.264546,0.156086,-1.22805e-11,0.193075,-0.130621,1.33575e-11
8.088,0.436133,-0.0800829,0.250524,0.285471,-0.0423891,-0.174608,0.631483,0.129017,0.10833,0.573194,-0.162484,8.38161e-12,0.264546,0.156086,-1.22805e-11,0.193075,-0.130621,1.33575e-11
8.089,0.436177,-0.079816,0.250516,0.283332,-0.0426572,-0.174155,0.631776,0.129062,0.1081,0.573194,-0.162484,8.38161e-12,0.264546,0.156086,-1.22805e-11,0.193075,-0.130621,1.33575e-11
8.09,0.43622,-0.0795487,0.250508,0.281183,-0.042928,-0.173692,0.632069,0.129106,0.107867,0.573194,-0.162484,8.38161e-12,0.264546,0.156086,-1.22805e-11,0.193075,-0.130621,1.33575e-11
8.091,0.436262,-0.0792811,0.250498,0.279026,-0.0432015,-0.173219,0.632359,0.129149,0.10763,0.573194,-0.162484,8.38161e-12,0.264546,0.156086,-1.22805e-11,0.193075,-0.130621,1.33575e-11
8.092,0.436303,-0.0790131,0.250487,0.276859,-0.0434777,-0.172736,0.632649,0.129193,0.10739,0.573194,-0.162484,8.38161e-12,0.264546,0.156086,-1.22805e-11,0.193075,-0.130621,1.33575e-11
8.093,0.436343,-0.0787447,0.250475,0.274683,-0.0437566,-0.172242,0.632937,0.129236,0.107147,0.573194,-0.162484,8.38161e-12,0.264546,0.156086,-1.22805e-11,0.193075,-0.130621,1.33575e-11
8.094,0.436383,-0.078476,0.250462,0.272499,-0.0440381,-0.171739,0.633223,0.12928,0.1069,0.573194,-0.162484,8.38161e-12,0.264546,0.156086,-1.22805e-11,0.193075,-0.130621,1.33575e-11
8.095,0.436422,-0.078207,0.250448,0.270306,-0.0443221,-0.171226,0.633508,0.129322,0.106651,0.573194,-0.162484,8.38161e-12,0.264546,0.156086,-1.22805e-11,0.193075,-0.130621,1.33575e-11
8.096,0.436459,-0.0779377,0.250432,0.268105,-0.0446087,-0.170703,0.633792,0.129365,0.106398,0.573194,-0.162484,8.38161e-12,0.264546,0.156086,-1.22805e-11,0.193075,-0.130621,1.33575e-11
8.097,0.436496,-0.077668,0.250416,0.265895,-0.0448979,-0.170171,0.634074,0.129408,0.106142,0.573194,-0.162484,8.38161e-12,0.264546,0.156086,-1.22805e-11,0.193075,-0.130621,1.33575e-11
8.098,0.436532,-0.0773979,0.250398,0.263678,-0.0451895,-0.169628,0.634355,0.12945,0.105883,0.573194,-0.162484,8.38161e-12,0.264546,0.156086,-1.22805e-11,0.193075,-0.130621,1.33575e-11
8.099,0.436568,-0.0771276,0.25038,0.261452,-0.0454836,-0.169075,0.634634,0.129492,0.105621,0.573194,-0.162484,8.38161e-12,0.264546,0.156086,-1.22805e-11,0.193075,-0.130621,1.33575e-11
8.1,0.436602,-0.0768569,0.25036,0.259218,-0.04578,-0.168513,0.634912,0.129534,0.105355,0.573194,-0.162484,8.38161e-12,0.264546,0.156086,-1.22805e-11,0.193075,-0.130621,1.33575e-11
8.101,0.436635,-0.0765859,0.250339,0.256977,-0.0460789,-0.167941,0.635188,0.129576,0.105087,0.573194,-0.162484,8.38161e-12,0.264546,0.156086,-1.22805e-11,0.193075,-0.130621,1.33575e-11
8.102,0.436668,-0.0763146,0.250317,0.254728,-0.0463801,-0.167359,0.635464,0.129617,0.104816,0.573194,-0.162484,8.38161e-12,0.264546,0.156086,-1.22805e-11,0.193075,-0.130621,1.33575e-11
8.103,0.4367,-0.076043,0.250294,0.252472,-0.0466835,-0.166767,0.635737,0.129658,0.104542,0.573194,-0.162484,8.38161e-12,0.264546,0.156086,-1.22805e-11,0.193075,-0.130621,1.33575e-11
8.104,0.436731,-0.0757711,0.25027,0.250209,-0.0469891,-0.166167,0.63601,0.129699,0.104264,0.573194,-0.162484,8.38161e-12,0.264546,0.156086,-1.22805e-11,0.193075,-0.130621,1.33575e-11
8.105,0.436761,-0.0754989,0.250245,0.24794,-0.0472968,-0.165557,0.63628,0.12974,0.103984,0.573194,-0.162484,8.38161e-12,0.264546,0.156086,-1.22805e-11,0.193075,-0.130621,1.33575e-11
8.106,0.43679,-0.0752263,0.250218,0.245664,-0.0476066,-0.164939,0.63655,0.129781,0.103701,0.573194,-0.162484,8.38161e-12,0.264546,0.156086,-1.22805e-11,0.193075,-0.130621,1.33575e-11
8.107,0.436818,-0.0749535,0.250191,0.243383,-0.0479183,-0.164311,0.636818,0.129821,0.103415,0.573194,-0.162484,8.38161e-12,0.264546,0.156086,-1.22805e-11,0.193075,-0.130621,1.33575e-11
8.108,0.436845,-0.0746804,0.250162,0.241095,-0.0482319,-0.163675,0.637085,0.129861,0.103127,0.573194,-0.162484,8.38161e-12,0.264546,0.156086,-1.22805e-11,0.193075,-0.130621,1.33575e-11
8.109,0.436872,-0.0744069,0.250133,0.238802,-0.0485473,-0.163031,0.63735,0.129901,0.102835,0.573194,-0.162484,8.38161e-12,0.264546,0.156086,-1.22805e-11,0.193075,-0.130621,1.33575e-11
8.11,0.436898,-0.0741332,0.250102,0.236504,-0.0488646,-0.162379,0.637614,0.129941,0.10254,0.573194,-0.162484,8.38161e-12,0.264546,0.156086,-1.22805e-11,0.193075,-0.130621,1.33575e-11
8.111,0.436923,-0.0738592,0.25007,0.234201,-0.0491835,-0.161718,0.637877,0.129981,0.102243,0.573194,-0.162484,8.38161e-12,0.264546,0.156086,-1.22805e-11,0.193075,-0.130621,1.33575e-11
8.112,0.436947,-0.0735849,0.250037,0.231893,-0.049504,-0.16105,0.638138,0.13002,0.101943,0.573194,-0.162484,8.38161e-12,0.264546,0.156086,-1.22805e-11,0.193075,-0.130621,1.33575e-11
8.113,0.43697,-0.0733103,0.250004,0.229581,-0.0498261,-0.160374,0.638398,0.130059,0.10164,0.573194,-0.162484,8.38161e-12,0.264546,0.156086,-1.22805e-11,0.193075,-0.130621,1.33575e-11
8.114,0.436992,-0.0730354,0.249969,0.227265,-0.0501496,-0.159691,0.638656,0.130098,0.101335,0.573194,-0.162484,8.38161e-12,0.264546,0.156086,-1.22805e-11,0.193075,-0.130621,1.33575e-11
8.115,0.437014,-0.0727602,0.249933,0.224945,-0.0504746,-0.159,0.638913,0.130137,0.101027,0.573194,-0.162484,8.38161e-12,0.264546,0.156086,-1.22805e-11,0.193075,-0.130621,1.33575e-11
8.116,0.437034,-0.0724847,0.249896,0.222622,-0.0508009,-0.158302,0.639169,0.130175,0.100716,0.573194,-0.162484,8.38161e-12,0.264546,0.156086,-1.22805e-11,0.193075,-0.130621,1.33575e-11
8.117,0.437054,-0.072209,0.249858,0.220295,-0.0511286,-0.157598,0.639423,0.130214,0.100402,0.573194,-0.162484,8.38161e-12,0.264546,0.156086,-1.22805e-11,0.193075,-0.130621,1.33575e-11
8.118,0.437073,-0.071933,0.249819,0.217965,-0.0514574,-0.156886,0.639676,0.130252,0.100086,0.573194,-0.162484,8.38161e-12,0.264546,0.156086,-1.22805e-11,0.193075,-0.130621,1.33575e-11
8.119,0.437091,-0.0716567,0.24978,0.215633,-0.0517873,-0.156169,0.639928,0.13029,0.0997676,0.573194,-0.162484,8.38161e-12,0.264546,0.156086,-1.22805e-11,0.193075,-0.130621,1.33575e-11
8.12,0.437109,-0.0713801,0.249739,0.213298,-0.0521184,-0.155444,0.640178,0.130327,0.0994464,0.573194,-0.162484,8.38161e-12,0.264546,0.156086,-1.22805e-11,0.193075,-0.130621,1.33575e-11
8.121,0.437125,-0.0711033,0.249697,0.210962,-0.0524504,-0.154714,0.640427,0.130365,0.0991226,0.573194,-0.162484,8.38161e-12,0.264546,0.156086,-1.22805e-11,0.193075,-0.130621,1.33575e-11
8.122,0.437141,-0.0708262,0.249654,0.208623,-0.0527833,-0.153977,0.640675,0.130402,0.0987963,0.573194,-0.162484,8.38161e-12,0.264546,0.156086,-1.22805e-11,0.193075,-0.130621,1.33575e-11
8.123,0.437156,-0.0705489,0.24961,0.206283,-0.0531172,-0.153235,0.640921,0.130439,0.0984675,0.573194,-0.162484,8.38161e-12,0.264546,0.156086,-1.22805e-11,0.193075,-0.130621,1.33575e-11
8.124,0.43717,-0.0702712,0.249566,0.203942,-0.0534518,-0.152487,0.641166,0.130476,0.0981362,0.573194,-0.162484,8.38161e-12,0.264546,0.156086,-1.22805e-11,0.193075,-0.130621,1.33575e-11
8.125,0.437183,-0.0699934,0.24952,0.201599,-0.0537871,-0.151734,0.64141,0.130513,0.0978025,0.573194,-0.162484,8.38161e-12,0.264546,0.156086,-1.22805e-11,0.193075,-0.130621,1.33575e-11
8.126,0.437195,-0.0697152,0.249473,0.199256,-0.0541231,-0.150975,0.641652,0.130549,0.0974664,0.573194,-0.162484,8.38161e-12,0.264546,0.156086,-1.22805e-11,0.193075,-0.130621,1.33575e-11
8.127,0.437207,-0.0694368,0.249426,0.196913,-0.0544597,-0.150212,0.641893,0.130586,0.0971279,0.573194,-0.162484,8.38161e-12,0.264546,0.156086,-1.22805e-11,0.193075,-0.130621,1.33575e-11
8.128,0.437218,-0.0691582,0.249377,0.194569,-0.0547968,-0.149443,0.642133,0.130622,0.096787,0.573194,-0.162484,8.38161e-12,0.264546,0.156086,-1.22805e-11,0.193075,-0.130621,1.33575e-11
8.129,0.437228,-0.0688793,0.249328,0.192226,-0.0551344,-0.14867,0.642371,0.130658,0.0964437,0.573194,-0.162484,8.38161e-12,0.264546,0.156086,-1.22805e-11,0.193075,-0.130621,1.33575e-11
8.13,0.437237,-0.0686001,0.249278,0.189883,-0.0554723,-0.147892,0.642608,0.130693,0.0960982,0.573194,-0.162484,8.38161e-12,0.264546,0.156086,-1.22805e-11,0.193075,-0.130621,1.33575e-11
8.131,0.437245,-0.0683207,0.249226,0.18754,-0.0558106,-0.14711,0.642844,0.130729,0.0957504,0.573194,-0.162484,8.38161e-12,0.264546,0.156086,-1.22805e-11,0.193075,-0.130621,1.33575e-11
8.132,0.437253,-0.0680411,0.249174,0.185199,-0.0561491,-0.146323,0.643078,0.130764,0.0954002,0.573194,-0.162484,8.38161e-12,0.264546,0.156086,-1.22805e-11,0.193075,-0.130621,1.33575e-11
8.133,0.437259,-0.0677612,0.249121,0.182859,-0.0564877,-0.145533,0.643311,0.130799,0.0950479,0.573194,-0.162484,8.38161e-12,0.264546,0.156086,-1.22805e-11,0.193075,-0.130621,1.33575e-11
8.134,0.437265,-0.0674811,0.249067,0.180521,-0.0568265,-0.144739,0.643543,0.130834,0.0946933,0.573194,-0.162484,8.38161e-12,0.264546,0.156086,-1.22805e-11,0.193075,-0.130621,1.33575e-11
8.135,0.43727,-0.0672007,0.249012,0.178184,-0.0571653,-0.143941,0.643773,0.130869,0.0943366,0.573194,-0.162484,8.38161e-12,0.264546,0.156086,-1.22805e-11,0.193075,-0.130621,1.33575e-11
8.136,0.437275,-0.0669201,0.248957,0.175849,-0.0575041,-0.14314,0.644003,0.130903,0.0939776,0.573194,-0.162484,8.38161e-12,0.264546,0.156086,-1.22805e-11,0.193075,-0.130621,1.33575e-11
8.137,0.437278,-0.0666393,0.2489,0.173517,-0.0578427,-0.142335,0.64423,0.130938,0.0936165,0.573194,-0.162484,8.38161e-12,0.264546,0.156086,-1.22805e-11,0.193075,-0.130621,1.33575e-11
8.138,0.437281,-0.0663582,0.248843,0.171188,-0.0581812,-0.141528,0.644457,0.130972,0.0932533,0.573194,-0.162484,8.38161e-12,0.264546,0.156086,-1.22805e-11,0.193075,-0.130621,1.33575e-11
8.139,0.437283,-0.066077,0.248784,0.168861,-0.0585194,-0.140717,0.644682,0.131006,0.0928881,0.573194,-0.162484,8.38161e-12,0.264546,0.156086,-1.22805e-11,0.193075,-0.130621,1.33575e-11
8.14,0.437284,-0.0657954,0.248725,0.166538,-0.0588574,-0.139904,0.644906,0.13104,0.0925207,0.573194,-0.162484,8.38161e-12,0.264546,0.156086,-1.22805e-11,0.193075,-0.130621,1.33575e-11
8.141,0.437284,-0.0655137,0.248665,0.164219,-0.0591949,-0.139088,0.645129,0.131073,0.0921513,0.573194,-0.162484,8.38161e-12,0.264546,0.156086,-1.22805e-11,0.193075,-0.130621,1.33575e-11
8.142,0.437284,-0.0652318,0.248604,0.161903,-0.059532,-0.13827,0.645351,0.131106,0.0917799,0.573194,-0.162484,8.38161e-12,0.264546,0.156086,-1.22805e-11,0.193075,-0.130621,1.33575e-11
8.143,0.437283,-0.0649496,0.248543,0.159591,-0.0598686,-0.13745,0.645571,0.13114,0.0914064,0.573194,-0.162484,8.38161e-12,0.264546,0.156086,-1.22805e-11,0.193075,-0.130621,1.33575e-11
8.144,0.437281,-0.0646672,0.24848,0.157283,-0.0602046,-0.136628,0.64579,0.131173,0.091031,0.573194,-0.162484,8.38161e-12,0.264546,0.156086,-1.22805e-11,0.193075,-0.130621,1.33575e-11
8.145,0.437278,-0.0643846,0.248417,0.154981,-0.0605399,-0.135803,0.646008,0.131205,0.0906537,0.573194,-0.162484,8.38161e-12,0.264546,0.156086,-1.22805e-11,0.193075,-0.130621,1.33575e-11
8.146,0.437274,-0.0641018,0.248353,0.152683,-0.0608746,-0.134978,0.646224,0.131238,0.0902744,0.573194,-0.162484,8.38161e-12,0.264546,0.156086,-1.22805e-11,0.193075,-0.130621,1.33575e-11
8.147,0.43727,-0.0638188,0.248288,0.15039,-0.0612084,-0.134151,0.646439,0.13127,0.0898933,0.573194,-0.162484,8.38161e-12,0.264546,0.156086,-1.22805e-11,0.193075,-0.130621,1.33575e-11
8.148,0.437265,-0.0635355,0.248222,0.148103,-0.0615413,-0.133322,0.646653,0.131303,0.0895103,0.573194,-0.162484,8.38161e-12,0.264546,0.156086,-1.22805e-11,0.193075,-0.130621,1.33575e-11
8.149,0.437259,-0.0632521,0.248156,0.145822,-0.0618733,-0.132493,0.646866,0.131335,0.0891254,0.573194,-0.162484,8.38161e-12,0.264546,0.156086,-1.22805e-11,0.193075,-0.130621,1.33575e-11
8.15,0.437252,-0.0629685,0.248089,0.143546,-0.0622044,-0.131662,0.647077,0.131367,0.0887387,0.573194,-0.162484,8.38161e-12,0.264546,0.156086,-1.22805e-11,0.193075,-0.130621,1.33575e-11
8.151,0.437245,-0.0626846,0.248021,0.141277,-0.0625343,-0.130831,0.647287,0.131398,0.0883502,0.573194,-0.162484,8.38161e-12,0.264546,0.156086,-1.22805e-11,0.193075,-0.130621,1.33575e-11
8.152,0.437237,-0.0624006,0.247952,0.139015,-0.0628631,-0.13,0.647496,0.13143,0.08796,0.573194,-0.162484,8.38161e-12,0.264546,0.156086,-1.22805e-11,0.193075,-0.130621,1.33575e-11
8.153,0.437228,-0.0621164,0.247882,0.136759,-0.0631907,-0.129168,0.647704,0.131461,0.087568,0.573194,-0.162484,8.38161e-12,0.264546,0.156086,-1.22805e-11,0.193075,-0.130621,1.33575e-11
8.154,0.437218,-0.061832,0.247812,0.134511,-0.063517,-0.128336,0.647911,0.131492,0.0871742,0.573194,-0.162484,8.38161e-12,0.264546,0.156086,-1.22805e-11,0.193075,-0.130621,1.33575e-11
8.155,0.437208,-0.0615473,0.247741,0.13227,-0.063842,-0.127504,0.648116,0.131523,0.0867788,0.573194,-0.162484,8.38161e-12,0.264546,0.156086,-1.22805e-11,0.193075,-0.130621,1.33575e-11
8.156,0.437196,-0.0612625,0.247669,0.130037,-0.0641655,-0.126672,0.64832,0.131554,0.0863817,0.573194,-0.162484,8.38161e-12,0.264546,0.156086,-1.22805e-11,0.193075,-0.130621,1.33575e-11
8.157,0.437184,-0.0609776,0.247597,0.127812,-0.0644876,-0.12584,0.648523,0.131584,0.085983,0.573194,-0.162484,8.38161e-12,0.264546,0.156086,-1.22805e-11,0.193075,-0.130621,1.33575e-11
8.158,0.437172,-0.0606924,0.247523,0.125595,-0.0648081,-0.125009,0.648724,0.131615,0.0855826,0.573194,-0.162484,8.38161e-12,0.264546,0.156086,-1.22805e-11,0.193075,-0.130621,1.33575e-11
8.159,0.437158,-0.060407,0.247449,0.123387,-0.065127,-0.124179,0.648924,0.131645,0.0851806,0.573194,-0.162484,8.38161e-12,0.264546,0.156086,-1.22805e-11,0.193075,-0.130621,1.33575e-11
8.16,0.437144,-0.0601215,0.247375,0.121188,-0.0654442,-0.12335,0.649124,0.131675,0.0847771,0.573194,-0.162484,8.38161e-12,0.264546,0.156086,-1.22805e-11,0.193075,-0.130621,1.33575e-11
8.161,0.437129,-0.0598358,0.247299,0.118998,-0.0657596,-0.122521,0.649322,0.131705,0.084372,0.573194,-0.162484,8.38161e-12,0.264546,0.156086,-1.22805e-11,0.193075,-0.130621,1.33575e-11
8.162,0.437113,-0.0595499,0.247223,0.116817,-0.0660732,-0.121695,0.649518,0.131734,0.0839654,0.573194,-0.162484,8.38161e-12,0.264546,0.156086,-1.22805e-11,0.193075,-0.130621,1.33575e-11
8.163,0.437097,-0.0592639,0.247147,0.114646,-0.0663849,-0.120869,0.649714,0.131764,0.0835573,0.573194,-0.162484,8.38161e-12,0.264546,0.156086,-1.22805e-11,0.193075,-0.130621,1.33575e-11
8.164,0.437079,-0.0589777,0.247069,0.112485,-0.0666946,-0.120045,0.649908,0.131793,0.0831477,0.573194,-0.162484,8.38161e-12,0.264546,0.156086,-1.22805e-11,0.193075,-0.130621,1.33575e-11
8.165,0.437061,-0.0586913,0.246991,0.110334,-0.0670023,-0.119223,0.650101,0.131822,0.0827367,0.573194,-0.162484,8.38161e-12,0.264546,0.156086,-1.22805e-11,0.193075,-0.130621,1.33575e-11
8.166,0.437043,-0.0584047,0.246912,0.108194,-0.0673079,-0.118404,0.650293,0.131851,0.0823242,0.573194,-0.162484,8.38161e-12,0.264546,0.156086,-1.22805e-11,0.193075,-0.130621,1.33575e-11
8.167,0.437023,-0.058118,0.246833,0.106065,-0.0676113,-0.117586,0.650484,0.13188,0.0819104,0.573194,-0.162484,8.38161e-12,0.264546,0.156086,-1.22805e-11,0.193075,-0.130621,1.33575e-11
8.168,0.437003,-0.0578311,0.246753,0.103947,-0.0679124,-0.116771,0.650673,0.131908,0.0814952,0.573194,-0.162484,8.38161e-12,0.264546,0.156086,-1.22805e-11,0.193075,-0.130621,1.33575e-11
8.169,0.436982,-0.0575441,0.246672,0.10184,-0.0682113,-0.115958,0.650862,0.131937,0.0810786,0.573194,-0.162484,8.38161e-12,0.264546,0.156086,-1.22805e-11,0.193075,-0.130621,1.33575e-11
8.17,0.43696,-0.0572569,0.24659,0.0997446,-0.0685077,-0.115148,0.651049,0.131965,0.0806607,0.573194,-0.162484,8.38161e-12,0.264546,0.156086,-1.22805e-11,0.193075,-0.130621,1.33575e-11
8.171,0.436938,-0.0569696,0.246508,0.0976614,-0.0688017,-0.114341,0.651235,0.131993,0.0802415,0.573194,-0.162484,8.38161e-12,0.264546,0.156086,-1.22805e-11,0.193075,-0.130621,1.33575e-11
8.172,0.436915,-0.0566821,0.246426,0.0955904,-0.0690932,-0.113537,0.65142,0.132021,0.079821,0.573194,-0.162484,8.38161e-12,0.264546,0.156086,-1.22805e-11,0.193075,-0.130621,1.33575e-11
8.173,0.436891,-0.0563945,0.246342,0.093532,-0.0693821,-0.112736,0.651603,0.132048,0.0793993,0.573194,-0.162484,8.38161e-12,0.264546,0.156086,-1.22805e-11,0.193075,-0.130621,1.33575e-11
8.174,0.436866,-0.0561067,0.246258,0.0914864,-0.0696683,-0.111939,0.651786,0.132076,0.0789764,0.573194,-0.162484,8.38161e-12,0.264546,0.156086,-1.22805e-11,0.193075,-0.130621,1.33575e-11
8.175,0.436841,-0.0558187,0.246174,0.0894539,-0.0699518,-0.111146,0.651967,0.132103,0.0785522,0.573194,-0.162484,8.38161e-12,0.264546,0.156086,-1.22805e-11,0.193075,-0.130621,1.33575e-11
8.176,0.436815,-0.0555307,0.246089,0.0874347,-0.0702325,-0.110356,0.652147,0.13213,0.0781269,0.573194,-0.162484,8.38161e-12,0.264546,0.156086,-1.22805e-11,0.193075,-0.130621,1.33575e-11
8.177,0.436788,-0.0552425,0.246003,0.0854292,-0.0705103,-0.10957,0.652326,0.132157,0.0777004,0.573194,-0.162484,8.38161e-12,0.264546,0.156086,-1.22805e-11,0.193075,-0.130621,1.33575e-11
8.178,0.436761,-0.0549541,0.245917,0.0834376,-0.0707852,-0.108789,0.652504,0.132184,0.0772728,0.573194,-0.162484,8.38161e-12,0.264546,0.156086,-1.22805e-11,0.193075,-0.130621,1.33575e-11
8.179,0.436733,-0.0546657,0.24583,0.0814603,-0.0710571,-0.108012,0.652681,0.132211,0.0768441,0.573194,-0.162484,8.38161e-12,0.264546,0.156086,-1.22805e-11,0.193075,-0.130621,1.33575e-11
8.18,0.436704,-0.054377,0.245743,0.0794974,-0.0713259,-0.107239,0.652857,0.132237,0.0764143,0.573194,-0.162484,8.38161e-12,0.264546,0.156086,-1.22805e-11,0.193075,-0.130621,1.33575e-11
8.181,0.436674,-0.0540883,0.245654,0.0775493,-0.0715915,-0.106472,0.653031,0.132263,0.0759835,0.573194,-0.162484,8.38161e-12,0.264546,0.156086,-1.22805e-11,0.193075,-0.130621,1.33575e-11
8.182,0.436644,-0.0537994,0.245566,0.0756162,-0.071854,-0.105709,0.653204,0.13229,0.0755517,0.573194,-0.162484,8.38161e-12,0.264546,0.156086,-1.22805e-11,0.193075,-0.130621,1.33575e-11
8.183,0.436613,-0.0535104,0.245477,0.0736985,-0.0721131,-0.104951,0.653376,0.132315,0.0751188,0.573194,-0.162484,8.38161e-12,0.264546,0.156086,-1.22805e-11,0.193075,-0.130621,1.33575e-11
8.184,0.436581,-0.0532213,0.245387,0.0717964,-0.0723689,-0.104199,0.653547,0.132341,0.074685,0.573194,-0.162484,8.38161e-12,0.264546,0.156086,-1.22805e-11,0.193075,-0.130621,1.33575e-11
8.185,0.436549,-0.0529321,0.245297,0.0699103,-0.0726213,-0.103452,0.653717,0.132367,0.0742502,0.573194,-0.162484,8.38161e-12,0.264546,0.156086,-1.22805e-11,0.193075,-0.130621,1.33575e-11
8.186,0.436516,-0.0526427,0.245206,0.0680402,-0.0728702,-0.102711,0.653886,0.132392,0.0738145,0.573194,-0.162484,8.38161e-12,0.264546,0.156086,-1.22805e-11,0.193075,-0.130621,1.33575e-11
8.187,0.436482,-0.0523533,0.245115,0.0661867,-0.0731156,-0.101975,0.654054,0.132417,0.0733779,0.573194,-0.162484,8.38161e-12,0.264546,0.156086,-1.22805e-11,0.193075,-0.130621,1.33575e-11
8.188,0.436447,-0.0520637,0.245023,0.0643499,-0.0733573,-0.101246,0.65422,0.132443,0.0729404,0.573194,-0.162484,8.38161e-12,0.264546,0.156086,-1.22805e-11,0.193075,-0.130621,1.33575e-11
8.189,0.436412,-0.051774,0.244931,0.0625301,-0.0735953,-0.100523,0.654386,0.132467,0.0725021,0.573194,-0.162484,8.38161e-12,0.264546,0.156086,-1.22805e-11,0.193075,-0.130621,1.33575e-11
8.19,0.436376,-0.0514842,0.244838,0.0607276,-0.0738295,-0.0998062,0.65455,0.132492,0.0720629,0.573194,-0.162484,8.38161e-12,0.264546,0.156086,-1.22805e-11,0.193075,-0.130621,1.33575e-11
8.191,0.43634,-0.0511943,0.244745,0.0589427,-0.0740599,-0.099096,0.654713,0.132517,0.0716229,0.573194,-0.162484,8.38161e-12,0.264546,0.156086,-1.22805e-11,0.193075,-0.130621,1.33575e-11
8.192,0.436302,-0.0509043,0.244651,0.0571757,-0.0742864,-0.0983926,0.654875,0.132541,0.0711822,0.573194,-0.162484,8.38161e-12,0.264546,0.156086,-1.22805e-11,0.193075,-0.130621,1.33575e-11
8.193,0.436264,-0.0506142,0.244557,0.0554268,-0.0745089,-0.0976962,0.655036,0.132565,0.0707407,0.573194,-0.162484,8.38161e-12,0.264546,0.156086,-1.22805e-11,0.193075,-0.130621,1.33575e-11
8.194,0.436226,-0.050324,0.244462,0.0536964,-0.0747274,-0.0970069,0.655196,0.13259,0.0702985,0.573194,-0.162484,8.38161e-12,0.264546,0.156086,-1.22805e-11,0.193075,-0.130621,1.33575e-11
8.195,0.436187,-0.0500336,0.244367,0.0519847,-0.0749418,-0.0963248,0.655355,0.132613,0.0698555,0.573194,-0.162484,8.38161e-12,0.264546,0.156086,-1.22805e-11,0.193075,-0.130621,1.33575e-11
8.196,0.436147,-0.0497432,0.244271,0.0502919,-0.075152,-0.0956503,0.655512,0.132637,0.0694119,0.573194,-0.162484,8.38161e-12,0.264546,0.156086,-1.22805e-11,0.193075,-0.130621,1.33575e-11
8.197,0.436106,-0.0494527,0.244175,0.0486185,-0.0753579,-0.0949834,0.655669,0.132661,0.0689677,0.573194,-0.162484,8.38161e-12,0.264546,0.156086,-1.22805e-11,0.193075,-0.130621,1.33575e-11
8.198,0.436065,-0.0491622,0.244078,0.0469646,-0.0755595,-0.0943244,0.655825,0.132684,0.0685228,0.573194,-0.162484,8.38161e-12,0.264546,0.156086,-1.22805e-11,0.193075,-0.130621,1.33575e-11
8.199,0.436023,-0.0488715,0.243981,0.0453305,-0.0757568,-0.0936735,0.655979,0.132708,0.0680773,0.573194,-0.162484,8.38161e-12,0.264546,0.156086,-1.22805e-11,0.193075,-0.130621,1.33575e-11
8.2,0.43598,-0.0485807,0.243884,0.0437165,-0.0759495,-0.0930307,0.656132,0.132731,0.0676312,0.573194,-0.162484,8.38161e-12,0.264546,0.156086,-1.22805e-11,0.193075,-0.130621,1.33575e-11
8.201,0.435936,-0.0482899,0.243786,0.0421229,-0.0761378,-0.0923963,0.656285,0.132754,0.0671846,0.573194,-0.162484,8.38161e-12,0.264546,0.156086,-1.22805e-11,0.193075,-0.130621,1.33575e-11
8.202,0.435892,-0.047999,0.243687,0.0405496,-0.0763215,-0.0917703,0.656436,0.132776,0.0667374,0.573194,-0.162484,8.38161e-12,0.264546,0.156086,-1.22805e-11,0.193075,-0.130621,1.33575e-11
8.203,0.435848,-0.047708,0.243589,0.0389966,-0.0765008,-0.0911527,0.656586,0.132799,0.0662897,0.573194,-0.162484,8.38161e-12,0.264546,0.156086,-1.22805e-11,0.193075,-0.130621,1.33575e-11
8.204,0.435802,-0.0474169,0.24349,0.0374637,-0.0766756,-0.0905434,0.656735,0.132821,0.0658416,0.573194,-0.162484,8.38161e-12,0.264546,0.156086,-1.22805e-11,0.193075,-0.130621,1.33575e-11
8.205,0.435756,-0.0471257,0.24339,0.0359509,-0.076846,-0.0899424,0.656883,0.132844,0.065393,0.573194,-0.162484,8.38161e-12,0.264546,0.156086,-1.22805e-11,0.193075,-0.130621,1.33575e-11
8.206,0.43571,-0.0468344,0.24329,0.034458,-0.0770119,-0.0893497,0.65703,0.132866,0.064944,0.573194,-0.162484,8.38161e-12,0.264546,0.156086,-1.22805e-11,0.193075,-0.130621,1.33575e-11
8.207,0.435662,-0.046543,0.24319,0.0329851,-0.0771735,-0.0887653,0.657176,0.132888,0.0644945,0.573194,-0.162484,8.38161e-12,0.264546,0.156086,-1.22805e-11,0.193075,-0.130621,1.33575e-11
8.208,0.435615,-0.0462516,0.24309,0.031532,-0.0773307,-0.0881892,0.657321,0.13291,0.0640447,0.573194,-0.162484,8.38161e-12,0.264546,0.156086,-1.22805e-11,0.193075,-0.130621,1.33575e-11
8.209,0.435566,-0.04596,0.242989,0.0300987,-0.0774835,-0.0876213,0.657464,0.132931,0.0635946,0.573194,-0.162484,8.38161e-12,0.264546,0.156086,-1.22805e-11,0.193075,-0.130621,1.33575e-11
8.21,0.435517,-0.0456684,0.242887,0.028685,-0.077632,-0.0870617,0.657607,0.132953,0.0631441,0.573194,-0.162484,8.38161e-12,0.264546,0.156086,-1.22805e-11,0.193075,-0.130621,1.33575e-11
8.211,0.435467,-0.0453766,0.242786,0.027291,-0.0777762,-0.0865103,0.657749,0.132974,0.0626933,0.573194,-0.162484,8.38161e-12,0.264546,0.156086,-1.22805e-11,0.193075,-0.130621,1.33575e-11
8.212,0.435417,-0.0450848,0.242684,0.0259164,-0.0779161,-0.0859671,0.657889,0.132995,0.0622422,0.573194,-0.162484,8.38161e-12,0.264546,0.156086,-1.22805e-11,0.193075,-0.130621,1.33575e-11
8.213,0.435365,-0.0447929,0.242582,0.0245613,-0.0780518,-0.085432,0.658029,0.133016,0.0617908,0.573194,-0.162484,8.38161e-12,0.264546,0.156086,-1.22805e-11,0.193075,-0.130621,1.33575e-11
8.214,0.435314,-0.0445008,0.242479,0.0232255,-0.0781832,-0.0849051,0.658168,0.133037,0.0613393,0.573194,-0.162484,8.38161e-12,0.264546,0.156086,-1.22805e-11,0.193075,-0.130621,1.33575e-11
8.215,0.435261,-0.0442087,0.242377,0.021909,-0.0783104,-0.0843864,0.658305,0.133058,0.0608875,0.573194,-0.162484,8.38161e-12,0.264546,0.156086,-1.22805e-11,0.193075,-0.130621,1.33575e-11
8.216,0.435209,-0.0439164,0.242274,0.0206116,-0.0784334,-0.0838758,0.658442,0.133079,0.0604355,0.573194,-0.162484,8.38161e-12,0.264546,0.156086,-1.22805e-11,0.193075,-0.130621,1.33575e-11
8.217,0.435155,-0.0436241,0.242171,0.0193334,-0.0785523,-0.0833733,0.658577,0.133099,0.0599834,0.573194,-0.162484,8.38161e-12,0.264546,0.156086,-1.22805e-11,0.193075,-0.130621,1.33575e-11
8.218,0.435101,-0.0433316,0.242067,0.0180742,-0.0786669,-0.0828788,0.658712,0.133119,0.0595312,0.573194,-0.162484,8.38161e-12,0.264546,0.156086,-1.22805e-11,0.193075,-0.130621,1.33575e-11
8.219,0.435046,-0.0430391,0.241963,0.0168339,-0.0787775,-0.0823925,0.658845,0.133139,0.0590788,0.573194,-0.162484,8.38161e-12,0.264546,0.156086,-1.22805e-11,0.193075,-0.130621,2.59227e-07
8.22,0.434991,-0.0427464,0.24186,0.0156125,-0.0788839,-0.0819141,0.658978,0.133159,0.0586264,0.573194,-0.162484,8.38161e-12,0.264546,0.156086,-1.22805e-11,0.193075,-0.130622,2.7969e-06
8.221,0.434935,-0.0424537,0.241756,0.0144099,-0.0789863,-0.0814439,0.659109,0.133179,0.0581739,0.573194,-0.162484,8.38161e-12,0.264546,0.156086,-1.22805e-11,0.193076,-0.130622,8.02935e-06
8.222,0.434879,-0.0421608,0.241651,0.013226,-0.0790846,-0.0809816,0.65924,0.133199,0.0577214,0.573194,-0.162484,8.38161e-12,0.264546,0.156086,-1.22805e-11,0.193077,-0.130622,1.59424e-05
8.223,0.434822,-0.0418678,0.241547,0.0120607,-0.0791789,-0.0805273,0.659369,0.133218,0.0572688,0.573194,-0.162484,8.38161e-12,0.264546,0.156086,-1.22805e-11,0.193078,-0.130622,2.65217e-05
8.224,0.434764,-0.0415747,0.241442,0.0109139,-0.0792691,-0.080081,0.659498,0.133238,0.0568163,0.573194,-0.162484,8.38161e-12,0.264546,0.156086,-1.22805e-11,0.193079,-0.130622,3.97532e-05
8.225,0.434706,-0.0412815,0.241338,0.00978564,-0.0793554,-0.0796427,0.659625,0.133257,0.0563638,0.573194,-0.162484,8.38161e-12,0.264546,0.156086,-1.22805e-11,0.193081,-0.130623,5.56225e-05
8.226,0.434647,-0.0409881,0.241233,0.00867572,-0.0794377,-0.0792122,0.659751,0.133276,0.0559114,0.573194,-0.162484,8.38161e-12,0.264546,0.156086,-1.22805e-11,0.193082,-0.130623,7.41155e-05
8.227,0.434588,-0.0406947,0.241128,0.00758409,-0.079516,-0.0787897,0.659877,0.133295,0.0554591,0.573194,-0.162484,8.38161e-12,0.264546,0.156086,-1.22805e-11,0.193085,-0.130623,9.52179e-05
8.228,0.434528,-0.0404011,0.241023,0.00651068,-0.0795904,-0.0783752,0.660001,0.133313,0.0550069,0.573194,-0.162484,8.38161e-12,0.264546,0.156086,-1.22805e-11,0.193087,-0.130624,0.000118916
8.229,0.434468,-0.0401074,0.240917,0.0054554,-0.0796609,-0.0779684,0.660125,0.133332,0.0545548,0.573194,-0.162484,8.38161e-12,0.264546,0.156086,-1.22805e-11,0.19309,-0.130624,0.000145194
8.23,0.434407,-0.0398136,0.240812,0.00441817,-0.0797275,-0.0775696,0.660247,0.133351,0.054103,0.573194,-0.162484,8.38161e-12,0.264546,0.156086,-1.22805e-11,0.193093,-0.130625,0.000174039
8.231,0.434346,-0.0395197,0.240707,0.00339892,-0.0797902,-0.0771786,0.660369,0.133369,0.0536513,0.573194,-0.162484,8.38161e-12,0.264546,0.156086,-1.22805e-11,0.193096,-0.130626,0.000205437
8.232,0.434284,-0.0392256,0.240601,0.00239756,-0.0798492,-0.0767954,0.66049,0.133387,0.0531998,0.573194,-0.162484,8.38161e-12,0.264546,0.156086,-1.22805e-11,0.1931,-0.130626,0.000239374
8.233,0.434221,-0.0389315,0.240495,0.001414,-0.0799042,-0.0764201,0.660609,0.133405,0.0527485,0.573194,-0.162484,8.38161e-12,0.264546,0.156086,-1.22805e-11,0.193104,-0.130627,0.000275834
8.234,0.434158,-0.0386372,0.24039,0.000448183,-0.0799555,-0.0760525,0.660728,0.133423,0.0522975,0.573194,-0.162484,8.38161e-12,0.264546,0.156086,-1.22805e-11,0.193108,-0.130628,0.000314804
8.235,0.434094,-0.0383427,0.240284,-0.00049999,-0.0800031,-0.0756927,0.660846,0.133441,0.0518469,0.573194,-0.162484,8.38161e-12,0.264546,0.156086,-1.22805e-11,0.193113,-0.130629,0.00035627
8.236,0.43403,-0.0380482,0.240179,-0.00143059,-0.0800468,-0.0753406,0.660962,0.133458,0.0513965,0.573194,-0.162484,8.38161e-12,0.264546,0.156086,-1.22805e-11,0.193117,-0.13063,0.000400217
8.237,0.433966,-0.0377535,0.240073,-0.00234371,-0.0800869,-0.0749963,0.661078,0.133476,0.0509465,0.573194,-0.162484,8.38161e-12,0.264546,0.156086,-1.22805e-11,0.193123,-0.130631,0.000446631
8.238,0.433901,-0.0374587,0.239967,-0.00323942,-0.0801232,-0.0746597,0.661193,0.133493,0.0504968,0.573194,-0.162484,8.38161e-12,0.264546,0.156086,-1.22805e-11,0.193128,-0.130632,0.000495498
8.239,0.433835,-0.0371637,0.239861,-0.00411781,-0.0801559,-0.0743308,0.661307,0.13351,0.0500475,0.573194,-0.162484,8.38161e-12,0.264546,0.156086,-1.22805e-11,0.193134,-0.130633,0.000546804
8.24,0.433769,-0.0368686,0.239756,-0.00497895,-0.0801849,-0.0740096,0.66142,0.133527,0.0495986,0.573194,-0.162484,8.38161e-12,0.264546,0.156086,-1.22805e-11,0.19314,-0.130634,0.000600535
8.241,0.433702,-0.0365734,0.23965,-0.00582293,-0.0802102,-0.073696,0.661532,0.133544,0.0491502,0.573194,-0.162484,8.38161e-12,0.264546,0.156086,-1.22805e-11,0.193146,-0.130636,0.000656675
8.242,0.433635,-0.0362781,0.239545,-0.00664983,-0.0802319,-0.0733901,0.661643,0.133561,0.0487023,0.573194,-0.162484,8.38161e-12,0.264546,0.156086,-1.22805e-11,0.193153,-0.130637,0.000715212
8.243,0.433568,-0.0359826,0.239439,-0.00745972,-0.0802501,-0.0730918,0.661753,0.133577,0.0482548,0.573194,-0.162484,8.38161e-12,0.264546,0.156086,-1.22805e-11,0.19316,-0.130638,0.000776131
8.244,0.4335,-0.035687,0.239334,-0.0082527,-0.0802646,-0.0728011,0.661862,0.133594,0.0478078,0.573194,-0.162484,8.38161e-12,0.264546,0.156086,-1.22805e-11,0.193168,-0.13064,0.000839417
8.245,0.433431,-0.0353912,0.239228,-0.00902883,-0.0802757,-0.072518,0.66197,0.13361,0.0473614,0.573194,-0.162484,8.38161e-12,0.264546,0.156086,-1.22805e-11,0.193175,-0.130641,0.000905057
8.246,0.433362,-0.0350953,0.239123,-0.00978821,-0.0802831,-0.0722425,0.662078,0.133626,0.0469156,0.573194,-0.162484,8.38161e-12,0.264546,0.156086,-1.22805e-11,0.193183,-0.130643,0.000973035
8.247,0.433292,-0.0347992,0.239018,-0.0105309,-0.0802871,-0.0719745,0.662184,0.133642,0.0464703,0.573194,-0.162484,8.38161e-12,0.264546,0.156086,-1.22805e-11,0.193192,-0.130645,0.00104334
8.248,0.433222,-0.034503,0.238912,-0.011257,-0.0802876,-0.0717141,0.66229,0.133658,0.0460257,0.573194,-0.162484,8.38161e-12,0.264546,0.156086,-1.22805e-11,0.1932,-0.130646,0.00111595
8.249,0.433152,-0.0342067,0.238807,-0.0119666,-0.0802846,-0.0714611,0.662394,0.133674,0.0455817,0.573194,-0.162484,8.38161e-12,0.264546,0.156086,-1.22805e-11,0.193209,-0.130648,0.00119086
8.25,0.433081,-0.0339102,0.238703,-0.0126597,-0.0802782,-0.0712157,0.662498,0.13369,0.0451383,0.573194,-0.162484,8.38161e-12,0.264546,0.156086,-1.22805e-11,0.193219,-0.13065,0.00126806
8.251,0.43301,-0.0336136,0.238598,-0.0133365,-0.0802684,-0.0709777,0.662601,0.133705,0.0446956,0.573194,-0.162484,8.38161e-12,0.264546,0.156086,-1.22805e-11,0.193229,-0.130652,0.00134752
8.252,0.432938,-0.0333168,0.238493,-0.0139971,-0.0802552,-0.0707472,0.662703,0.13372,0.0442537,0.573194,-0.162484,8.38161e-12,0.264546,0.156086,-1.22805e-11,0.193239,-0.130654,0.00142923
8.253,0.432866,-0.0330198,0.238389,-0.0146414,-0.0802386,-0.0705242,0.662804,0.133736,0.0438125,0.573194,-0.162484,8.38161e-12,0.264546,0.156086,-1.22805e-11,0.193249,-0.130656,0.00151319
8.254,0.432793,-0.0327228,0.238285,-0.0152696,-0.0802186,-0.0703085,0.662904,0.133751,0.043372,0.573194,-0.162484,8.38161e-12,0.264546,0.156086,-1.22805e-11,0.19326,-0.130658,0.00159937
8.255,0.43272,-0.0324255,0.238181,-0.0158818,-0.0801953,-0.0701003,0.663003,0.133766,0.0429324,0.573194,-0.162484,8.38161e-12,0.264546,0.156086,-1.22805e-11,0.193271,-0.13066,0.00168776
8.256,0.432646,-0.0321281,0.238077,-0.016478,-0.0801687,-0.0698994,0.663101,0.13378,0.0424935,0.573194,-0.162484,8.38161e-12,0.264546,0.156086,-1.22805e-11,0.193282,-0.130662,0.00177835
8.257,0.432572,-0.0318306,0.237973,-0.0170584,-0.0801389,-0.0697059,0.663199,0.133795,0.0420555,0.573194,-0.162484,8.38161e-12,0.264546,0.156086,-1.22805e-11,0.193294,-0.130665,0.00187112
8.258,0.432498,-0.0315329,0.23787,-0.017623,-0.0801057,-0.0695198,0.663295,0.13381,0.0416184,0.573194,-0.162484,8.38161e-12,0.264546,0.156086,-1.22805e-11,0.193306,-0.130667,0.00196605
8.259,0.432423,-0.031235,0.237767,-0.0181718,-0.0800693,-0.069341,0.663391,0.133824,0.0411821,0.573194,-0.162484,8.38161e-12,0.264546,0.156086,-1.22805e-11,0.193319,-0.13067,0.00206315
8.26,0.432348,-0.030937,0.237664,-0.0187051,-0.0800297,-0.0691695,0.663485,0.133838,0.0407468,0.573194,-0.162484,8.38161e-12,0.264546,0.156086,-1.22805e-11,0.193332,-0.130672,0.00216238
8.261,0.432272,-0.0306388,0.237561,-0.0192228,-0.079987,-0.0690053,0.663579,0.133852,0.0403123,0.573194,-0.162484,8.38161e-12,0.264546,0.156086,-1.22805e-11,0.193345,-0.130675,0.00226374
8.262,0.432196,-0.0303405,0.237459,-0.019725,-0.079941,-0.0688483,0.663672,0.133866,0.0398789,0.573194,-0.162484,8.38161e-12,0.264546,0.156086,-1.22805e-11,0.193359,-0.130678,0.00236721
8.263,0.43212,-0.030042,0.237357,-0.0202119,-0.0798919,-0.0686986,0.663764,0.13388,0.0394464,0.573194,-0.162484,8.38161e-12,0.264546,0.156086,-1.22805e-11,0.193373,-0.13068,0.00247278
8.264,0.432043,-0.0297433,0.237255,-0.0206834,-0.0798396,-0.0685562,0.663856,0.133894,0.039015,0.573194,-0.162484,8.38161e-12,0.264546,0.156086,-1.22805e-11,0.193387,-0.130683,0.00258043
8.265,0.431966,-0.0294445,0.237153,-0.0211397,-0.0797843,-0.068421,0.663946,0.133908,0.0385846,0.573194,-0.162484,8.38161e-12,0.264546,0.156086,-1.22805e-11,0.193402,-0.130686,0.00269015
8.266,0.431888,-0.0291455,0.237052,-0.0215809,-0.0797258,-0.0682929,0.664036,0.133921,0.0381552,0.573194,-0.162484,8.38161e-12,0.264546,0.156086,-1.22805e-11,0.193417,-0.130689,0.00280192
8.267,0.43181,-0.0288463,0.236951,-0.022007,-0.0796643,-0.0681721,0.664124,0.133935,0.0377269,0.573194,-0.162484,8.38161e-12,0.264546,0.156086,-1.22805e-11,0.193433,-0.130692,0.00291574
8.268,0.431732,-0.0285469,0.236851,-0.0224182,-0.0795998,-0.0680584,0.664212,0.133948,0.0372998,0.573194,-0.162484,8.38161e-12,0.264546,0.156086,-1.22805e-11,0.193449,-0.130695,0.00303158
8.269,0.431653,-0.0282474,0.236751,-0.0228144,-0.0795322,-0.0679519,0.664299,0.133961,0.0368737,0.573194,-0.162484,8.38161e-12,0.264546,0.156086,-1.22805e-11,0.193465,-0.130699,0.00314943
8.27,0.431574,-0.0279478,0.236651,-0.0231959,-0.0794616,-0.0678524,0.664386,0.133974,0.0364489,0.573194,-0.162484,8.38161e-12,0.264546,0.156086,-1.22805e-11,0.193482,-0.130702,0.00326928
8.271,0.431494,-0.0276479,0.236552,-0.0235625,-0.0793881,-0.0677601,0.664471,0.133987,0.0360252,0.573194,-0.162484,8.38161e-12,0.264546,0.156086,-1.22805e-11,0.193499,-0.130705,0.00339111
8.272,0.431414,-0.0273479,0.236452,-0.0239146,-0.0793116,-0.0676749,0.664555,0.133999,0.0356027,0.573194,-0.162484,8.38161e-12,0.264546,0.156086,-1.22805e-11,0.193517,-0.130709,0.00351492
8.273,0.431334,-0.0270477,0.236354,-0.024252,-0.0792322,-0.0675968,0.664639,0.134012,0.0351815,0.573194,-0.162484,8.38161e-12,0.264546,0.156086,-1.22805e-11,0.193534,-0.130712,0.00364068
8.274,0.431254,-0.0267473,0.236256,-0.024575,-0.0791499,-0.0675257,0.664722,0.134025,0.0347615,0.573194,-0.162484,8.38161e-12,0.264546,0.156086,-1.22805e-11,0.193553,-0.130716,0.00376837
8.275,0.431173,-0.0264467,0.236158,-0.0248836,-0.0790646,-0.0674616,0.664804,0.134037,0.0343428,0.573194,-0.162484,8.38161e-12,0.264546,0.156086,-1.22805e-11,0.193572,-0.13072,0.003898
8.276,0.431091,-0.026146,0.23606,-0.0251778,-0.0789766,-0.0674046,0.664885,0.134049,0.0339254,0.573194,-0.162484,8.38161e-12,0.264546,0.156086,-1.22805e-11,0.193591,-0.130723,0.00402954
8.277,0.43101,-0.025845,0.235963,-0.0254578,-0.0788856,-0.0673545,0.664965,0.134061,0.0335094,0.573194,-0.162484,8.38161e-12,0.264546,0.156086,-1.22805e-11,0.19361,-0.130727,0.00416297
8.278,0.430928,-0.0255439,0.235867,-0.0257236,-0.0787919,-0.0673115,0.665045,0.134073,0.0330947,0.573194,-0.162484,8.38161e-12,0.264546,0.156086,-1.22805e-11,0.19363,-0.130731,0.00429829
8.279,0.430845,-0.0252426,0.235771,-0.0259753,-0.0786954,-0.0672753,0.665124,0.134085,0.0326814,0.573194,-0.162484,8.38161e-12,0.264546,0.156086,-1.22805e-11,0.19365,-0.130735,0.00443548
8.28,0.430763,-0.0249412,0.235675,-0.026213,-0.0785961,-0.0672462,0.665202,0.134097,0.0322695,0.573194,-0.162484,8.38161e-12,0.264546,0.156086,-1.22805e-11,0.193671,-0.130739,0.00457453
8.281,0.43068,-0.0246395,0.23558,-0.0264368,-0.078494,-0.0672239,0.665279,0.134108,0.031859,0.573194,-0.162484,8.38161e-12,0.264546,0.156086,-1.22805e-11,0.193692,-0.130743,0.00471542
8.282,0.430597,-0.0243376,0.235486,-0.0266467,-0.0783892,-0.0672086,0.665355,0.13412,0.03145,0.573194,-0.162484,8.38161e-12,0.264546,0.156086,-1.22805e-11,0.193714,-0.130748,0.00485813
8.283,0.430513,-0.0240356,0.235392,-0.0268428,-0.0782817,-0.0672001,0.665431,0.134131,0.0310425,0.573194,-0.162484,8.38161e-12,0.264546,0.156086,-1.22805e-11,0.193736,-0.130752,0.00500266
8.284,0.430429,-0.0237334,0.235298,-0.0270253,-0.0781715,-0.0671985,0.665505,0.134143,0.0306364,0.573194,-0.162484,8.38161e-12,0.264546,0.156086,-1.22805e-11,0.193759,-0.130756,0.00514898
8.285,0.430345,-0.023431,0.235205,-0.0271942,-0.0780587,-0.0672038,0.665579,0.134154,0.030232,0.573194,-0.162484,8.38161e-12,0.264546,0.156086,-1.22805e-11,0.193781,-0.130761,0.00529709
8.286,0.43026,-0.0231283,0.235113,-0.0273496,-0.0779432,-0.0672159,0.665652,0.134165,0.029829,0.573194,-0.162484,8.38161e-12,0.264546,0.156086,-1.22805e-11,0.193805,-0.130766,0.00544697
8.287,0.430176,-0.0228255,0.235021,-0.0274915,-0.077825,-0.0672348,0.665725,0.134176,0.0294277,0.573194,-0.162484,8.38161e-12,0.264546,0.156086,-1.22805e-11,0.193828,-0.13077,0.0055986
8.288,0.430091,-0.0225225,0.234929,-0.02762,-0.0777043,-0.0672605,0.665796,0.134186,0.0290279,0.573194,-0.162484,8.38161e-12,0.264546,0.156086,-1.22805e-11,0.193853,-0.130775,0.00575198
8.289,0.430005,-0.0222193,0.234839,-0.0277353,-0.077581,-0.067293,0.665867,0.134197,0.0286298,0.573194,-0.162484,8.38161e-12,0.264546,0.156086,-1.22805e-11,0.193877,-0.13078,0.00590709
8.29,0.42992,-0.0219159,0.234749,-0.0278373,-0.0774552,-0.0673322,0.665937,0.134208,0.0282334,0.573194,-0.162484,8.38161e-12,0.264546,0.156086,-1.22805e-11,0.193902,-0.130785,0.0060639
8.291,0.429834,-0.0216123,0.234659,-0.0279263,-0.0773268,-0.0673782,0.666006,0.134218,0.0278386,0.573194,-0.162484,8.38161e-12,0.264546,0.156086,-1.22805e-11,0.193928,-0.13079,0.00622242
8.292,0.429747,-0.0213085,0.23457,-0.0280022,-0.0771959,-0.0674309,0.666075,0.134228,0.0274456,0.573194,-0.162484,8.38161e-12,0.264546,0.156086,-1.22805e-11,0.193954,-0.130795,0.00638262
8.293,0.429661,-0.0210045,0.234482,-0.0280652,-0.0770626,-0.0674903,0.666142,0.134239,0.0270542,0.573194,-0.162484,8.38161e-12,0.264546,0.156086,-1.22805e-11,0.19398,-0.1308,0.00654449
8.294,0.429574,-0.0207003,0.234394,-0.0281152,-0.0769267,-0.0675563,0.666209,0.134249,0.0266647,0.573194,-0.162484,8.38161e-12,0.264546,0.156086,-1.22805e-11,0.194007,-0.130806,0.00670802
8.295,0.429487,-0.0203959,0.234307,-0.0281525,-0.0767885,-0.0676291,0.666276,0.134259,0.0262769,0.573194,-0.162484,8.38161e-12,0.264546,0.156086,-1.22805e-11,0.194034,-0.130811,0.00687319
8.296,0.4294,-0.0200913,0.234221,-0.0281771,-0.0766478,-0.0677085,0.666341,0.134268,0.0258909,0.573194,-0.162484,8.38161e-12,0.264546,0.156086,-1.22805e-11,0.194062,-0.130816,0.00703999
8.297,0.429312,-0.0197865,0.234135,-0.028189,-0.0765047,-0.0677945,0.666406,0.134278,0.0255067,0.573194,-0.162484,8.38161e-12,0.264546,0.156086,-1.22805e-11,0.19409,-0.130822,0.0072084
8.298,0.429224,-0.0194815,0.23405,-0.0281884,-0.0763592,-0.0678871,0.66647,0.134288,0.0251244,0.573194,-0.162484,8.38161e-12,0.264546,0.156086,-1.22805e-11,0.194119,-0.130828,0.00737841
8.299,0.429136,-0.0191762,0.233966,-0.0281753,-0.0762114,-0.0679863,0.666533,0.134297,0.024744,0.573194,-0.162484,8.38161e-12,0.264546,0.156086,-1.22805e-11,0.194148,-0.130833,0.00755001
8.3,0.429048,-0.0188708,0.233882,-0.0281498,-0.0760612,-0.0680921,0.666595,0.134307,0.0243655,0.573194,-0.162484,8.38161e-12,0.264546,0.156086,-1.22805e-11,0.194178,-0.130839,0.00772318
8.301,0.42896,-0.0185651,0.233799,-0.0281121,-0.0759088,-0.0682044,0.666657,0.134316,0.0239889,0.573194,-0.162484,8.38161e-12,0.264546,0.156086,-1.22805e-11,0.194208,-0.130845,0.0078979
8.302,0.428871,-0.0182592,0.233717,-0.0280622,-0.075754,-0.0683232,0.666718,0.134325,0.0236143,0.573194,-0.162484,8.38161e-12,0.264546,0.156086,-1.22805e-11,0.194238,-0.130851,0.00807417
8.303,0.428782,-0.0179531,0.233635,-0.0280004,-0.075597,-0.0684483,0.666778,0.134334,0.0232416,0.573194,-0.162484,8.38161e-12,0.264546,0.156086,-1.22805e-11,0.194269,-0.130857,0.00825196
8.304,0.428693,-0.0176469,0.233555,-0.027927,-0.0754376,-0.0685796,0.666838,0.134343,0.022871,0.573194,-0.162484,8.38161e-12,0.264546,0.156086,-1.22805e-11,0.194301,-0.130864,0.00843127
8.305,0.428603,-0.0173403,0.233475,-0.0278421,-0.075276,-0.0687171,0.666896,0.134352,0.0225024,0.573194,-0.162484,8.38161e-12,0.264546,0.156086,-1.22805e-11,0.194333,-0.13087,0.00861208
8.306,0.428514,-0.0170336,0.233395,-0.027746,-0.075112,-0.0688605,0.666954,0.134361,0.0221358,0.573194,-0.162484,8.38161e-12,0.264546,0.156086,-1.22805e-11,0.194365,-0.130876,0.00879437
8.307,0.428424,-0.0167267,0.233317,-0.0276387,-0.0749458,-0.0690098,0.667012,0.13437,0.0217713,0.573194,-0.162484,8.38161e-12,0.264546,0.156086,-1.22805e-11,0.194398,-0.130883,0.00897814
8.308,0.428334,-0.0164196,0.233239,-0.0275207,-0.0747774,-0.0691649,0.667068,0.134378,0.021409,0.573194,-0.162484,8.38161e-12,0.264546,0.156086,-1.22805e-11,0.194432,-0.130889,0.00916336
8.309,0.428244,-0.0161122,0.233162,-0.027392,-0.0746067,-0.0693256,0.667124,0.134386,0.0210487,0.573194,-0.162484,8.38161e-12,0.264546,0.156086,-1.22805e-11,0.194466,-0.130896,0.00935003
8.31,0.428153,-0.0158047,0.233085,-0.0272529,-0.0744337,-0.0694919,0.66718,0.134395,0.0206906,0.573194,-0.162484,8.38161e-12,0.264546,0.156086,-1.22805e-11,0.1945,-0.130903,0.00953812
8.311,0.428063,-0.0154969,0.233009,-0.0271036,-0.0742585,-0.0696637,0.667234,0.134403,0.0203347,0.573194,-0.162484,8.38161e-12,0.264546,0.156086,-1.22805e-11,0.194535,-0.13091,0.00972763
8.312,0.427972,-0.015189,0.232935,-0.0269444,-0.074081,-0.0698407,0.667288,0.134411,0.019981,0.573194,-0.162484,8.38161e-12,0.264546,0.156086,-1.22805e-11,0.19457,-0.130917,0.00991854
8.313,0.427881,-0.0148808,0.23286,-0.0267753,-0.0739013,-0.070023,0.667341,0.134419,0.0196295,0.573194,-0.162484,8.38161e-12,0.264546,0.156086,-1.22805e-11,0.194606,-0.130924,0.0101108
8.314,0.42779,-0.0145724,0.232787,-0.0265966,-0.0737194,-0.0702104,0.667393,0.134427,0.0192803,0.573194,-0.162484,8.38161e-12,0.264546,0.156086,-1.22805e-11,0.194642,-0.130931,0.0103045
8.315,0.427698,-0.0142638,0.232714,-0.0264086,-0.0735352,-0.0704028,0.667445,0.134435,0.0189333,0.573194,-0.162484,8.38161e-12,0.264546,0.156086,-1.22805e-11,0.194679,-0.130938,0.0104995
8.316,0.427607,-0.013955,0.232642,-0.0262114,-0.0733488,-0.0706,0.667496,0.134442,0.0185887,0.573194,-0.162484,8.38161e-12,0.264546,0.156086,-1.22805e-11,0.194717,-0.130946,0.0106959
8.317,0.427515,-0.013646,0.232571,-0.0260053,-0.0731603,-0.0708021,0.667546,0.13445,0.0182464,0.573194,-0.162484,8.38161e-12,0.264546,0.156086,-1.22805e-11,0.194755,-0.130953,0.0108936
8.318,0.427424,-0.0133369,0.2325,-0.0257905,-0.0729695,-0.0710088,0.667596,0.134458,0.0179064,0.573194,-0.162484,8.38161e-12,0.264546,0.156086,-1.22805e-11,0.194793,-0.130961,0.0110926
8.319,0.427332,-0.0130275,0.23243,-0.0255671,-0.0727765,-0.07122,0.667645,0.134465,0.0175688,0.573194,-0.162484,8.38161e-12,0.264546,0.156086,-1.22805e-11,0.194832,-0.130968,0.0112929
8.32,0.42724,-0.0127179,0.232361,-0.0253354,-0.0725813,-0.0714357,0.667693,0.134472,0.0172336,0.573194,-0.162484,8.38161e-12,0.264546,0.156086,-1.22805e-11,0.194871,-0.130976,0.0114945
8.321,0.427147,-0.012408,0.232293,-0.0250956,-0.0723839,-0.0716557,0.667741,0.134479,0.0169009,0.573194,-0.162484,8.38161e-12,0.264546,0.156086,-1.22805e-11,0.194911,-0.130984,0.0116974
8.322,0.427055,-0.012098,0.232225,-0.024848,-0.0721843,-0.0718799,0.667788,0.134486,0.0165706,0.573194,-0.162484,8.38161e-12,0.264546,0.156086,-1.22805e-11,0.194952,-0.130992,0.0119015
8.323,0.426963,-0.0117878,0.232158,-0.0245926,-0.0719826,-0.0721082,0.667834,0.134493,0.0162427,0.573194,-0.162484,8.38161e-12,0.264546,0.156086,-1.22805e-11,0.194993,-0.131,0.0121069
8.324,0.42687,-0.0114774,0.232092,-0.0243298,-0.0717787,-0.0723405,0.66788,0.1345,0.0159174,0.573194,-0.162484,8.38161e-12,0.264546,0.156086,-1.22805e-11,0.195034,-0.131008,0.0123135
8.325,0.426777,-0.0111668,0.232027,-0.0240597,-0.0715726,-0.0725767,0.667925,0.134507,0.0155946,0.573194,-0.162484,8.38161e-12,0.264546,0.156086,-1.22805e-11,0.195076,-0.131017,0.0125213
8.326,0.426685,-0.010856,0.231962,-0.0237825,-0.0713644,-0.0728166,0.667969,0.134514,0.0152743,0.573194,-0.162484,8.38161e-12,0.264546,0.156086,-1.22805e-11,0.195119,-0.131025,0.0127303
8.327,0.426592,-0.010545,0.231898,-0.0234985,-0.071154,-0.0730602,0.668013,0.13452,0.0149567,0.573194,-0.162484,8.38161e-12,0.264546,0.156086,-1.22805e-11,0.195162,-0.131034,0.0129405
8.328,0.426499,-0.0102338,0.231835,-0.0232079,-0.0709415,-0.0733074,0.668056,0.134527,0.0146416,0.573194,-0.162484,8.38161e-12,0.264546,0.156086,-1.22805e-11,0.195206,-0.131042,0.0131519
8.329,0.426406,-0.00992239,0.231772,-0.0229109,-0.0707269,-0.073558,0.668098,0.134533,0.0143291,0.573194,-0.162484,8.38161e-12,0.264546,0.156086,-1.22805e-11,0.19525,-0.131051,0.0133644
8.33,0.426313,-0.00961078,0.231711,-0.0226077,-0.0705101,-0.0738119,0.66814,0.134539,0.0140193,0.573194,-0.162484,8.38161e-12,0.264546,0.156086,-1.22805e-11,0.195295,-0.13106,0.0135781
8.331,0.426219,-0.00929898,0.23165,-0.0222984,-0.0702911,-0.074069,0.668181,0.134546,0.0137122,0.573194,-0.162484,8.38161e-12,0.264546,0.156086,-1.22805e-11,0.19534,-0.131069,0.0137929
8.332,0.426126,-0.00898698,0.231589,-0.0219834,-0.0700701,-0.0743292,0.668221,0.134552,0.0134078,0.573194,-0.162484,8.38161e-12,0.264546,0.156086,-1.22805e-11,0.195386,-0.131078,0.0140089
8.333,0.426033,-0.00867479,0.23153,-0.0216628,-0.0698469,-0.0745924,0.668261,0.134558,0.0131061,0.573194,-0.162484,8.38161e-12,0.264546,0.156086,-1.22805e-11,0.195432,-0.131087,0.0142259
8.334,0.425939,-0.0083624,0.231471,-0.0213368,-0.0696217,-0.0748585,0.6683,0.134564,0.0128071,0.573194,-0.162484,8.38161e-12,0.264546,0.156086,-1.22805e-11,0.195479,-0.131096,0.014444
8.335,0.425846,-0.00804981,0.231413,-0.0210057,-0.0693943,-0.0751273,0.668339,0.134569,0.012511,0.573194,-0.162484,8.38161e-12,0.264546,0.156086,-1.22805e-11,0.195526,-0.131106,0.0146632
8.336,0.425752,-0.00773703,0.231356,-0.0206696,-0.0691648,-0.0753988,0.668377,0.134575,0.0122176,0.573194,-0.162484,8.38161e-12,0.264546,0.156086,-1.22805e-11,0.195574,-0.131115,0.0148834
8.337,0.425659,-0.00742405,0.231299,-0.0203288,-0.0689332,-0.0756728,0.668414,0.134581,0.011927,0.573194,-0.162484,8.38161e-12,0.264546,0.156086,-1.22805e-11,0.195623,-0.131125,0.0151047
8.338,0.425565,-0.00711088,0.231244,-0.0199834,-0.0686996,-0.0759493,0.668451,0.134586,0.0116393,0.573194,-0.162484,8.38161e-12,0.264546,0.156086,-1.22805e-11,0.195672,-0.131134,0.0153271
8.339,0.425471,-0.00679752,0.231189,-0.0196338,-0.0684639,-0.0762281,0.668487,0.134592,0.0113545,0.573194,-0.162484,8.38161e-12,0.264546,0.156086,-1.22805e-11,0.195722,-0.131144,0.0155504
8.34,0.425378,-0.00648396,0.231134,-0.01928,-0.0682261,-0.0765091,0.668523,0.134597,0.0110726,0.573194,-0.162484,8.38161e-12,0.264546,0.156086,-1.22805e-11,0.195772,-0.131154,0.0157747
8.341,0.425284,-0.00617021,0.231081,-0.0189223,-0.0679862,-0.0767922,0.668558,0.134602,0.0107936,0.573194,-0.162484,8.38161e-12,0.264546,0.156086,-1.22805e-11,0.195823,-0.131164,0.0160001
8.342,0.42519,-0.00585627,0.231028,-0.018561,-0.0677443,-0.0770772,0.668592,0.134608,0.0105175,0.573194,-0.162484,8.38161e-12,0.264546,0.156086,-1.22805e-11,0.195874,-0.131174,0.0162264
8.343,0.425096,-0.00554214,0.230976,-0.0181962,-0.0675003,-0.0773642,0.668626,0.134613,0.0102445,0.573194,-0.162484,8.38161e-12,0.264546,0.156086,-1.22805e-11,0.195926,-0.131185,0.0164536
8.344,0.425003,-0.00522781,0.230925,-0.0178281,-0.0672543,-0.0776528,0.668659,0.134618,0.00997438,0.573194,-0.162484,8.38161e-12,0.264546,0.156086,-1.22805e-11,0.195979,-0.131195,0.0166818
8.345,0.424909,-0.0049133,0.230875,-0.0174569,-0.0670062,-0.0779432,0.668691,0.134622,0.00970732,0.573194,-0.162484,8.38161e-12,0.264546,0.156086,-1.22805e-11,0.196032,-0.131205,0.016911
8.346,0.424815,-0.00459859,0.230825,-0.017083,-0.0667561,-0.0782351,0.668723,0.134627,0.00944331,0.573194,-0.162484,8.38161e-12,0.264546,0.156086,-1.22805e-11,0.196086,-0.131216,0.017141
8.347,0.424721,-0.0042837,0.230776,-0.0167063,-0.0665039,-0.0785284,0.668754,0.134632,0.00918237,0.573194,-0.162484,8.38161e-12,0.264546,0.156086,-1.22805e-11,0.19614,-0.131227,0.017372
8.348,0.424627,-0.00396861,0.230728,-0.0163273,-0.0662498,-0.078823,0.668785,0.134637,0.00892453,0.573194,-0.162484,8.38161e-12,0.264546,0.156086,-1.22805e-11,0.196195,-0.131238,0.0176038
8.349,0.424534,-0.00365334,0.23068,-0.0159461,-0.0659936,-0.0791188,0.668815,0.134641,0.00866982,0.573194,-0.162484,8.38161e-12,0.264546,0.156086,-1.22805e-11,0.19625,-0.131249,0.0178365
8.35,0.42444,-0.00333788,0.230634,-0.0155628,-0.0657354,-0.0794158,0.668845,0.134646,0.00841825,0.573194,-0.162484,8.38161e-12,0.264546,0.156086,-1.22805e-11,0.196306,-0.13126,0.0180701
8.351,0.424346,-0.00302223,0.230588,-0.0151778,-0.0654752,-0.0797137,0.668874,0.13465,0.00816985,0.573194,-0.162484,8.38161e-12,0.264546,0.156086,-1.22805e-11,0.196363,-0.131271,0.0183045
8.352,0.424252,-0.00270639,0.230543,-0.0147911,-0.065213,-0.0800124,0.668903,0.134654,0.00792465,0.573194,-0.162484,8.38161e-12,0.264546,0.156086,-1.22805e-11,0.19642,-0.131282,0.0185398
8.353,0.424159,-0.00239037,0.230498,-0.0144031,-0.0649488,-0.080312,0.66893,0.134659,0.00768268,0.573194,-0.162484,8.38161e-12,0.264546,0.156086,-1.22805e-11,0.196478,-0.131294,0.0187759
8.354,0.424065,-0.00207416,0.230455,-0.014014,-0.0646826,-0.0806121,0.668958,0.134663,0.00744395,0.573194,-0.162484,8.38161e-12,0.264546,0.156086,-1.22805e-11,0.196537,-0.131305,0.0190127
8.355,0.423971,-0.00175776,0.230412,-0.0136239,-0.0644144,-0.0809128,0.668985,0.134667,0.00720849,0.573194,-0.162484,8.38161e-12,0.264546,0.156086,-1.22805e-11,0.196596,-0.131317,0.0192504
8.356,0.423878,-0.00144118,0.23037,-0.013233,-0.0641443,-0.081214,0.669011,0.134671,0.00697633,0.573194,-0.162484,8.38161e-12,0.264546,0.156086,-1.22805e-11,0.196655,-0.131329,0.0194888
8.357,0.423784,-0.00112442,0.230329,-0.0128416,-0.0638721,-0.0815154,0.669037,0.134675,0.00674749,0.573194,-0.162484,8.38161e-12,0.264546,0.156086,-1.22805e-11,0.196715,-0.13134,0.019728
8.358,0.423691,-0.00080747,0.230288,-0.0124499,-0.0635981,-0.0818171,0.669062,0.134678,0.00652199,0.573194,-0.162484,8.38161e-12,0.264546,0.156086,-1.22805e-11,0.196776,-0.131352,0.019968
8.359,0.423598,-0.000490337,0.230248,-0.0120581,-0.063322,-0.0821188,0.669086,0.134682,0.00629987,0.573194,-0.162484,8.38161e-12,0.264546,0.156086,-1.22805e-11,0.196838,-0.131365,0.0202087
8.36,0.423504,-0.000173021,0.230209,-0.0116664,-0.063044,-0.0824205,0.66911,0.134686,0.00608114,0.573194,-0.162484,8.38161e-12,0.264546,0.156086,-1.22805e-11,0.1969,-0.131377,0.02045
8.361,0.423411,0.000144478,0.230171,-0.011275,-0.0627641,-0.0827221,0.669134,0.134689,0.00586584,0.573194,-0.162484,8.38161e-12,0.264546,0.156086,-1.22805e-11,0.196963,-0.131389,0.0206921
8.362,0.423318,0.000462159,0.230134,-0.0108842,-0.0624822,-0.0830234,0.669157,0.134693,0.00565398,0.573194,-0.162484,8.38161e-12,0.264546,0.156086,-1.22805e-11,0.197026,-0.131402,0.0209349
8.363,0.423225,0.000780022,0.230097,-0.010494,-0.0621984,-0.0833244,0.669179,0.134696,0.00544559,0.573194,-0.162484,8.38161e-12,0.264546,0.156086,-1.22805e-11,0.19709,-0.131414,0.0211784
8.364,0.423132,0.00109807,0.230061,-0.0101048,-0.0619127,-0.0836249,0.669201,0.134699,0.00524069,0.573194,-0.162484,8.38161e-12,0.264546,0.156086,-1.22805e-11,0.197154,-0.131427,0.0214225
8.365,0.423039,0.00141629,0.230026,-0.0097168,-0.061625,-0.0839248,0.669223,0.134703,0.00503932,0.573194,-0.162484,8.38161e-12,0.264546,0.156086,-1.22805e-11,0.19722,-0.13144,0.0216673
8.366,0.422946,0.0017347,0.229992,-0.00933012,-0.0613354,-0.084224,0.669244,0.134706,0.00484149,0.573194,-0.162484,8.38161e-12,0.264546,0.156086,-1.22805e-11,0.197286,-0.131453,0.0219127
8.367,0.422853,0.00205328,0.229958,-0.00894501,-0.0610439,-0.0845224,0.669264,0.134709,0.00464723,0.573194,-0.162484,8.38161e-12,0.264546,0.156086,-1.22805e-11,0.197352,-0.131466,0.0221587
8.368,0.422761,0.00237205,0.229926,-0.00856169,-0.0607505,-0.0848199,0.669284,0.134712,0.00445657,0.573194,-0.162484,8.38161e-12,0.264546,0.156086,-1.22805e-11,0.197419,-0.131479,0.0224053
8.369,0.422668,0.00269099,0.229894,-0.00818037,-0.0604552,-0.0851164,0.669303,0.134715,0.00426952,0.573194,-0.162484,8.38161e-12,0.264546,0.156086,-1.22805e-11,0.197487,-0.131493,0.0226525
8.37,0.422576,0.00301011,0.229862,-0.00780125,-0.0601581,-0.0854118,0.669322,0.134718,0.00408612,0.573194,-0.162484,8.38161e-12,0.264546,0.156086,-1.22805e-11,0.197555,-0.131506,0.0229003
8.371,0.422484,0.00332941,0.229832,-0.00742455,-0.059859,-0.0857059,0.66934,0.13472,0.00390639,0.573194,-0.162484,8.38161e-12,0.264546,0.156086,-1.22805e-11,0.197624,-0.13152,0.0231486
8.372,0.422392,0.00364889,0.229802,-0.00705047,-0.0595581,-0.0859986,0.669358,0.134723,0.00373035,0.573194,-0.162484,8.38161e-12,0.264546,0.156086,-1.22805e-11,0.197694,-0.131534,0.0233975
8.373,0.4223,0.00396855,0.229774,-0.00667923,-0.0592552,-0.0862899,0.669376,0.134726,0.00355804,0.573194,-0.162484,8.38161e-12,0.264546,0.156086,-1.22805e-11,0.197764,-0.131548,0.0236469
8.374,0.422208,0.00428838,0.229746,-0.00631103,-0.0589505,-0.0865795,0.669392,0.134728,0.00338946,0.573194,-0.162484,8.38161e-12,0.264546,0.156086,-1.22805e-11,0.197835,-0.131562,0.0238969
8.375,0.422117,0.00460838,0.229718,-0.00594609,-0.058644,-0.0868675,0.669409,0.134731,0.00322466,0.573194,-0.162484,8.38161e-12,0.264546,0.156086,-1.22805e-11,0.197907,-0.131576,0.0241473
8.376,0.422025,0.00492857,0.229692,-0.00558462,-0.0583356,-0.0871537,0.669425,0.134733,0.00306364,0.573194,-0.162484,8.38161e-12,0.264546,0.156086,-1.22805e-11,0.197979,-0.13159,0.0243983
8.377,0.421934,0.00524892,0.229666,-0.00522683,-0.0580253,-0.087438,0.66944,0.134735,0.00290645,0.573194,-0.162484,8.38161e-12,0.264546,0.156086,-1.22805e-11,0.198052,-0.131604,0.0246497
8.378,0.421843,0.00556945,0.229641,-0.00487292,-0.0577132,-0.0877202,0.669455,0.134738,0.0027531,0.573194,-0.162484,8.38161e-12,0.264546,0.156086,-1.22805e-11,0.198126,-0.131619,0.0249016
8.379,0.421752,0.00589016,0.229617,-0.00452311,-0.0573993,-0.0880003,0.669469,0.13474,0.00260362,0.573194,-0.162484,8.38161e-12,0.264546,0.156086,-1.22805e-11,0.1982,-0.131634,0.0251539
8.38,0.421661,0.00621104,0.229594,-0.00417761,-0.0570835,-0.0882781,0.669483,0.134742,0.00245803,0.573194,-0.162484,8.38161e-12,0.264546,0.156086,-1.22805e-11,0.198275,-0.131648,0.0254066
8.381,0.42157,0.00653209,0.229571,-0.00383663,-0.056766,-0.0885536,0.669497,0.134744,0.00231636,0.573194,-0.162484,8.38161e-12,0.264546,0.156086,-1.22805e-11,0.19835,-0.131663,0.0256598
8.382,0.42148,0.00685331,0.229549,-0.00350038,-0.0564466,-0.0888266,0.66951,0.134746,0.00217863,0.573194,-0.162484,8.38161e-12,0.264546,0.156086,-1.22805e-11,0.198427,-0.131678,0.0259134
8.383,0.421389,0.00717471,0.229528,-0.00316907,-0.0561253,-0.089097,0.669522,0.134748,0.00204487,0.573194,-0.162484,8.38161e-12,0.264546,0.156086,-1.22805e-11,0.198503,-0.131694,0.0261673
8.384,0.421299,0.00749628,0.229508,-0.00284291,-0.0558023,-0.0893647,0.669534,0.13475,0.0019151,0.573194,-0.162484,8.38161e-12,0.264546,0.156086,-1.22805e-11,0.198581,-0.131709,0.0264217
8.385,0.42121,0.00781802,0.229489,-0.00252211,-0.0554775,-0.0896296,0.669546,0.134751,0.00178934,0.573194,-0.162484,8.38161e-12,0.264546,0.156086,-1.22805e-11,0.198659,-0.131724,0.0266764
8.386,0.42112,0.00813993,0.22947,-0.00220688,-0.0551509,-0.0898916,0.669557,0.134753,0.00166763,0.573194,-0.162484,8.38161e-12,0.264546,0.156086,-1.22805e-11,0.198738,-0.13174,0.0269314
8.387,0.42103,0.00846201,0.229453,-0.00189744,-0.0548224,-0.0901505,0.669568,0.134755,0.00154999,0.573194,-0.162484,8.38161e-12,0.264546,0.156086,-1.22805e-11,0.198818,-0.131756,0.0271868
8.388,0.420941,0.00878426,0.229436,-0.00159398,-0.0544922,-0.0904064,0.669578,0.134756,0.00143644,0.573194,-0.162484,8.38161e-12,0.264546,0.156086,-1.22805e-11,0.198898,-0.131772,0.0274425
8.389,0.420852,0.00910667,0.22942,-0.00129673,-0.0541603,-0.0906589,0.669588,0.134758,0.001327,0.573194,-0.162484,8.38161e-12,0.264546,0.156086,-1.22805e-11,0.198979,-0.131788,0.0276985
8.39,0.420763,0.00942926,0.229404,-0.00100588,-0.0538265,-0.0909081,0.669598,0.134759,0.00122171,0.573194,-0.162484,8.38161e-12,0.264546,0.156086,-1.22805e-11,0.199061,-0.131804,0.0279548
8.391,0.420675,0.00975201,0.22939,-0.000721665,-0.053491,-0.0911538,0.669607,0.13476,0.00112058,0.573194,-0.162484,8.38161e-12,0.264546,0.156086,-1.22805e-11,0.199143,-0.13182,0.0282114
8.392,0.420587,0.0100749,0.229376,-0.000444279,-0.0531538,-0.0913959,0.669615,0.134762,0.00102364,0.573194,-0.162484,8.38161e-12,0.264546,0.156086,-1.22805e-11,0.199226,-0.131836,0.0284682
8.393,0.420498,0.010398,0.229363,-0.000173936,-0.0528147,-0.0916343,0.669623,0.134763,0.000930918,0.573194,-0.162484,8.38161e-12,0.264546,0.156086,-1.22805e-11,0.19931,-0.131853,0.0287253
8.394,0.420411,0.0107213,0.229351,8.91529e-05,-0.052474,-0.0918689,0.669631,0.134764,0.000842437,0.573194,-0.162484,8.38161e-12,0.264546,0.156086,-1.22805e-11,0.199395,-0.13187,0.0289827
8.395,0.420323,0.0110447,0.229339,0.000344778,-0.0521315,-0.0920996,0.669638,0.134765,0.000758222,0.573194,-0.162484,8.38161e-12,0.264546,0.156086,-1.22805e-11,0.19948,-0.131886,0.0292402
8.396,0.420236,0.0113683,0.229329,0.000592728,-0.0517872,-0.0923262,0.669645,0.134766,0.000678297,0.573194,-0.162484,8.38161e-12,0.264546,0.156086,-1.22805e-11,0.199566,-0.131903,0.0294979
8.397,0.420149,0.011692,0.229319,0.000832794,-0.0514413,-0.0925487,0.669651,0.134767,0.000602687,0.573194,-0.162484,8.38161e-12,0.264546,0.156086,-1.22805e-11,0.199652,-0.13192,0.0297559
8.398,0.420062,0.012016,0.22931,0.00106476,-0.0510936,-0.0927669,0.669658,0.134768,0.000531417,0.573194,-0.162484,8.38161e-12,0.264546,0.156086,-1.22805e-11,0.19974,-0.131938,0.030014
8.399,0.419975,0.01234,0.229302,0.00128843,-0.0507442,-0.0929808,0.669663,0.134769,0.000464513,0.573194,-0.162484,8.38161e-12,0.264546,0.156086,-1.22805e-11,0.199828,-0.131955,0.0302723
8.4,0.419889,0.0126643,0.229295,0.00150358,-0.0503931,-0.0931902,0.669668,0.13477,0.000401998,0.573194,-0.162484,8.38161e-12,0.264546,0.156086,-1.22805e-11,0.199916,-0.131973,0.0305307
8.401,0.419803,0.0129887,0.229288,0.00171002,-0.0500402,-0.093395,0.669673,0.13477,0.000343897,0.573194,-0.162484,8.38161e-12,0.264546,0.156086,-1.22805e-11,0.200006,-0.13199,0.0307892
8.402,0.419718,0.0133133,0.229283,0.00190764,-0.0496857,-0.0935951,0.669678,0.134771,0.000290236,0.573194,-0.162484,8.38161e-12,0.264546,0.156086,-1.22805e-11,0.200096,-0.132008,0.0310479
8.403,0.419632,0.013638,0.229278,0.00209635,-0.0493295,-0.0937906,0.669682,0.134772,0.000241039,0.573194,-0.162484,8.38161e-12,0.264546,0.156086,-1.22805e-11,0.200187,-0.132026,0.0313067
8.404,0.419547,0.0139629,0.229274,0.00227605,-0.0489716,-0.0939814,0.669685,0.134772,0.000196331,0.573194,-0.162484,8.38161e-12,0.264546,0.156086,-1.22805e-11,0.200278,-0.132044,0.0315656
8.405,0.419462,0.0142879,0.22927,0.00244665,-0.048612,-0.0941674,0.669688,0.134773,0.000156138,0.573194,-0.162484,8.38161e-12,0.264546,0.156086,-1.22805e-11,0.200371,-0.132062,0.0318245
8.406,0.419378,0.0146131,0.229268,0.00260805,-0.0482508,-0.0943487,0.669691,0.134773,0.000120483,0.573194,-0.162484,8.38161e-12,0.264546,0.156086,-1.22805e-11,0.200464,-0.132081,0.0320835
8.407,0.419294,0.0149384,0.229266,0.00276017,-0.0478879,-0.0945251,0.669694,0.134774,8.93914e-05,0.573194,-0.162484,8.38161e-12,0.264546,0.156086,-1.22805e-11,0.200558,-0.132099,0.0323426
8.408,0.41921,0.0152638,0.229265,0.0029029,-0.0475233,-0.0946967,0.669696,0.134774,6.28886e-05,0.573194,-0.162484,8.38161e-12,0.264546,0.156086,-1.22805e-11,0.200652,-0.132118,0.0326017
8.409,0.419126,0.0155894,0.229265,0.00303615,-0.0471571,-0.0948634,0.669698,0.134774,4.09992e-05,0.573194,-0.162484,8.38161e-12,0.264546,0.156086,-1.22805e-11,0.200748,-0.132137,0.0328608
8.41,0.419043,0.0159151,0.229265,0.00315983,-0.0467892,-0.0950251,0.669699,0.134774,2.37479e-05,0.573194,-0.162484,8.38161e-12,0.264546,0.156086,-1.22805e-11,0.200844,-0.132156,0.0331199
8.411,0.418961,0.016241,0.229266,0.00327385,-0.0464196,-0.0951819,0.6697,0.134774,1.11596e-05,0.573194,-0.162484,8.38161e-12,0.264546,0.156086,-1.22805e-11,0.20094,-0.132175,0.0333791
8.412,0.418878,0.0165669,0.229268,0.00337811,-0.0460485,-0.0953336,0.6697,0.134775,3.2592e-06,0.573194,-0.162484,8.38161e-12,0.264546,0.156086,-1.22805e-11,0.201038,-0.132194,0.0336382
8.413,0.418796,0.016893,0.229271,0.00347252,-0.0456757,-0.0954803,0.669701,0.134775,7.15029e-08,0.573194,-0.162484,8.38161e-12,0.264546,0.156086,-1.22805e-11,0.201136,-0.132214,0.0338972
8.414,0.418714,0.0172192,0.229275,0.00355698,-0.0453012,-0.0956219,0.669701,0.134775,2.8454e-11,0.573194,-0.162484,8.38161e-12,0.264546,0.156086,-1.22805e-11,0.201235,-0.132233,0.0341562
8.415,0.418633,0.0175455,0.229279,0.0036314,-0.0449252,-0.0957584,0.669701,0.134775,2.8454e-11,0.573194,-0.162484,8.38161e-12,0.264546,0.156086,-1.22805e-11,0.201335,-0.132253,0.0344152
8.416,0.418552,0.017872,0.229284,0.00369568,-0.0445475,-0.0958897,0.669701,0.134775,2.8454e-11,0.573194,-0.162484,8.38161e-12,0.264546,0.156086,-1.22805e-11,0.201435,-0.132273,0.034674
8.417,0.418471,0.0181985,0.229289,0.00374974,-0.0441682,-0.0960158,0.669701,0.134775,2.8454e-11,0.573194,-0.162484,8.38161e-12,0.264546,0.156086,-1.22805e-11,0.201537,-0.132293,0.0349328
8.418,0.418391,0.0185251,0.229296,0.00379348,-0.0437873,-0.0961367,0.669701,0.134775,2.8454e-11,0.573194,-0.162484,8.38161e-12,0.264546,0.156086,-1.22805e-11,0.201639,-0.132313,0.0351915
8.419,0.418311,0.0188518,0.229303,0.0038268,-0.0434049,-0.0962523,0.669701,0.134775,2.8454e-11,0.573194,-0.162484,8.38161e-12,0.264546,0.156086,-1.22805e-11,0.201741,-0.132333,0.03545
8.42,0.418231,0.0191787,0.22931,0.00384961,-0.0430208,-0.0963625,0.669701,0.134775,2.8454e-11,0.573194,-0.162484,8.38161e-12,0.264546,0.156086,-1.22805e-11,0.201845,-0.132354,0.0357084
8.421,0.418152,0.0195056,0.229319,0.00386181,-0.0426351,-0.0964674,0.669701,0.134775,2.8454e-11,0.573194,-0.162484,8.38161e-12,0.264546,0.156086,-1.22805e-11,0.201949,-0.132374,0.0359667
8.422,0.418073,0.0198326,0.229328,0.00386333,-0.0422479,-0.0965669,0.669701,0.134775,2.8454e-11,0.573194,-0.162484,8.38161e-12,0.264546,0.156086,-1.22805e-11,0.202054,-0.132395,0.0362247
8.423,0.417995,0.0201597,0.229338,0.00385404,-0.0418591,-0.096661,0.669701,0.134775,2.8454e-11,0.573194,-0.162484,8.38161e-12,0.264546,0.156086,-1.22805e-11,0.20216,-0.132416,0.0364827
8.424,0.417917,0.0204869,0.229348,0.00383388,-0.0414687,-0.0967496,0.669701,0.134775,2.8454e-11,0.573194,-0.162484,8.38161e-12,0.264546,0.156086,-1.22805e-11,0.202267,-0.132437,0.0367404
8.425,0.417839,0.0208141,0.229359,0.00380273,-0.0410768,-0.0968327,0.669701,0.134775,2.8454e-11,0.573194,-0.162484,8.38161e-12,0.264546,0.156086,-1.22805e-11,0.202374,-0.132458,0.0369979
8.426,0.417762,0.0211414,0.229371,0.00376052,-0.0406833,-0.0969103,0.669701,0.134775,2.8454e-11,0.573194,-0.162484,8.38161e-12,0.264546,0.156086,-1.22805e-11,0.202482,-0.132479,0.0372552
8.427,0.417685,0.0214688,0.229384,0.00370713,-0.0402882,-0.0969822,0.669701,0.134775,2.8454e-11,0.573194,-0.162484,8.38161e-12,0.264546,0.156086,-1.22805e-11,0.202591,-0.132501,0.0375122
8.428,0.417609,0.0217963,0.229397,0.00364249,-0.0398917,-0.0970486,0.669701,0.134775,2.8454e-11,0.573194,-0.162484,8.38161e-12,0.264546,0.156086,-1.22805e-11,0.202701,-0.132523,0.037769
8.429,0.417533,0.0221238,0.22941,0.00356649,-0.0394935,-0.0971092,0.669701,0.134775,2.8454e-11,0.573194,-0.162484,8.38161e-12,0.264546,0.156086,-1.22805e-11,0.202812,-0.132544,0.0380256
8.43,0.417457,0.0224514,0.229425,0.00347904,-0.0390939,-0.0971642,0.669701,0.134775,2.8454e-11,0.573194,-0.162484,8.38161e-12,0.264546,0.156086,-1.22805e-11,0.202923,-0.132566,0.0382818
8.431,0.417382,0.022779,0.22944,0.00338006,-0.0386927,-0.0972135,0.669701,0.134775,2.8454e-11,0.573194,-0.162484,8.38161e-12,0.264546,0.156086,-1.22805e-11,0.203035,-0.132589,0.0385378
8.432,0.417308,0.0231067,0.229455,0.00326943,-0.03829,-0.0972569,0.669701,0.134775,2.8454e-11,0.573194,-0.162484,8.38161e-12,0.264546,0.156086,-1.22805e-11,0.203148,-0.132611,0.0387935
8.433,0.417234,0.0234344,0.229471,0.00314708,-0.0378858,-0.0972946,0.669701,0.134775,2.8454e-11,0.573194,-0.162484,8.38161e-12,0.264546,0.156086,-1.22805e-11,0.203262,-0.132633,0.0390488
8.434,0.41716,0.0237622,0.229488,0.0030129,-0.03748,-0.0973264,0.669701,0.134775,2.8454e-11,0.573194,-0.162484,8.38161e-12,0.264546,0.156086,-1.22805e-11,0.203376,-0.132656,0.0393038
8.435,0.417087,0.02409,0.229505,0.00286681,-0.0370728,-0.0973523,0.669701,0.134775,2.8454e-11,0.573194,-0.162484,8.38161e-12,0.264546,0.156086,-1.22805e-11,0.203492,-0.132679,0.0395584
8.436,0.417014,0.0244179,0.229523,0.0027087,-0.0366641,-0.0973722,0.669701,0.134775,2.8454e-11,0.573194,-0.162484,8.38161e-12,0.264546,0.156086,-1.22805e-11,0.203608,-0.132702,0.0398127
8.437,0.416942,0.0247458,0.229542,0.00253849,-0.0362539,-0.0973862,0.669701,0.134775,2.8454e-11,0.573194,-0.162484,8.38161e-12,0.264546,0.156086,-1.22805e-11,0.203725,-0.132725,0.0400667
8.438,0.41687,0.0250737,0.229561,0.00235608,-0.0358422,-0.0973942,0.669701,0.134775,2.8454e-11,0.573194,-0.162484,8.38161e-12,0.264546,0.156086,-1.22805e-11,0.203842,-0.132748,0.0403202
8.439,0.416799,0.0254017,0.229581,0.00216138,-0.035429,-0.0973962,0.669701,0.134775,2.8454e-11,0.573194,-0.162484,8.38161e-12,0.264546,0.156086,-1.22805e-11,0.203961,-0.132771,0.0405733
8.44,0.416728,0.0257296,0.229601,0.00195429,-0.0350143,-0.097392,0.669701,0.134775,2.8454e-11,0.573194,-0.162484,8.38161e-12,0.264546,0.156086,-1.22805e-11,0.20408,-0.132795,0.040826
8.441,0.416658,0.0260576,0.229622,0.00173472,-0.0345982,-0.0973818,0.669701,0.134775,2.8454e-11,0.573194,-0.162484,8.38161e-12,0.264546,0.156086,-1.22805e-11,0.2042,-0.132819,0.0410782
8.442,0.416588,0.0263856,0.229644,0.00150258,-0.0341806,-0.0973654,0.669701,0.134775,2.8454e-11,0.573194,-0.162484,8.38161e-12,0.264546,0.156086,-1.22805e-11,0.204321,-0.132843,0.0413301
8.443,0.416518,0.0267137,0.229666,0.00125776,-0.0337616,-0.0973428,0.669701,0.134775,2.8454e-11,0.573194,-0.162484,8.38161e-12,0.264546,0.156086,-1.22805e-11,0.204443,-0.132867,0.0415814
8.444,0.416449,0.0270417,0.229688,0.00100019,-0.0333411,-0.0973139,0.669701,0.134775,2.8454e-11,0.573194,-0.162484,8.38161e-12,0.264546,0.156086,-1.22805e-11,0.204566,-0.132891,0.0418323
8.445,0.416381,0.0273697,0.229711,0.00072976,-0.0329192,-0.0972788,0.669701,0.134775,2.8454e-11,0.573194,-0.162484,8.38161e-12,0.264546,0.156086,-1.22805e-11,0.204689,-0.132915,0.0420826
8.446,0.416313,0.0276978,0.229735,0.000446381,-0.0324958,-0.0972374,0.669701,0.134775,2.8454e-11,0.573194,-0.162484,8.38161e-12,0.264546,0.156086,-1.22805e-11,0.204814,-0.13294,0.0423325
8.447,0.416246,0.0280258,0.229759,0.000149957,-0.032071,-0.0971896,0.669701,0.134775,2.8454e-11,0.573194,-0.162484,8.38161e-12,0.264546,0.156086,-1.22805e-11,0.204939,-0.132965,0.0425819
8.448,0.416179,0.0283538,0.229784,-0.000159603,-0.0316448,-0.0971354,0.669701,0.134775,2.8454e-11,0.573194,-0.162484,8.38161e-12,0.264546,0.156086,-1.22805e-11,0.205065,-0.132989,0.0428307
8.449,0.416113,0.0286818,0.229809,-0.000482395,-0.0312171,-0.0970749,0.669701,0.134775,2.8454e-11,0.573194,-0.162484,8.38161e-12,0.264546,0.156086,-1.22805e-11,0.205192,-0.133014,0.043079
8.45,0.416047,0.0290099,0.229834,-0.000818513,-0.0307881,-0.0970078,0.669701,0.134775,2.8454e-11,0.573194,-0.162484,8.38161e-12,0.264546,0.156086,-1.22805e-11,0.205319,-0.13304,0.0433267
8.451,0.415982,0.0293378,0.229861,-0.00116805,-0.0303576,-0.0969342,0.669701,0.134775,2.8454e-11,0.573194,-0.162484,8.38161e-12,0.264546,0.156086,-1.22805e-11,0.205448,-0.133065,0.0435738
8.452,0.415918,0.0296658,0.229887,-0.0015311,-0.0299257,-0.0968541,0.669701,0.134775,2.8454e-11,0.573194,-0.162484,8.38161e-12,0.264546,0.156086,-1.22805e-11,0.205577,-0.133091,0.0438203
8.453,0.415854,0.0299938,0.229914,-0.00190775,-0.0294925,-0.0967675,0.669701,0.134775,2.8454e-11,0.573194,-0.162484,8.38161e-12,0.264546,0.156086,-1.22805e-11,0.205707,-0.133116,0.0440663
8.454,0.41579,0.0303217,0.229942,-0.00229811,-0.0290578,-0.0966742,0.669701,0.134775,2.8454e-11,0.573194,-0.162484,8.38161e-12,0.264546,0.156086,-1.22805e-11,0.205838,-0.133142,0.0443116
8.455,0.415727,0.0306496,0.22997,-0.00270226,-0.0286218,-0.0965742,0.669701,0.134775,2.8454e-11,0.573194,-0.162484,8.38161e-12,0.264546,0.156086,-1.22805e-11,0.20597,-0.133168,0.0445562
8.456,0.415665,0.0309774,0.229999,-0.0031203,-0.0281844,-0.0964676,0.669701,0.134775,2.8454e-11,0.573194,-0.162484,8.38161e-12,0.264546,0.156086,-1.22805e-11,0.206103,-0.133194,0.0448003
8.457,0.415603,0.0313053,0.230028,-0.00355232,-0.0277456,-0.0963542,0.669701,0.134775,2.8454e-11,0.573194,-0.162484,8.38161e-12,0.264546,0.156086,-1.22805e-11,0.206236,-0.133221,0.0450436
8.458,0.415542,0.031633,0.230057,-0.00399842,-0.0273054,-0.0962341,0.669701,0.134775,2.8454e-11,0.573194,-0.162484,8.38161e-12,0.264546,0.156086,-1.22805e-11,0.206371,-0.133247,0.0452863
8.459,0.415481,0.0319608,0.230087,-0.00445869,-0.0268639,-0.0961071,0.669701,0.134775,2.8454e-11,0.573194,-0.162484,8.38161e-12,0.264546,0.156086,-1.22805e-11,0.206506,-0.133274,0.0455283
8.46,0.415421,0.0322885,0.230118,-0.00493322,-0.026421,-0.0959733,0.669701,0.134775,2.8454e-11,0.573194,-0.162484,8.38161e-12,0.264546,0.156086,-1.22805e-11,0.206642,-0.133301,0.0457696
8.461,0.415362,0.0326161,0.230149,-0.00542211,-0.0259768,-0.0958326,0.669701,0.134775,2.8454e-11,0.573194,-0.162484,8.38161e-12,0.264546,0.156086,-1.22805e-11,0.206779,-0.133328,0.0460102
8.462,0.415303,0.0329437,0.23018,-0.00592545,-0.0255313,-0.095685,0.669701,0.134775,2.8454e-11,0.573194,-0.162484,8.38161e-12,0.264546,0.156086,-1.22805e-11,0.206917,-0.133355,0.04625
8.463,0.415245,0.0332712,0.230212,-0.00644333,-0.0250844,-0.0955305,0.669701,0.134775,2.8454e-11,0.573194,-0.162484,8.38161e-12,0.264546,0.156086,-1.22805e-11,0.207056,-0.133383,0.0464891
8.464,0.415187,0.0335987,0.230244,-0.00697586,-0.0246361,-0.0953689,0.669701,0.134775,2.8454e-11,0.573194,-0.162484,8.38161e-12,0.264546,0.156086,-1.22805e-11,0.207196,-0.13341,0.0467275
8.465,0.41513,0.033926,0.230276,-0.00752311,-0.0241866,-0.0952003,0.669701,0.134775,2.8454e-11,0.573194,-0.162484,8.38161e-12,0.264546,0.156086,-1.22805e-11,0.207336,-0.133438,0.046965
8.466,0.415074,0.0342534,0.230309,-0.0080852,-0.0237357,-0.0950246,0.669701,0.134775,2.8454e-11,0.573194,-0.162484,8.38161e-12,0.264546,0.156086,-1.22805e-11,0.207478,-0.133466,0.0472018
8.467,0.415018,0.0345806,0.230343,-0.0086622,-0.0232835,-0.0948418,0.669701,0.134775,2.8454e-11,0.573194,-0.162484,8.38161e-12,0.264546,0.156086,-1.22805e-11,0.20762,-0.133494,0.0474377
8.468,0.414963,0.0349078,0.230377,-0.00925422,-0.02283,-0.0946519,0.669701,0.134775,2.8454e-11,0.573194,-0.162484,8.38161e-12,0.264546,0.156086,-1.22805e-11,0.207763,-0.133522,0.0476729
8.469,0.414909,0.0352349,0.230411,-0.00986135,-0.0223753,-0.0944548,0.669701,0.134775,2.8454e-11,0.573194,-0.162484,8.38161e-12,0.264546,0.156086,-1.22805e-11,0.207907,-0.133551,0.0479072
8.47,0.414855,0.0355619,0.230445,-0.0104837,-0.0219192,-0.0942504,0.669701,0.134775,2.8454e-11,0.573194,-0.162484,8.38161e-12,0.264546,0.156086,-1.22805e-11,0.208052,-0.133579,0.0481406
8.471,0.414802,0.0358888,0.23048,-0.0111213,-0.0214618,-0.0940388,0.669701,0.134775,2.8454e-11,0.573194,-0.162484,8.38161e-12,0.264546,0.156086,-1.22805e-11,0.208198,-0.133608,0.0483732
8.472,0.414749,0.0362156,0.230516,-0.0117743,-0.0210031,-0.0938199,0.669701,0.134775,2.8454e-11,0.573194,-0.162484,8.38161e-12,0.264546,0.156086,-1.22805e-11,0.208345,-0.133637,0.048605
8.473,0.414697,0.0365423,0.230551,-0.0124428,-0.0205432,-0.0935936,0.669701,0.134775,2.8454e-11,0.573194,-0.162484,8.38161e-12,0.264546,0.156086,-1.22805e-11,0.208492,-0.133666,0.0488358
8.474,0.414646,0.036869,0.230587,-0.0131269,-0.020082,-0.0933599,0.669701,0.134775,2.8454e-11,0.573194,-0.162484,8.38161e-12,0.264546,0.156086,-1.22805e-11,0.208641,-0.133696,0.0490657
8.475,0.414595,0.0371955,0.230624,-0.0138266,-0.0196195,-0.0931189,0.669701,0.134775,2.8454e-11,0.573194,-0.162484,8.38161e-12,0.264546,0.156086,-1.22805e-11,0.20879,-0.133725,0.0492947
8.476,0.414545,0.0375219,0.230661,-0.0145422,-0.0191558,-0.0928703,0.669701,0.134775,2.8454e-11,0.573194,-0.162484,8.38161e-12,0.264546,0.156086,-1.22805e-11,0.208941,-0.133755,0.0495228
8.477,0.414496,0.0378482,0.230698,-0.0152735,-0.0186908,-0.0926143,0.669701,0.134775,2.8454e-11,0.573194,-0.162484,8.38161e-12,0.264546,0.156086,-1.22805e-11,0.209092,-0.133785,0.0497499
8.478,0.414448,0.0381744,0.230735,-0.0160209,-0.0182246,-0.0923508,0.669701,0.134775,2.8454e-11,0.573194,-0.162484,8.38161e-12,0.264546,0.156086,-1.22805e-11,0.209244,-0.133815,0.0499761
8.479,0.4144,0.0385005,0.230773,-0.0167842,-0.0177571,-0.0920796,0.669701,0.134775,2.8454e-11,0.573194,-0.162484,8.38161e-12,0.264546,0.156086,-1.22805e-11,0.209397,-0.133845,0.0502013
8.48,0.414353,0.0388265,0.230811,-0.0175638,-0.0172884,-0.0918009,0.669701,0.134775,2.8454e-11,0.573194,-0.162484,8.38161e-12,0.264546,0.156086,-1.22805e-11,0.209551,-0.133875,0.0504255
8.481,0.414306,0.0391523,0.230849,-0.0183595,-0.0168184,-0.0915145,0.669701,0.134775,2.8454e-11,0.573194,-0.162484,8.38161e-12,0.264546,0.156086,-1.22805e-11,0.209706,-0.133906,0.0506487
8.482,0.414261,0.039478,0.230888,-0.0191716,-0.0163473,-0.0912205,0.669701,0.134775,2.8454e-11,0.573194,-0.162484,8.38161e-12,0.264546,0.156086,-1.22805e-11,0.209862,-0.133937,0.0508709
8.483,0.414216,0.0398036,0.230927,-0.0200001,-0.0158749,-0.0909187,0.669701,0.134775,2.8454e-11,0.573194,-0.162484,8.38161e-12,0.264546,0.156086,-1.22805e-11,0.210019,-0.133968,0.051092
8.484,0.414171,0.0401291,0.230966,-0.0208451,-0.0154013,-0.0906091,0.669701,0.134775,2.8454e-11,0.573194,-0.162484,8.38161e-12,0.264546,0.156086,-1.22805e-11,0.210176,-0.133999,0.0513121
8.485,0.414128,0.0404544,0.231006,-0.0217067,-0.0149265,-0.0902918,0.669701,0.134775,2.8454e-11,0.573194,-0.162484,8.38161e-12,0.264546,0.156086,-1.22805e-11,0.210335,-0.13403,0.0515312
8.486,0.414085,0.0407795,0.231046,-0.0225851,-0.0144505,-0.0899666,0.669701,0.134775,2.8454e-11,0.573194,-0.162484,8.38161e-12,0.264546,0.156086,-1.22805e-11,0.210494,-0.134062,0.0517491
8.487,0.414043,0.0411046,0.231086,-0.0234802,-0.0139733,-0.0896335,0.669701,0.134775,2.8454e-11,0.573194,-0.162484,8.38161e-12,0.264546,0.156086,-1.22805e-11,0.210655,-0.134093,0.051966
8.488,0.414001,0.0414294,0.231126,-0.0243922,-0.0134949,-0.0892925,0.669701,0.134775,2.8454e-11,0.573194,-0.162484,8.38161e-12,0.264546,0.156086,-1.22805e-11,0.210816,-0.134125,0.0521818
8.489,0.413961,0.0417542,0.231167,-0.0253212,-0.0130153,-0.0889436,0.669701,0.134775,2.8454e-11,0.573194,-0.162484,8.38161e-12,0.264546,0.156086,-1.22805e-11,0.210978,-0.134157,0.0523965
8.49,0.413921,0.0420787,0.231208,-0.0262673,-0.0125346,-0.0885866,0.669701,0.134775,2.8454e-11,0.573194,-0.162484,8.38161e-12,0.264546,0.156086,-1.22805e-11,0.211142,-0.13419,0.05261
8.491,0.413882,0.0424031,0.231249,-0.0272306,-0.0120527,-0.0882217,0.669701,0.134775,2.8454e-11,0.573194,-0.162484,8.38161e-12,0.264546,0.156086,-1.22805e-11,0.211306,-0.134222,0.0528224
8.492,0.413843,0.0427274,0.231291,-0.0282111,-0.0115696,-0.0878487,0.669701,0.134775,2.8454e-11,0.573194,-0.162484,8.38161e-12,0.264546,0.156086,-1.22805e-11,0.211471,-0.134255,0.0530336
8.493,0.413806,0.0430514,0.231333,-0.029209,-0.0110853,-0.0874675,0.669701,0.134775,2.8454e-11,0.573194,-0.162484,8.38161e-12,0.264546,0.156086,-1.22805e-11,0.211637,-0.134287,0.0532436
8.494,0.413769,0.0433754,0.231375,-0.0302243,-0.0105999,-0.0870782,0.669701,0.134775,2.8454e-11,0.573194,-0.162484,8.38161e-12,0.264546,0.156086,-1.22805e-11,0.211804,-0.13432,0.0534525
8.495,0.413733,0.0436991,0.231417,-0.0312572,-0.0101134,-0.0866808,0.669701,0.134775,2.8454e-11,0.573194,-0.162484,8.38161e-12,0.264546,0.156086,-1.22805e-11,0.211972,-0.134354,0.0536601
8.496,0.413697,0.0440226,0.231459,-0.0323077,-0.00962572,-0.0862751,0.669701,0.134775,2.8454e-11,0.573194,-0.162484,8.38161e-12,0.264546,0.156086,-1.22805e-11,0.212141,-0.134387,0.0538666
8.497,0.413663,0.044346,0.231502,-0.033376,-0.0091369,-0.0858612,0.669701,0.134775,2.8454e-11,0.573194,-0.162484,8.38161e-12,0.264546,0.156086,-1.22805e-11,0.212311,-0.134421,0.0540718
8.498,0.413629,0.0446692,0.231545,-0.0344621,-0.00864695,-0.0854389,0.669701,0.134775,2.8454e-11,0.573194,-0.162484,8.38161e-12,0.264546,0.156086,-1.22805e-11,0.212482,-0.134454,0.0542757
8.499,0.413596,0.0449922,0.231588,-0.0355661,-0.00815588,-0.0850084,0.669701,0.134775,2.8454e-11,0.573194,-0.162484,8.38161e-12,0.264546,0.156086,-1.22805e-11,0.212654,-0.134488,0.0544784
8.5,0.413564,0.045315,0.231631,-0.0366882,-0.0076637,-0.0845694,0.669701,0.134775,2.8454e-11,0.573194,-0.162484,8.38161e-12,0.264546,0.156086,-1.22805e-11,0.212826,-0.134522,0.0546798
8.501,0.413533,0.0456376,0.231675,-0.0378283,-0.0071704,-0.0841221,0.669701,0.134775,2.8454e-11,0.573194,-0.162484,8.38161e-12,0.264546,0.156086,-1.22805e-11,0.213,-0.134557,0.05488
8.502,0.413502,0.04596,0.231718,-0.0389863,-0.00667603,-0.0836665,0.669701,0.134775,2.8454e-11,0.573194,-0.162484,8.38161e-12,0.264546,0.156086,-1.22805e-11,0.213175,-0.134591,0.0550788
8.503,0.413472,0.0462822,0.231762,-0.040162,-0.00618061,-0.0832027,0.669701,0.134775,2.8454e-11,0.573194,-0.162484,8.38161e-12,0.264546,0.156086,-1.22805e-11,0.213351,-0.134626,0.0552763
8.504,0.413443,0.0466042,0.231806,-0.0413551,-0.00568417,-0.0827309,0.669701,0.134775,2.8454e-11,0.573194,-0.162484,8.38161e-12,0.264546,0.156086,-1.22805e-11,0.213527,-0.134661,0.0554725
8.505,0.413415,0.046926,0.23185,-0.0425656,-0.00518675,-0.0822513,0.669701,0.134775,2.8454e-11,0.573194,-0.162484,8.38161e-12,0.264546,0.156086,-1.22805e-11,0.213705,-0.134696,0.0556673
8.506,0.413388,0.0472476,0.231895,-0.0437931,-0.00468837,-0.0817638,0.669701,0.134775,2.8454e-11,0.573194,-0.162484,8.38161e-12,0.264546,0.156086,-1.22805e-11,0.213884,-0.134731,0.0558608
8.507,0.413362,0.047569,0.231939,-0.0450375,-0.00418907,-0.0812688,0.669701,0.134775,2.8454e-11,0.573194,-0.162484,8.38161e-12,0.264546,0.156086,-1.22805e-11,0.214063,-0.134767,0.0560529
8.508,0.413336,0.0478901,0.231984,-0.0462985,-0.00368888,-0.0807662,0.669701,0.134775,2.8454e-11,0.573194,-0.162484,8.38161e-12,0.264546,0.156086,-1.22805e-11,0.214244,-0.134802,0.0562436
8.509,0.413311,0.048211,0.232029,-0.0475759,-0.00318784,-0.0802562,0.669701,0.134775,2.8454e-11,0.573194,-0.162484,8.38161e-12,0.264546,0.156086,-1.22805e-11,0.214425,-0.134838,0.056433
8.51,0.413287,0.0485317,0.232074,-0.0488696,-0.00268596,-0.079739,0.669701,0.134775,2.8454e-11,0.573194,-0.162484,8.38161e-12,0.264546,0.156086,-1.22805e-11,0.214608,-0.134874,0.0566208
8.511,0.413264,0.0488521,0.232119,-0.0501792,-0.0021833,-0.0792147,0.669701,0.134775,2.8454e-11,0.573194,-0.162484,8.38161e-12,0.264546,0.156086,-1.22805e-11,0.214791,-0.13491,0.0568073
8.512,0.413241,0.0491723,0.232164,-0.0515047,-0.00167986,-0.0786834,0.669701,0.134775,2.8454e-11,0.573194,-0.162484,8.38161e-12,0.264546,0.156086,-1.22805e-11,0.214976,-0.134947,0.0569923
8.513,0.413219,0.0494923,0.232209,-0.0528458,-0.0011757,-0.0781453,0.669701,0.134775,2.8454e-11,0.573194,-0.162484,8.38161e-12,0.264546,0.156086,-1.22805e-11,0.215162,-0.134984,0.0571759
8.514,0.413199,0.049812,0.232255,-0.0542022,-0.000670838,-0.0776004,0.669701,0.134775,2.8454e-11,0.573194,-0.162484,8.38161e-12,0.264546,0.156086,-1.22805e-11,0.215348,-0.13502,0.057358
8.515,0.413179,0.0501315,0.2323,-0.0555738,-0.000165307,-0.0770489,0.669701,0.134775,2.8454e-11,0.573194,-0.162484,8.38161e-12,0.264546,0.156086,-1.22805e-11,0.215536,-0.135057,0.0575386
8.516,0.413159,0.0504507,0.232346,-0.0569604,0.00034086,-0.0764909,0.669701,0.134775,2.8454e-11,0.573194,-0.162484,8.38161e-12,0.264546,0.156086,-1.22805e-11,0.215724,-0.135095,0.0577177
8.517,0.413141,0.0507697,0.232392,-0.0583617,0.000847633,-0.0759267,0.669701,0.134775,2.8454e-11,0.573194,-0.162484,8.38161e-12,0.264546,0.156086,-1.22805e-11,0.215914,-0.135132,0.0578953
8.518,0.413123,0.0510884,0.232438,-0.0597776,0.00135498,-0.0753562,0.669701,0.134775,2.8454e-11,0.573194,-0.162484,8.38161e-12,0.264546,0.156086,-1.22805e-11,0.216104,-0.13517,0.0580713
8.519,0.413107,0.0514069,0.232483,-0.0612078,0.00186287,-0.0747796,0.669701,0.134775,2.8454e-11,0.573194,-0.162484,8.38161e-12,0.264546,0.156086,-1.22805e-11,0.216296,-0.135208,0.0582458
8.52,0.413091,0.051725,0.232529,-0.0626521,0.00237127,-0.0741971,0.669701,0.134775,2.8454e-11,0.573194,-0.162484,8.38161e-12,0.264546,0.156086,-1.22805e-11,0.216488,-0.135246,0.0584188
8.521,0.413076,0.0520429,0.232576,-0.0641103,0.00288014,-0.0736087,0.669701,0.134775,2.8454e-11,0.573194,-0.162484,8.38161e-12,0.264546,0.156086,-1.22805e-11,0.216682,-0.135284,0.0585902
8.522,0.413061,0.0523606,0.232622,-0.0655822,0.00338946,-0.0730147,0.669701,0.134775,2.8454e-11,0.573194,-0.162484,8.38161e-12,0.264546,0.156086,-1.22805e-11,0.216877,-0.135322,0.05876
8.523,0.413048,0.0526779,0.232668,-0.0670676,0.0038992,-0.0724151,0.669701,0.134775,2.8454e-11,0.573194,-0.162484,8.38161e-12,0.264546,0.156086,-1.22805e-11,0.217072,-0.135361,0.0589282
8.524,0.413035,0.052995,0.232714,-0.0685663,0.00440932,-0.0718101,0.669701,0.134775,2.8454e-11,0.573194,-0.162484,8.38161e-12,0.264546,0.156086,-1.22805e-11,0.217269,-0.1354,0.0590947
8.525,0.413024,0.0533118,0.23276,-0.0700781,0.0049198,-0.0711997,0.669701,0.134775,2.8454e-11,0.573194,-0.162484,8.38161e-12,0.264546,0.156086,-1.22805e-11,0.217467,-0.135439,0.0592597
8.526,0.413013,0.0536282,0.232807,-0.0716027,0.00543059,-0.0705842,0.669701,0.134775,2.8454e-11,0.573194,-0.162484,8.38161e-12,0.264546,0.156086,-1.22805e-11,0.217665,-0.135478,0.059423
8.527,0.413002,0.0539444,0.232853,-0.07314,0.00594167,-0.0699637,0.669701,0.134775,2.8454e-11,0.573194,-0.162484,8.38161e-12,0.264546,0.156086,-1.22805e-11,0.217865,-0.135518,0.0595846
8.528,0.412993,0.0542603,0.2329,-0.0746897,0.00645301,-0.0693382,0.669701,0.134775,2.8454e-11,0.573194,-0.162484,8.38161e-12,0.264546,0.156086,-1.22805e-11,0.218066,-0.135557,0.0597446
8.529,0.412985,0.0545759,0.232946,-0.0762517,0.00696457,-0.068708,0.669701,0.134775,2.8454e-11,0.573194,-0.162484,8.38161e-12,0.264546,0.156086,-1.22805e-11,0.218268,-0.135597,0.0599029
8.53,0.412977,0.0548912,0.232992,-0.0778257,0.00747633,-0.0680731,0.669701,0.134775,2.8454e-11,0.573194,-0.162484,8.38161e-12,0.264546,0.156086,-1.22805e-11,0.218471,-0.135637,0.0600595
8.531,0.41297,0.0552062,0.233039,-0.0794114,0.00798825,-0.0674337,0.669701,0.134775,2.8454e-11,0.573194,-0.162484,8.38161e-12,0.264546,0.156086,-1.22805e-11,0.218675,-0.135677,0.0602143
8.532,0.412964,0.0555209,0.233085,-0.0810088,0.0085003,-0.0667899,0.669701,0.134775,2.8454e-11,0.573194,-0.162484,8.38161e-12,0.264546,0.156086,-1.22805e-11,0.218879,-0.135718,0.0603675
8.533,0.412959,0.0558352,0.233132,-0.0826176,0.00901245,-0.0661418,0.669701,0.134775,2.8454e-11,0.573194,-0.162484,8.38161e-12,0.264546,0.156086,-1.22805e-11,0.219085,-0.135759,0.0605189
8.534,0.412955,0.0561492,0.233178,-0.0842375,0.00952466,-0.0654896,0.669701,0.134775,2.8454e-11,0.573194,-0.162484,8.38161e-12,0.264546,0.156086,-1.22805e-11,0.219292,-0.135799,0.0606685
8.535,0.412951,0.0564629,0.233225,-0.0858684,0.0100369,-0.0648333,0.669701,0.134775,2.8454e-11,0.573194,-0.162484,8.38161e-12,0.264546,0.156086,-1.22805e-11,0.219501,-0.135841,0.0608164
8.536,0.412948,0.0567763,0.233271,-0.0875101,0.0105492,-0.0641732,0.669701,0.134775,2.8454e-11,0.573194,-0.162484,8.38161e-12,0.264546,0.156086,-1.22805e-11,0.21971,-0.135882,0.0609624
8.537,0.412947,0.0570894,0.233317,-0.0891624,0.0110614,-0.0635094,0.669701,0.134775,2.8454e-11,0.573194,-0.162484,8.38161e-12,0.264546,0.156086,-1.22805e-11,0.21992,-0.135923,0.0611067
8.538,0.412946,0.0574021,0.233364,-0.0908249,0.0115736,-0.0628419,0.669701,0.134775,2.8454e-11,0.573194,-0.162484,8.38161e-12,0.264546,0.156086,-1.22805e-11,0.220131,-0.135965,0.0612492
8.539,0.412945,0.0577144,0.23341,-0.0924976,0.0120856,-0.062171,0.669701,0.134775,2.8454e-11,0.573194,-0.162484,8.38161e-12,0.264546,0.156086,-1.22805e-11,0.220344,-0.136007,0.0613898
8.54,0.412946,0.0580265,0.233456,-0.0941802,0.0125976,-0.0614967,0.669701,0.134775,2.8454e-11,0.573194,-0.162484,8.38161e-12,0.264546,0.156086,-1.22805e-11,0.220557,-0.136049,0.0615286
8.541,0.412948,0.0583381,0.233503,-0.0958726,0.0131094,-0.0608191,0.669701,0.134775,2.8454e-11,0.573194,-0.162484,8.38161e-12,0.264546,0.156086,-1.22805e-11,0.220771,-0.136091,0.0616655
8.542,0.41295,0.0586495,0.233549,-0.0975744,0.013621,-0.0601385,0.669701,0.134775,2.8454e-11,0.573194,-0.162484,8.38161e-12,0.264546,0.156086,-1.22805e-11,0.220987,-0.136134,0.0618006
8.543,0.412953,0.0589604,0.233595,-0.0992855,0.0141324,-0.0594549,0.669701,0.134775,2.8454e-11,0.573194,-0.162484,8.38161e-12,0.264546,0.156086,-1.22805e-11,0.221203,-0.136177,0.0619338
8.544,0.412957,0.059271,0.233641,-0.101006,0.0146435,-0.0587685,0.669701,0.134775,2.8454e-11,0.573194,-0.162484,8.38161e-12,0.264546,0.156086,-1.22805e-11,0.221421,-0.13622,0.062065
8.545,0.412962,0.0595813,0.233687,-0.102735,0.0151544,-0.0580793,0.669701,0.134775,2.8454e-11,0.573194,-0.162484,8.38161e-12,0.264546,0.156086,-1.22805e-11,0.22164,-0.136263,0.0621944
8.546,0.412968,0.0598912,0.233733,-0.104472,0.0156649,-0.0573876,0.669701,0.134775,2.8454e-11,0.573194,-0.162484,8.38161e-12,0.264546,0.156086,-1.22805e-11,0.22186,-0.136306,0.0623218
8.547,0.412974,0.0602007,0.233778,-0.106219,0.0161751,-0.0566934,0.669701,0.134775,2.8454e-11,0.573194,-0.162484,8.38161e-12,0.264546,0.156086,-1.22805e-11,0.222081,-0.13635,0.0624473
8.548,0.412982,0.0605098,0.233824,-0.107973,0.016685,-0.0559969,0.669701,0.134775,2.8454e-11,0.573194,-0.162484,8.38161e-12,0.264546,0.156086,-1.22805e-11,0.222303,-0.136394,0.0625709
8.549,0.41299,0.0608186,0.23387,-0.109735,0.0171944,-0.0552981,0.669701,0.134775,2.8454e-11,0.573194,-0.162484,8.38161e-12,0.264546,0.156086,-1.22805e-11,0.222526,-0.136438,0.0626924
8.55,0.412999,0.061127,0.233915,-0.111506,0.0177034,-0.0545974,0.669701,0.134775,2.8454e-11,0.573194,-0.162484,8.38161e-12,0.264546,0.156086,-1.22805e-11,0.22275,-0.136482,0.062812
8.551,0.413009,0.0614349,0.23396,-0.113284,0.0182119,-0.0538947,0.669701,0.134775,2.8454e-11,0.573194,-0.162484,8.38161e-12,0.264546,0.156086,-1.22805e-11,0.222975,-0.136527,0.0629296
8.552,0.41302,0.0617425,0.234006,-0.115069,0.0187199,-0.0531902,0.669701,0.134775,2.8454e-11,0.573194,-0.162484,8.38161e-12,0.264546,0.156086,-1.22805e-11,0.223201,-0.136571,0.0630451
8.553,0.413032,0.0620498,0.234051,-0.116861,0.0192273,-0.052484,0.669701,0.134775,2.8454e-11,0.573194,-0.162484,8.38161e-12,0.264546,0.156086,-1.22805e-11,0.223429,-0.136616,0.0631587
8.554,0.413044,0.0623566,0.234096,-0.118661,0.0197343,-0.0517763,0.669701,0.134775,2.8454e-11,0.573194,-0.162484,8.38161e-12,0.264546,0.156086,-1.22805e-11,0.223657,-0.136661,0.0632702
8.555,0.413057,0.062663,0.234141,-0.120467,0.0202406,-0.0510671,0.669701,0.134775,2.8454e-11,0.573194,-0.162484,8.38161e-12,0.264546,0.156086,-1.22805e-11,0.223887,-0.136707,0.0633796
8.556,0.413072,0.062969,0.234185,-0.12228,0.0207462,-0.0503567,0.669701,0.134775,2.8454e-11,0.573194,-0.162484,8.38161e-12,0.264546,0.156086,-1.22805e-11,0.224118,-0.136752,0.063487
8.557,0.413087,0.0632746,0.23423,-0.124099,0.0212513,-0.0496451,0.669701,0.134775,2.8454e-11,0.573194,-0.162484,8.38161e-12,0.264546,0.156086,-1.22805e-11,0.22435,-0.136798,0.0635922
8.558,0.413103,0.0635798,0.234274,-0.125924,0.0217556,-0.0489325,0.669701,0.134775,2.8454e-11,0.573194,-0.162484,8.38161e-12,0.264546,0.156086,-1.22805e-11,0.224583,-0.136844,0.0636954
8.559,0.413119,0.0638845,0.234318,-0.127755,0.0222592,-0.048219,0.669701,0.134775,2.8454e-11,0.573194,-0.162484,8.38161e-12,0.264546,0.156086,-1.22805e-11,0.224817,-0.13689,0.0637965
8.56,0.413137,0.0641889,0.234362,-0.129592,0.022762,-0.0475048,0.669701,0.134775,2.8454e-11,0.573194,-0.162484,8.38161e-12,0.264546,0.156086,-1.22805e-11,0.225052,-0.136937,0.0638954
8.561,0.413156,0.0644928,0.234406,-0.131435,0.0232641,-0.0467899,0.669701,0.134775,2.8454e-11,0.573194,-0.162484,8.38161e-12,0.264546,0.156086,-1.22805e-11,0.225288,-0.136984,0.0639922
8.562,0.413175,0.0647963,0.23445,-0.133282,0.0237653,-0.0460744,0.669701,0.134775,2.8454e-11,0.573194,-0.162484,8.38161e-12,0.264546,0.156086,-1.22805e-11,0.225526,-0.13703,0.0640869
8.563,0.413195,0.0650994,0.234493,-0.135135,0.0242657,-0.0453586,0.669701,0.134775,2.8454e-11,0.573194,-0.162484,8.38161e-12,0.264546,0.156086,-1.22805e-11,0.225764,-0.137078,0.0641793
8.564,0.413216,0.065402,0.234537,-0.136993,0.0247652,-0.0446426,0.669701,0.134775,2.8454e-11,0.573194,-0.162484,8.38161e-12,0.264546,0.156086,-1.22805e-11,0.226004,-0.137125,0.0642696
8.565,0.413238,0.0657042,0.23458,-0.138855,0.0252638,-0.0439264,0.669701,0.134775,2.8454e-11,0.573194,-0.162484,8.38161e-12,0.264546,0.156086,-1.22805e-11,0.226244,-0.137172,0.0643577
8.566,0.413261,0.066006,0.234623,-0.140722,0.0257614,-0.0432103,0.669701,0.134775,2.8454e-11,0.573194,-0.162484,8.38161e-12,0.264546,0.156086,-1.22805e-11,0.226486,-0.13722,0.0644436
8.567,0.413285,0.0663073,0.234665,-0.142593,0.0262581,-0.0424943,0.669701,0.134775,2.8454e-11,0.573194,-0.162484,8.38161e-12,0.264546,0.156086,-1.22805e-11,0.226729,-0.137268,0.0645272
8.568,0.413309,0.0666081,0.234708,-0.144468,0.0267537,-0.0417785,0.669701,0.134775,2.8454e-11,0.573194,-0.162484,8.38161e-12,0.264546,0.156086,-1.22805e-11,0.226974,-0.137316,0.0646086
8.569,0.413334,0.0669085,0.23475,-0.146347,0.0272483,-0.0410632,0.669701,0.134775,2.8454e-11,0.573194,-0.162484,8.38161e-12,0.264546,0.156086,-1.22805e-11,0.227219,-0.137365,0.0646878
8.57,0.413361,0.0672085,0.234792,-0.148229,0.0277419,-0.0403484,0.669701,0.134775,2.8454e-11,0.573194,-0.162484,8.38161e-12,0.264546,0.156086,-1.22805e-11,0.227465,-0.137414,0.0647647
8.571,0.413388,0.067508,0.234834,-0.150115,0.0282343,-0.0396342,0.669701,0.134775,2.8454e-11,0.573194,-0.162484,8.38161e-12,0.264546,0.156086,-1.22805e-11,0.227713,-0.137462,0.0648393
8.572,0.413416,0.067807,0.234876,-0.152004,0.0287256,-0.0389209,0.669701,0.134775,2.8454e-11,0.573194,-0.162484,8.38161e-12,0.264546,0.156086,-1.22805e-11,0.227962,-0.137512,0.0649116
8.573,0.413445,0.0681055,0.234917,-0.153897,0.0292158,-0.0382084,0.669701,0.134775,2.8454e-11,0.573194,-0.162484,8.38161e-12,0.264546,0.156086,-1.22805e-11,0.228212,-0.137561,0.0649815
8.574,0.413474,0.0684036,0.234958,-0.155791,0.0297047,-0.037497,0.669701,0.134775,2.8454e-11,0.573194,-0.162484,8.38161e-12,0.264546,0.156086,-1.22805e-11,0.228463,-0.137611,0.0650492
8.575,0.413505,0.0687012,0.234999,-0.157689,0.0301924,-0.0367868,0.669701,0.134775,2.8454e-11,0.573194,-0.162484,8.38161e-12,0.264546,0.156086,-1.22805e-11,0.228715,-0.13766,0.0651145
8.576,0.413536,0.0689983,0.235039,-0.159589,0.0306788,-0.0360778,0.669701,0.134775,2.8454e-11,0.573194,-0.162484,8.38161e-12,0.264546,0.156086,-1.22805e-11,0.228968,-0.13771,0.0651775
8.577,0.413569,0.069295,0.235079,-0.161491,0.031164,-0.0353704,0.669701,0.134775,2.8454e-11,0.573194,-0.162484,8.38161e-12,0.264546,0.156086,-1.22805e-11,0.229223,-0.137761,0.0652381
8.578,0.413602,0.0695911,0.235119,-0.163395,0.0316478,-0.0346644,0.669701,0.134775,2.8454e-11,0.573194,-0.162484,8.38161e-12,0.264546,0.156086,-1.22805e-11,0.229478,-0.137811,0.0652963
8.579,0.413636,0.0698868,0.235159,-0.1653,0.0321303,-0.0339602,0.669701,0.134775,2.8454e-11,0.573194,-0.162484,8.38161e-12,0.264546,0.156086,-1.22805e-11,0.229735,-0.137862,0.0653521
8.58,0.413671,0.0701819,0.235198,-0.167207,0.0326113,-0.0332578,0.669701,0.134775,2.8454e-11,0.573194,-0.162484,8.38161e-12,0.264546,0.156086,-1.22805e-11,0.229993,-0.137913,0.0654055
8.581,0.413707,0.0704766,0.235237,-0.169116,0.033091,-0.0325573,0.669701,0.134775,2.8454e-11,0.573194,-0.162484,8.38161e-12,0.264546,0.156086,-1.22805e-11,0.230252,-0.137964,0.0654565
8.582,0.413744,0.0707707,0.235276,-0.171025,0.0335692,-0.031859,0.669701,0.134775,2.8454e-11,0.573194,-0.162484,8.38161e-12,0.264546,0.156086,-1.22805e-11,0.230513,-0.138015,0.065505
8.583,0.413781,0.0710644,0.235315,-0.172936,0.0340459,-0.0311628,0.669701,0.134775,2.8454e-11,0.573194,-0.162484,8.38161e-12,0.264546,0.156086,-1.22805e-11,0.230774,-0.138067,0.0655511
8.584,0.41382,0.0713575,0.235353,-0.174847,0.0345211,-0.030469,0.669701,0.134775,2.8454e-11,0.573194,-0.162484,8.38161e-12,0.264546,0.156086,-1.22805e-11,0.231037,-0.138119,0.0655947
8.585,0.413859,0.0716502,0.23539,-0.176759,0.0349947,-0.0297777,0.669701,0.134775,2.8454e-11,0.573194,-0.162484,8.38161e-12,0.264546,0.156086,-1.22805e-11,0.2313,-0.138171,0.0656358
8.586,0.413899,0.0719423,0.235428,-0.17867,0.0354668,-0.0290889,0.669701,0.134775,2.8454e-11,0.573194,-0.162484,8.38161e-12,0.264546,0.156086,-1.22805e-11,0.231565,-0.138223,0.0656744
8.587,0.41394,0.0722338,0.235465,-0.180582,0.0359373,-0.0284029,0.669701,0.134775,2.8454e-11,0.573194,-0.162484,8.38161e-12,0.264546,0.156086,-1.22805e-11,0.231832,-0.138276,0.0657105
8.588,0.413982,0.0725249,0.235502,-0.182494,0.0364061,-0.0277198,0.669701,0.134775,2.8454e-11,0.573194,-0.162484,8.38161e-12,0.264546,0.156086,-1.22805e-11,0.232099,-0.138329,0.0657441
8.589,0.414025,0.0728154,0.235538,-0.184405,0.0368732,-0.0270396,0.669701,0.134775,2.8454e-11,0.573194,-0.162484,8.38161e-12,0.264546,0.156086,-1.22805e-11,0.232368,-0.138382,0.0657752
8.59,0.414069,0.0731054,0.235574,-0.186316,0.0373387,-0.0263626,0.669701,0.134775,2.8454e-11,0.573194,-0.162484,8.38161e-12,0.264546,0.156086,-1.22805e-11,0.232637,-0.138435,0.0658037
8.591,0.414114,0.0733949,0.23561,-0.188226,0.0378024,-0.0256888,0.669701,0.134775,2.8454e-11,0.573194,-0.162484,8.38161e-12,0.264546,0.156086,-1.22805e-11,0.232908,-0.138489,0.0658296
8.592,0.414159,0.0736838,0.235646,-0.190135,0.0382643,-0.0250184,0.669701,0.134775,2.8454e-11,0.573194,-0.162484,8.38161e-12,0.264546,0.156086,-1.22805e-11,0.23318,-0.138542,0.0658529
8.593,0.414206,0.0739722,0.235681,-0.192043,0.0387244,-0.0243515,0.669701,0.134775,2.8454e-11,0.573194,-0.162484,8.38161e-12,0.264546,0.156086,-1.22805e-11,0.233454,-0.138596,0.0658737
8.594,0.414253,0.07426,0.235715,-0.193949,0.0391827,-0.0236882,0.669701,0.134775,2.8454e-11,0.573194,-0.162484,8.38161e-12,0.264546,0.156086,-1.22805e-11,0.233728,-0.13865,0.0658918
8.595,0.414301,0.0745472,0.235749,-0.195854,0.0396392,-0.0230287,0.669701,0.134775,2.8454e-11,0.573194,-0.162484,8.38161e-12,0.264546,0.156086,-1.22805e-11,0.234004,-0.138705,0.0659073
8.596,0.41435,0.074834,0.235783,-0.197757,0.0400937,-0.0223731,0.669701,0.134775,2.8454e-11,0.573194,-0.162484,8.38161e-12,0.264546,0.156086,-1.22805e-11,0.234281,-0.13876,0.0659202
8.597,0.4144,0.0751201,0.235817,-0.199657,0.0405463,-0.0217215,0.669701,0.134775,2.8454e-11,0.573194,-0.162484,8.38161e-12,0.264546,0.156086,-1.22805e-11,0.234559,-0.138815,0.0659304
8.598,0.414451,0.0754057,0.23585,-0.201556,0.040997,-0.0210741,0.669701,0.134775,2.8454e-11,0.573194,-0.162484,8.38161e-12,0.264546,0.156086,-1.22805e-11,0.234838,-0.13887,0.0659379
8.599,0.414503,0.0756907,0.235882,-0.203452,0.0414456,-0.020431,0.669701,0.134775,2.8454e-11,0.573194,-0.162484,8.38161e-12,0.264546,0.156086,-1.22805e-11,0.235119,-0.138925,0.0659428
8.6,0.414555,0.0759752,0.235915,-0.205345,0.0418923,-0.0197923,0.669701,0.134775,2.8454e-11,0.573194,-0.162484,8.38161e-12,0.264546,0.156086,-1.22805e-11,0.235401,-0.138981,0.065945
8.601,0.414609,0.076259,0.235946,-0.207236,0.0423368,-0.0191581,0.669701,0.134775,2.8454e-11,0.573194,-0.162484,8.38161e-12,0.264546,0.156086,-1.22805e-11,0.235683,-0.139037,0.0659444
8.602,0.414663,0.0765423,0.235978,-0.209123,0.0427793,-0.0185285,0.669701,0.134775,2.8454e-11,0.573194,-0.162484,8.38161e-12,0.264546,0.156086,-1.22805e-11,0.235964,-0.139092,0.0659412
8.603,0.414719,0.076825,0.236009,-0.211008,0.0432196,-0.0179036,0.669701,0.134775,2.8454e-11,0.573194,-0.162484,8.38161e-12,0.264546,0.156086,-1.22805e-11,0.236244,-0.139147,0.0659352
8.604,0.414775,0.0771072,0.236039,-0.212889,0.0436577,-0.0172835,0.669701,0.134775,2.8454e-11,0.573194,-0.162484,8.38161e-12,0.264546,0.156086,-1.22805e-11,0.236523,-0.139202,0.0659266
8.605,0.414832,0.0773887,0.236069,-0.214766,0.0440935,-0.0166681,0.669701,0.134775,2.8454e-11,0.573194,-0.162484,8.38161e-12,0.264546,0.156086,-1.22805e-11,0.236801,-0.139257,0.0659153
8.606,0.41489,0.0776696,0.236099,-0.21664,0.044527,-0.0160577,0.669701,0.134775,2.8454e-11,0.573194,-0.162484,8.38161e-12,0.264546,0.156086,-1.22805e-11,0.237077,-0.139312,0.0659014
8.607,0.414949,0.07795,0.236128,-0.21851,0.0449581,-0.0154522,0.669701,0.134775,2.8454e-11,0.573194,-0.162484,8.38161e-12,0.264546,0.156086,-1.22805e-11,0.237353,-0.139366,0.0658848
8.608,0.415008,0.0782297,0.236157,-0.220376,0.0453867,-0.0148517,0.669701,0.134775,2.8454e-11,0.573194,-0.162484,8.38161e-12,0.264546,0.156086,-1.22805e-11,0.237627,-0.13942,0.0658657
8.609,0.415069,0.0785088,0.236185,-0.222238,0.0458128,-0.0142563,0.669701,0.134775,2.8454e-11,0.573194,-0.162484,8.38161e-12,0.264546,0.156086,-1.22805e-11,0.237899,-0.139474,0.0658439
8.61,0.41513,0.0787874,0.236213,-0.224095,0.0462364,-0.013666,0.669701,0.134775,2.8454e-11,0.573194,-0.162484,8.38161e-12,0.264546,0.156086,-1.22805e-11,0.238171,-0.139528,0.0658195
8.611,0.415192,0.0790653,0.236241,-0.225949,0.0466574,-0.0130809,0.669701,0.134775,2.8454e-11,0.573194,-0.162484,8.38161e-12,0.264546,0.156086,-1.22805e-11,0.238442,-0.139581,0.0657925
8.612,0.415256,0.0793426,0.236268,-0.227797,0.0470757,-0.0125011,0.669701,0.134775,2.8454e-11,0.573194,-0.162484,8.38161e-12,0.264546,0.156086,-1.22805e-11,0.238711,-0.139635,0.065763
8.613,0.415319,0.0796192,0.236294,-0.229642,0.0474913,-0.0119267,0.669701,0.134775,2.8454e-11,0.573194,-0.162484,8.38161e-12,0.264546,0.156086,-1.22805e-11,0.238979,-0.139687,0.0657309
8.614,0.415384,0.0798953,0.236321,-0.231481,0.0479041,-0.0113577,0.669701,0.134775,2.8454e-11,0.573194,-0.162484,8.38161e-12,0.264546,0.156086,-1.22805e-11,0.239246,-0.13974,0.0656963
8.615,0.41545,0.0801707,0.236346,-0.233315,0.048314,-0.0107941,0.669701,0.134775,2.8454e-11,0.573194,-0.162484,8.38161e-12,0.264546,0.156086,-1.22805e-11,0.239512,-0.139793,0.0656592
8.616,0.415516,0.0804455,0.236372,-0.235144,0.0487211,-0.0102361,0.669701,0.134775,2.8454e-11,0.573194,-0.162484,8.38161e-12,0.264546,0.156086,-1.22805e-11,0.239776,-0.139845,0.0656196
8.617,0.415584,0.0807196,0.236397,-0.236968,0.0491252,-0.00968375,0.669701,0.134775,2.8454e-11,0.573194,-0.162484,8.38161e-12,0.264546,0.156086,-1.22805e-11,0.240039,-0.139897,0.0655775
8.618,0.415652,0.0809931,0.236421,-0.238786,0.0495263,-0.00913704,0.669701,0.134775,2.8454e-11,0.573194,-0.162484,8.38161e-12,0.264546,0.156086,-1.22805e-11,0.240302,-0.139949,0.0655329
8.619,0.41572,0.081266,0.236445,-0.240599,0.0499243,-0.00859608,0.669701,0.134775,2.8454e-11,0.573194,-0.162484,8.38161e-12,0.264546,0.156086,-1.22805e-11,0.240563,-0.14,0.0654858
8.62,0.41579,0.0815382,0.236469,-0.242406,0.0503193,-0.00806093,0.669701,0.134775,2.8454e-11,0.573194,-0.162484,8.38161e-12,0.264546,0.156086,-1.22805e-11,0.240822,-0.140052,0.0654363
8.621,0.415861,0.0818098,0.236492,-0.244207,0.050711,-0.00753167,0.669701,0.134775,2.8454e-11,0.573194,-0.162484,8.38161e-12,0.264546,0.156086,-1.22805e-11,0.241081,-0.140103,0.0653844
8.622,0.415932,0.0820807,0.236514,-0.246002,0.0510996,-0.00700834,0.669701,0.134775,2.8454e-11,0.573194,-0.162484,8.38161e-12,0.264546,0.156086,-1.22805e-11,0.241339,-0.140154,0.06533
8.623,0.416004,0.082351,0.236537,-0.247791,0.0514848,-0.00649104,0.669701,0.134775,2.8454e-11,0.573194,-0.162484,8.38161e-12,0.264546,0.156086,-1.22805e-11,0.241595,-0.140204,0.0652732
8.624,0.416077,0.0826206,0.236558,-0.249573,0.0518667,-0.00597981,0.669701,0.134775,2.8454e-11,0.573194,-0.162484,8.38161e-12,0.264546,0.156086,-1.22805e-11,0.24185,-0.140255,0.0652141
8.625,0.416151,0.0828895,0.23658,-0.251349,0.0522453,-0.00547473,0.669701,0.134775,2.8454e-11,0.573194,-0.162484,8.38161e-12,0.264546,0.156086,-1.22805e-11,0.242104,-0.140305,0.0651525
8.626,0.416225,0.0831578,0.236601,-0.253119,0.0526203,-0.00497586,0.669701,0.134775,2.8454e-11,0.573194,-0.162484,8.38161e-12,0.264546,0.156086,-1.22805e-11,0.242357,-0.140355,0.0650886
8.627,0.4163,0.0834254,0.236621,-0.254881,0.0529919,-0.00448327,0.669701,0.134775,2.8454e-11,0.573194,-0.162484,8.38161e-12,0.264546,0.156086,-1.22805e-11,0.242609,-0.140404,0.0650223
8.628,0.416376,0.0836923,0.236641,-0.256637,0.0533599,-0.00399703,0.669701,0.134775,2.8454e-11,0.573194,-0.162484,8.38161e-12,0.264546,0.156086,-1.22805e-11,0.242859,-0.140454,0.0649537
8.629,0.416453,0.0839585,0.23666,-0.258386,0.0537242,-0.0035172,0.669701,0.134775,2.8454e-11,0.573194,-0.162484,8.38161e-12,0.264546,0.156086,-1.22805e-11,0.243109,-0.140503,0.0648828
8.63,0.416531,0.084224,0.23668,-0.260127,0.0540849,-0.00304386,0.669701,0.134775,2.8454e-11,0.573194,-0.162484,8.38161e-12,0.264546,0.156086,-1.22805e-11,0.243357,-0.140552,0.0648096
8.631,0.416609,0.0844889,0.236698,-0.261861,0.0544419,-0.00257706,0.669701,0.134775,2.8454e-11,0.573194,-0.162484,8.38161e-12,0.264546,0.156086,-1.22805e-11,0.243604,-0.140601,0.0647341
8.632,0.416688,0.0847531,0.236716,-0.263587,0.0547951,-0.00211687,0.669701,0.134775,2.8454e-11,0.573194,-0.162484,8.38161e-12,0.264546,0.156086,-1.22805e-11,0.24385,-0.14065,0.0646563
8.633,0.416768,0.0850165,0.236734,-0.265306,0.0551444,-0.00166337,0.669701,0.134775,2.8454e-11,0.573194,-0.162484,8.38161e-12,0.264546,0.156086,-1.22805e-11,0.244095,-0.140698,0.0645763
8.634,0.416849,0.0852793,0.236751,-0.267016,0.0554899,-0.00121661,0.669701,0.134775,2.8454e-11,0.573194,-0.162484,8.38161e-12,0.264546,0.156086,-1.22805e-11,0.244339,-0.140746,0.0644939
8.635,0.41693,0.0855414,0.236768,-0.268719,0.0558313,-0.000776671,0.669701,0.134775,2.8454e-11,0.573194,-0.162484,8.38161e-12,0.264546,0.156086,-1.22805e-11,0.244581,-0.140794,0.0644094
8.636,0.417012,0.0858027,0.236784,-0.270414,0.0561688,-0.00034361,0.669701,0.134775,2.8454e-11,0.573194,-0.162484,8.38161e-12,0.264546,0.156086,-1.22805e-11,0.244823,-0.140842,0.0643226
8.637,0.417095,0.0860634,0.2368,-0.2721,0.0565022,8.25038e-05,0.669701,0.134775,2.8454e-11,0.573194,-0.162484,8.38161e-12,0.264546,0.156086,-1.22805e-11,0.245063,-0.140889,0.0642337
8.638,0.417178,0.0863233,0.236816,-0.273778,0.0568315,0.000501603,0.669701,0.134775,2.8454e-11,0.573194,-0.162484,8.38161e-12,0.264546,0.156086,-1.22805e-11,0.245302,-0.140936,0.0641425
8.639,0.417263,0.0865825,0.236831,-0.275448,0.0571566,0.000913621,0.669701,0.134775,2.8454e-11,0.573194,-0.162484,8.38161e-12,0.264546,0.156086,-1.22805e-11,0.24554,-0.140983,0.0640492
8.64,0.417348,0.086841,0.236845,-0.277108,0.0574775,0.00131849,0.669701,0.134775,2.8454e-11,0.573194,-0.162484,8.38161e-12,0.264546,0.156086,-1.22805e-11,0.245777,-0.14103,0.0639537
8.641,0.417434,0.0870988,0.236859,-0.27876,0.0577941,0.00171615,0.669701,0.134775,2.8454e-11,0.573194,-0.162484,8.38161e-12,0.264546,0.156086,-1.22805e-11,0.246013,-0.141077,0.063856
8.642,0.41752,0.0873558,0.236873,-0.280402,0.0581063,0.00210652,0.669701,0.134775,2.8454e-11,0.573194,-0.162484,8.38161e-12,0.264546,0.156086,-1.22805e-11,0.246248,-0.141123,0.0637562
8.643,0.417607,0.0876121,0.236886,-0.282036,0.0584142,0.00248954,0.669701,0.134775,2.8454e-11,0.573194,-0.162484,8.38161e-12,0.264546,0.156086,-1.22805e-11,0.246482,-0.141169,0.0636543
8.644,0.417695,0.0878677,0.236898,-0.28366,0.0587175,0.00286515,0.669701,0.134775,2.8454e-11,0.573194,-0.162484,8.38161e-12,0.264546,0.156086,-1.22805e-11,0.246714,-0.141215,0.0635503
8.645,0.417784,0.0881225,0.236911,-0.285274,0.0590164,0.00323328,0.669701,0.134775,2.8454e-11,0.573194,-0.162484,8.38161e-12,0.264546,0.156086,-1.22805e-11,0.246946,-0.141261,0.0634441
8.646,0.417873,0.0883766,0.236922,-0.286879,0.0593107,0.00359386,0.669701,0.134775,2.8454e-11,0.573194,-0.162484,8.38161e-12,0.264546,0.156086,-1.22805e-11,0.247176,-0.141306,0.0633359
8.647,0.417963,0.08863,0.236934,-0.288475,0.0596004,0.00394683,0.669701,0.134775,2.8454e-11,0.573194,-0.162484,8.38161e-12,0.264546,0.156086,-1.22805e-11,0.247405,-0.141352,0.0632257
8.648,0.418053,0.0888825,0.236944,-0.29006,0.0598854,0.00429211,0.669701,0.134775,2.8454e-11,0.573194,-0.162484,8.38161e-12,0.264546,0.156086,-1.22805e-11,0.247633,-0.141397,0.0631134
8.649,0.418145,0.0891344,0.236955,-0.291635,0.0601656,0.00462965,0.669701,0.134775,2.8454e-11,0.573194,-0.162484,8.38161e-12,0.264546,0.156086,-1.22805e-11,0.24786,-0.141441,0.062999
8.65,0.418237,0.0893854,0.236964,-0.2932,0.0604411,0.00495936,0.669701,0.134775,2.8454e-11,0.573194,-0.162484,8.38161e-12,0.264546,0.156086,-1.22805e-11,0.248086,-0.141486,0.0628826
8.651,0.418329,0.0896357,0.236974,-0.294754,0.0607117,0.0052812,0.669701,0.134775,2.8454e-11,0.573194,-0.162484,8.38161e-12,0.264546,0.156086,-1.22805e-11,0.248311,-0.141531,0.0627643
8.652,0.418423,0.0898853,0.236983,-0.296298,0.0609774,0.00559509,0.669701,0.134775,2.8454e-11,0.573194,-0.162484,8.38161e-12,0.264546,0.156086,-1.22805e-11,0.248535,-0.141575,0.0626439
8.653,0.418517,0.090134,0.236991,-0.297831,0.0612381,0.00590096,0.669701,0.134775,2.8454e-11,0.573194,-0.162484,8.38161e-12,0.264546,0.156086,-1.22805e-11,0.248757,-0.141619,0.0625215
8.654,0.418612,0.090382,0.236999,-0.299354,0.0614938,0.00619875,0.669701,0.134775,2.8454e-11,0.573194,-0.162484,8.38161e-12,0.264546,0.156086,-1.22805e-11,0.248979,-0.141662,0.0623972
8.655,0.418707,0.0906292,0.237006,-0.300865,0.0617445,0.00648839,0.669701,0.134775,2.8454e-11,0.573194,-0.162484,8.38161e-12,0.264546,0.156086,-1.22805e-11,0.249199,-0.141706,0.0622709
8.656,0.418803,0.0908757,0.237013,-0.302365,0.06199,0.00676981,0.669701,0.134775,2.8454e-11,0.573194,-0.162484,8.38161e-12,0.264546,0.156086,-1.22805e-11,0.249419,-0.141749,0.0621427
8.657,0.4189,0.0911213,0.23702,-0.303854,0.0622304,0.00704295,0.669701,0.134775,2.8454e-11,0.573194,-0.162484,8.38161e-12,0.264546,0.156086,-1.22805e-11,0.249637,-0.141792,0.0620126
8.658,0.418997,0.0913662,0.237026,-0.305331,0.0624655,0.00730775,0.669701,0.134775,2.8454e-11,0.573194,-0.162484,8.38161e-12,0.264546,0.156086,-1.22805e-11,0.249854,-0.141835,0.0618806
8.659,0.419095,0.0916102,0.237031,-0.306797,0.0626953,0.00756412,0.669701,0.134775,2.8454e-11,0.573194,-0.162484,8.38161e-12,0.264546,0.156086,-1.22805e-11,0.25007,-0.141878,0.0617466
8.66,0.419193,0.0918535,0.237036,-0.308251,0.0629197,0.00781201,0.669701,0.134775,2.8454e-11,0.573194,-0.162484,8.38161e-12,0.264546,0.156086,-1.22805e-11,0.250285,-0.14192,0.0616108
8.661,0.419293,0.0920959,0.237041,-0.309694,0.0631388,0.00805136,0.669701,0.134775,2.8454e-11,0.573194,-0.162484,8.38161e-12,0.264546,0.156086,-1.22805e-11,0.250499,-0.141963,0.0614731
8.662,0.419392,0.0923376,0.237045,-0.311124,0.0633524,0.00828208,0.669701,0.134775,2.8454e-11,0.573194,-0.162484,8.38161e-12,0.264546,0.156086,-1.22805e-11,0.250712,-0.142005,0.0613336
8.663,0.419493,0.0925784,0.237048,-0.312542,0.0635604,0.00850413,0.669701,0.134775,2.8454e-11,0.573194,-0.162484,8.38161e-12,0.264546,0.156086,-1.22805e-11,0.250924,-0.142047,0.0611922
8.664,0.419594,0.0928185,0.237051,-0.313947,0.0637629,0.00871742,0.669701,0.134775,2.8454e-11,0.573194,-0.162484,8.38161e-12,0.264546,0.156086,-1.22805e-11,0.251135,-0.142088,0.061049
8.665,0.419696,0.0930577,0.237054,-0.31534,0.0639598,0.0089219,0.669701,0.134775,2.8454e-11,0.573194,-0.162484,8.38161e-12,0.264546,0.156086,-1.22805e-11,0.251345,-0.14213,0.060904
8.666,0.419798,0.0932961,0.237056,-0.316721,0.0641509,0.00911749,0.669701,0.134775,2.8454e-11,0.573194,-0.162484,8.38161e-12,0.264546,0.156086,-1.22805e-11,0.251554,-0.142171,0.0607573
8.667,0.419901,0.0935337,0.237057,-0.318089,0.0643364,0.00930413,0.669701,0.134775,2.8454e-11,0.573194,-0.162484,8.38161e-12,0.264546,0.156086,-1.22805e-11,0.251761,-0.142212,0.0606087
8.668,0.420004,0.0937704,0.237058,-0.319443,0.064516,0.00948176,0.669701,0.134775,2.8454e-11,0.573194,-0.162484,8.38161e-12,0.264546,0.156086,-1.22805e-11,0.251968,-0.142253,0.0604583
8.669,0.420109,0.0940063,0.237059,-0.320785,0.0646898,0.0096503,0.669701,0.134775,2.8454e-11,0.573194,-0.162484,8.38161e-12,0.264546,0.156086,-1.22805e-11,0.252173,-0.142293,0.0603062
8.67,0.420213,0.0942414,0.237059,-0.322113,0.0648576,0.00980969,0.669701,0.134775,2.8454e-11,0.573194,-0.162484,8.38161e-12,0.264546,0.156086,-1.22805e-11,0.252378,-0.142334,0.0601524
8.671,0.420319,0.0944757,0.237059,-0.323428,0.0650195,0.00995987,0.669701,0.134775,2.8454e-11,0.573194,-0.162484,8.38161e-12,0.264546,0.156086,-1.22805e-11,0.252581,-0.142374,0.0599968
8.672,0.420425,0.0947091,0.237058,-0.32473,0.0651754,0.0101008,0.669701,0.134775,2.8454e-11,0.573194,-0.162484,8.38161e-12,0.264546,0.156086,-1.22805e-11,0.252784,-0.142414,0.0598396
8.673,0.420531,0.0949416,0.237057,-0.326017,0.0653252,0.0102323,0.669701,0.134775,2.8454e-11,0.573194,-0.162484,8.38161e-12,0.264546,0.156086,-1.22805e-11,0.252985,-0.142454,0.0596806
8.674,0.420638,0.0951733,0.237055,-0.327291,0.0654688,0.0103544,0.669701,0.134775,2.8454e-11,0.573194,-0.162484,8.38161e-12,0.264546,0.156086,-1.22805e-11,0.253186,-0.142493,0.05952
8.675,0.420746,0.0954042,0.237052,-0.328551,0.0656063,0.0104671,0.669701,0.134775,2.8454e-11,0.573194,-0.162484,8.38161e-12,0.264546,0.156086,-1.22805e-11,0.253385,-0.142533,0.0593577
8.676,0.420854,0.0956342,0.237049,-0.329797,0.0657375,0.0105701,0.669701,0.134775,2.8454e-11,0.573194,-0.162484,8.38161e-12,0.264546,0.156086,-1.22805e-11,0.253583,-0.142572,0.0591937
8.677,0.420963,0.0958633,0.237046,-0.331028,0.0658624,0.0106636,0.669701,0.134775,2.8454e-11,0.573194,-0.162484,8.38161e-12,0.264546,0.156086,-1.22805e-11,0.253781,-0.142611,0.0590281
8.678,0.421072,0.0960916,0.237042,-0.332245,0.065981,0.0107474,0.669701,0.134775,2.8454e-11,0.573194,-0.162484,8.38161e-12,0.264546,0.156086,-1.22805e-11,0.253977,-0.14265,0.0588609
8.679,0.421182,0.096319,0.237038,-0.333448,0.0660931,0.0108214,0.669701,0.134775,2.8454e-11,0.573194,-0.162484,8.38161e-12,0.264546,0.156086,-1.22805e-11,0.254172,-0.142688,0.058692
8.68,0.421292,0.0965455,0.237033,-0.334635,0.0661988,0.0108857,0.669701,0.134775,2.8454e-11,0.573194,-0.162484,8.38161e-12,0.264546,0.156086,-1.22805e-11,0.254366,-0.142726,0.0585216
8.681,0.421403,0.0967711,0.237027,-0.335808,0.0662979,0.01094,0.669701,0.134775,2.8454e-11,0.573194,-0.162484,8.38161e-12,0.264546,0.156086,-1.22805e-11,0.25456,-0.142765,0.0583496
8.682,0.421515,0.0969959,0.237021,-0.336966,0.0663905,0.0109844,0.669701,0.134775,2.8454e-11,0.573194,-0.162484,8.38161e-12,0.264546,0.156086,-1.22805e-11,0.254752,-0.142803,0.058176
8.683,0.421627,0.0972198,0.237015,-0.338108,0.0664764,0.0110187,0.669701,0.134775,2.8454e-11,0.573194,-0.162484,8.38161e-12,0.264546,0.156086,-1.22805e-11,0.254943,-0.14284,0.0580009
8.684,0.421739,0.0974428,0.237008,-0.339235,0.0665557,0.011043,0.669701,0.134775,2.8454e-11,0.573194,-0.162484,8.38161e-12,0.264546,0.156086,-1.22805e-11,0.255133,-0.142878,0.0578242
8.685,0.421852,0.0976649,0.237001,-0.340347,0.0666282,0.0110571,0.669701,0.134775,2.8454e-11,0.573194,-0.162484,8.38161e-12,0.264546,0.156086,-1.22805e-11,0.255322,-0.142915,0.057646
8.686,0.421966,0.0978861,0.236993,-0.341443,0.0666938,0.011061,0.669701,0.134775,2.8454e-11,0.573194,-0.162484,8.38161e-12,0.264546,0.156086,-1.22805e-11,0.25551,-0.142952,0.0574663
8.687,0.42208,0.0981064,0.236984,-0.342523,0.0667527,0.0110547,0.669701,0.134775,2.8454e-11,0.573194,-0.162484,8.38161e-12,0.264546,0.156086,-1.22805e-11,0.255697,-0.142989,0.0572851
8.688,0.422195,0.0983258,0.236975,-0.343587,0.0668046,0.0110379,0.669701,0.134775,2.8454e-11,0.573194,-0.162484,8.38161e-12,0.264546,0.156086,-1.22805e-11,0.255884,-0.143026,0.0571024
8.689,0.42231,0.0985443,0.236966,-0.344635,0.0668495,0.0110108,0.669701,0.134775,2.8454e-11,0.573194,-0.162484,8.38161e-12,0.264546,0.156086,-1.22805e-11,0.256069,-0.143063,0.0569183
8.69,0.422426,0.0987619,0.236956,-0.345667,0.0668874,0.0109731,0.669701,0.134775,2.8454e-11,0.573194,-0.162484,8.38161e-12,0.264546,0.156086,-1.22805e-11,0.256253,-0.143099,0.0567327
8.691,0.422542,0.0989786,0.236945,-0.346683,0.0669182,0.010925,0.669701,0.134775,2.8454e-11,0.573194,-0.162484,8.38161e-12,0.264546,0.156086,-1.22805e-11,0.256436,-0.143135,0.0565456
8.692,0.422659,0.0991944,0.236934,-0.347682,0.0669419,0.0108662,0.669701,0.134775,2.8454e-11,0.573194,-0.162484,8.38161e-12,0.264546,0.156086,-1.22805e-11,0.256618,-0.143171,0.0563572
8.693,0.422776,0.0994092,0.236923,-0.348664,0.0669584,0.0107967,0.669701,0.134775,2.8454e-11,0.573194,-0.162484,8.38161e-12,0.264546,0.156086,-1.22805e-11,0.256799,-0.143207,0.0561673
8.694,0.422893,0.0996231,0.23691,-0.349629,0.0669676,0.0107164,0.669701,0.134775,2.8454e-11,0.573194,-0.162484,8.38161e-12,0.264546,0.156086,-1.22805e-11,0.25698,-0.143243,0.055976
8.695,0.423012,0.0998361,0.236898,-0.350578,0.0669695,0.0106254,0.669701,0.134775,2.8454e-11,0.573194,-0.162484,8.38161e-12,0.264546,0.156086,-1.22805e-11,0.257159,-0.143278,0.0557834
8.696,0.42313,0.100048,0.236885,-0.351509,0.066964,0.0105234,0.669701,0.134775,2.8454e-11,0.573194,-0.162484,8.38161e-12,0.264546,0.156086,-1.22805e-11,0.257337,-0.143313,0.0555893
8.697,0.423249,0.100259,0.236871,-0.352423,0.0669512,0.0104105,0.669701,0.134775,2.8454e-11,0.573194,-0.162484,8.38161e-12,0.264546,0.156086,-1.22805e-11,0.257514,-0.143348,0.0553939
8.698,0.423369,0.100469,0.236857,-0.353319,0.0669308,0.0102866,0.669701,0.134775,2.8454e-11,0.573194,-0.162484,8.38161e-12,0.264546,0.156086,-1.22805e-11,0.257691,-0.143383,0.0551972
8.699,0.423489,0.100679,0.236842,-0.354198,0.066903,0.0101516,0.669701,0.134775,2.8454e-11,0.573194,-0.162484,8.38161e-12,0.264546,0.156086,-1.22805e-11,0.257866,-0.143418,0.0549992
8.7,0.423609,0.100887,0.236827,-0.355059,0.0668675,0.0100054,0.669701,0.134775,2.8454e-11,0.573194,-0.162484,8.38161e-12,0.264546,0.156086,-1.22805e-11,0.25804,-0.143452,0.0547998
8.701,0.42373,0.101094,0.236811,-0.355902,0.0668244,0.00984808,0.669701,0.134775,2.8454e-11,0.573194,-0.162484,8.38161e-12,0.264546,0.156086,-1.22805e-11,0.258214,-0.143486,0.0545992
8.702,0.423852,0.101301,0.236795,-0.356728,0.0667737,0.00967964,0.669701,0.134775,2.8454e-11,0.573194,-0.162484,8.38161e-12,0.264546,0.156086,-1.22805e-11,0.258386,-0.14352,0.0543972
8.703,0.423974,0.101506,0.236778,-0.357536,0.0667155,0.00950026,0.669701,0.134775,2.8454e-11,0.573194,-0.162484,8.38161e-12,0.264546,0.156086,-1.22805e-11,0.258557,-0.143554,0.054194
8.704,0.424096,0.101711,0.236761,-0.358326,0.0666499,0.00931005,0.669701,0.134775,2.8454e-11,0.573194,-0.162484,8.38161e-12,0.264546,0.156086,-1.22805e-11,0.258728,-0.143588,0.0539896
8.705,0.424219,0.101914,0.236743,-0.359099,0.0665768,0.00910915,0.669701,0.134775,2.8454e-11,0.573194,-0.162484,8.38161e-12,0.264546,0.156086,-1.22805e-11,0.258897,-0.143621,0.0537839
8.706,0.424342,0.102117,0.236725,-0.359855,0.0664964,0.0088977,0.669701,0.134775,2.8454e-11,0.573194,-0.162484,8.38161e-12,0.264546,0.156086,-1.22805e-11,0.259066,-0.143655,0.053577
8.707,0.424465,0.102318,0.236706,-0.360594,0.0664088,0.00867582,0.669701,0.134775,2.8454e-11,0.573194,-0.162484,8.38161e-12,0.264546,0.156086,-1.22805e-11,0.259234,-0.143688,0.0533688
8.708,0.424589,0.102519,0.236687,-0.361316,0.0663139,0.00844365,0.669701,0.134775,2.8454e-11,0.573194,-0.162484,8.38161e-12,0.264546,0.156086,-1.22805e-11,0.2594,-0.143721,0.0531595
8.709,0.424714,0.102719,0.236667,-0.362022,0.0662119,0.00820132,0.669701,0.134775,2.8454e-11,0.573194,-0.162484,8.38161e-12,0.264546,0.156086,-1.22805e-11,0.259566,-0.143753,0.052949
8.71,0.424839,0.102917,0.236647,-0.362711,0.0661028,0.00794897,0.669701,0.134775,2.8454e-11,0.573194,-0.162484,8.38161e-12,0.264546,0.156086,-1.22805e-11,0.259731,-0.143786,0.0527373
8.711,0.424964,0.103115,0.236626,-0.363383,0.0659866,0.00768672,0.669701,0.134775,2.8454e-11,0.573194,-0.162484,8.38161e-12,0.264546,0.156086,-1.22805e-11,0.259894,-0.143818,0.0525244
8.712,0.425089,0.103312,0.236605,-0.364039,0.0658635,0.00741471,0.669701,0.134775,2.8454e-11,0.573194,-0.162484,8.38161e-12,0.264546,0.156086,-1.22805e-11,0.260057,-0.14385,0.0523105
8.713,0.425215,0.103508,0.236583,-0.364679,0.0657334,0.00713308,0.669701,0.134775,2.8454e-11,0.573194,-0.162484,8.38161e-12,0.264546,0.156086,-1.22805e-11,0.260219,-0.143882,0.0520954
8.714,0.425341,0.103702,0.236561,-0.365303,0.0655966,0.00684195,0.669701,0.134775,2.8454e-11,0.573194,-0.162484,8.38161e-12,0.264546,0.156086,-1.22805e-11,0.26038,-0.143914,0.0518791
8.715,0.425468,0.103896,0.236539,-0.365912,0.0654529,0.00654146,0.669701,0.134775,2.8454e-11,0.573194,-0.162484,8.38161e-12,0.264546,0.156086,-1.22805e-11,0.26054,-0.143946,0.0516618
8.716,0.425595,0.104089,0.236516,-0.366504,0.0653025,0.00623173,0.669701,0.134775,2.8454e-11,0.573194,-0.162484,8.38161e-12,0.264546,0.156086,-1.22805e-11,0.2607,-0.143977,0.0514434
8.717,0.425722,0.104281,0.236492,-0.367081,0.0651455,0.00591291,0.669701,0.134775,2.8454e-11,0.573194,-0.162484,8.38161e-12,0.264546,0.156086,-1.22805e-11,0.260858,-0.144009,0.051224
8.718,0.42585,0.104472,0.236468,-0.367643,0.0649818,0.00558513,0.669701,0.134775,2.8454e-11,0.573194,-0.162484,8.38161e-12,0.264546,0.156086,-1.22805e-11,0.261015,-0.14404,0.0510034
8.719,0.425978,0.104662,0.236444,-0.36819,0.0648117,0.00524851,0.669701,0.134775,2.8454e-11,0.573194,-0.162484,8.38161e-12,0.264546,0.156086,-1.22805e-11,0.261171,-0.14407,0.0507819
8.72,0.426106,0.104851,0.236419,-0.368721,0.064635,0.0049032,0.669701,0.134775,2.8454e-11,0.573194,-0.162484,8.38161e-12,0.264546,0.156086,-1.22805e-11,0.261327,-0.144101,0.0505593
8.721,0.426234,0.105039,0.236394,-0.369238,0.0644519,0.00454932,0.669701,0.134775,2.8454e-11,0.573194,-0.162484,8.38161e-12,0.264546,0.156086,-1.22805e-11,0.261481,-0.144132,0.0503357
8.722,0.426363,0.105226,0.236369,-0.369739,0.0642625,0.004187,0.669701,0.134775,2.8454e-11,0.573194,-0.162484,8.38161e-12,0.264546,0.156086,-1.22805e-11,0.261635,-0.144162,0.0501111
8.723,0.426492,0.105412,0.236343,-0.370227,0.0640667,0.00381638,0.669701,0.134775,2.8454e-11,0.573194,-0.162484,8.38161e-12,0.264546,0.156086,-1.22805e-11,0.261788,-0.144192,0.0498855
8.724,0.426622,0.105597,0.236317,-0.370699,0.0638648,0.00343759,0.669701,0.134775,2.8454e-11,0.573194,-0.162484,8.38161e-12,0.264546,0.156086,-1.22805e-11,0.261939,-0.144222,0.0496589
8.725,0.426752,0.105781,0.23629,-0.371158,0.0636567,0.00305077,0.669701,0.134775,2.8454e-11,0.573194,-0.162484,8.38161e-12,0.264546,0.156086,-1.22805e-11,0.26209,-0.144252,0.0494314
8.726,0.426881,0.105964,0.236263,-0.371602,0.0634424,0.00265605,0.669701,0.134775,2.8454e-11,0.573194,-0.162484,8.38161e-12,0.264546,0.156086,-1.22805e-11,0.26224,-0.144282,0.049203
8.727,0.427012,0.106146,0.236236,-0.372032,0.0632221,0.00225355,0.669701,0.134775,2.8454e-11,0.573194,-0.162484,8.38161e-12,0.264546,0.156086,-1.22805e-11,0.262389,-0.144311,0.0489736
8.728,0.427142,0.106327,0.236208,-0.372448,0.0629958,0.00184341,0.669701,0.134775,2.8454e-11,0.573194,-0.162484,8.38161e-12,0.264546,0.156086,-1.22805e-11,0.262538,-0.14434,0.0487433
8.729,0.427273,0.106507,0.23618,-0.372851,0.0627636,0.00142577,0.669701,0.134775,2.8454e-11,0.573194,-0.162484,8.38161e-12,0.264546,0.156086,-1.22805e-11,0.262685,-0.144369,0.0485121
8.73,0.427404,0.106686,0.236151,-0.37324,0.0625256,0.00100076,0.669701,0.134775,2.8454e-11,0.573194,-0.162484,8.38161e-12,0.264546,0.156086,-1.22805e-11,0.262831,-0.144398,0.04828
8.731,0.427535,0.106864,0.236122,-0.373615,0.0622817,0.000568507,0.669701,0.134775,2.8454e-11,0.573194,-0.162484,8.38161e-12,0.264546,0.156086,-1.22805e-11,0.262977,-0.144427,0.0480471
8.732,0.427666,0.107041,0.236093,-0.373977,0.0620321,0.000129146,0.669701,0.134775,2.8454e-11,0.573194,-0.162484,8.38161e-12,0.264546,0.156086,-1.22805e-11,0.263121,-0.144456,0.0478133
8.733,0.427798,0.107218,0.236063,-0.374327,0.0617768,-0.000317191,0.669701,0.134775,2.8454e-11,0.573194,-0.162484,8.38161e-12,0.264546,0.156086,-1.22805e-11,0.263265,-0.144484,0.0475786
8.734,0.42793,0.107393,0.236033,-0.374663,0.0615159,-0.000770369,0.669701,0.134775,2.8454e-11,0.573194,-0.162484,8.38161e-12,0.264546,0.156086,-1.22805e-11,0.263408,-0.144512,0.0473432
8.735,0.428062,0.107567,0.236003,-0.374986,0.0612494,-0.00123026,0.669701,0.134775,2.8454e-11,0.573194,-0.162484,8.38161e-12,0.264546,0.156086,-1.22805e-11,0.26355,-0.14454,0.0471069
8.736,0.428194,0.10774,0.235973,-0.375297,0.0609775,-0.00169672,0.669701,0.134775,2.8454e-11,0.573194,-0.162484,8.38161e-12,0.264546,0.156086,-1.22805e-11,0.263691,-0.144568,0.0468698
8.737,0.428326,0.107912,0.235942,-0.375595,0.0607001,-0.00216963,0.669701,0.134775,2.8454e-11,0.573194,-0.162484,8.38161e-12,0.264546,0.156086,-1.22805e-11,0.263831,-0.144596,0.0466319
8.738,0.428459,0.108083,0.235911,-0.37588,0.0604173,-0.00264885,0.669701,0.134775,2.8454e-11,0.573194,-0.162484,8.38161e-12,0.264546,0.156086,-1.22805e-11,0.26397,-0.144623,0.0463933
8.739,0.428592,0.108253,0.235879,-0.376154,0.0601292,-0.00313425,0.669701,0.134775,2.8454e-11,0.573194,-0.162484,8.38161e-12,0.264546,0.156086,-1.22805e-11,0.264109,-0.144651,0.0461539
8.74,0.428725,0.108422,0.235847,-0.376415,0.0598359,-0.0036257,0.669701,0.134775,2.8454e-11,0.573194,-0.162484,8.38161e-12,0.264546,0.156086,-1.22805e-11,0.264246,-0.144678,0.0459138
8.741,0.428858,0.10859,0.235815,-0.376665,0.0595374,-0.00412306,0.669701,0.134775,2.8454e-11,0.573194,-0.162484,8.38161e-12,0.264546,0.156086,-1.22805e-11,0.264383,-0.144705,0.0456729
8.742,0.428991,0.108757,0.235783,-0.376902,0.0592337,-0.0046262,0.669701,0.134775,2.8454e-11,0.573194,-0.162484,8.38161e-12,0.264546,0.156086,-1.22805e-11,0.264519,-0.144732,0.0454313
8.743,0.429124,0.108923,0.23575,-0.377128,0.058925,-0.00513499,0.669701,0.134775,2.8454e-11,0.573194,-0.162484,8.38161e-12,0.264546,0.156086,-1.22805e-11,0.264654,-0.144758,0.045189
8.744,0.429257,0.109088,0.235717,-0.377343,0.0586113,-0.00564929,0.669701,0.134775,2.8454e-11,0.573194,-0.162484,8.38161e-12,0.264546,0.156086,-1.22805e-11,0.264788,-0.144785,0.0449461
8.745,0.429391,0.109252,0.235684,-0.377546,0.0582926,-0.00616898,0.669701,0.134775,2.8454e-11,0.573194,-0.162484,8.38161e-12,0.264546,0.156086,-1.22805e-11,0.264921,-0.144811,0.0447024
8.746,0.429525,0.109415,0.23565,-0.377738,0.057969,-0.00669392,0.669701,0.134775,2.8454e-11,0.573194,-0.162484,8.38161e-12,0.264546,0.156086,-1.22805e-11,0.265054,-0.144837,0.0444582
8.747,0.429659,0.109577,0.235616,-0.377919,0.0576407,-0.00722398,0.669701,0.134775,2.8454e-11,0.573194,-0.162484,8.38161e-12,0.264546,0.156086,-1.22805e-11,0.265185,-0.144863,0.0442132
8.748,0.429792,0.109738,0.235582,-0.378089,0.0573075,-0.00775902,0.669701,0.134775,2.8454e-11,0.573194,-0.162484,8.38161e-12,0.264546,0.156086,-1.22805e-11,0.265316,-0.144889,0.0439677
8.749,0.429926,0.109898,0.235548,-0.378248,0.0569697,-0.00829891,0.669701,0.134775,2.8454e-11,0.573194,-0.162484,8.38161e-12,0.264546,0.156086,-1.22805e-11,0.265446,-0.144915,0.0437215
8.75,0.43006,0.110057,0.235514,-0.378397,0.0566273,-0.00884353,0.669701,0.134775,2.8454e-11,0.573194,-0.162484,8.38161e-12,0.264546,0.156086,-1.22805e-11,0.265575,-0.14494,0.0434747
8.751,0.430195,0.110214,0.235479,-0.378535,0.0562802,-0.00939273,0.669701,0.134775,2.8454e-11,0.573194,-0.162484,8.38161e-12,0.264546,0.156086,-1.22805e-11,0.265703,-0.144965,0.0432273
8.752,0.430329,0.110371,0.235444,-0.378663,0.0559287,-0.00994639,0.669701,0.134775,2.8454e-11,0.573194,-0.162484,8.38161e-12,0.264546,0.156086,-1.22805e-11,0.26583,-0.144991,0.0429794
8.753,0.430463,0.110527,0.235409,-0.378781,0.0555727,-0.0105044,0.669701,0.134775,2.8454e-11,0.573194,-0.162484,8.38161e-12,0.264546,0.156086,-1.22805e-11,0.265956,-0.145015,0.0427309
8.754,0.430597,0.110682,0.235373,-0.378889,0.0552123,-0.0110665,0.669701,0.134775,2.8454e-11,0.573194,-0.162484,8.38161e-12,0.264546,0.156086,-1.22805e-11,0.266082,-0.14504,0.0424819
8.755,0.430732,0.110835,0.235338,-0.378987,0.0548475,-0.0116328,0.669701,0.134775,2.8454e-11,0.573194,-0.162484,8.38161e-12,0.264546,0.156086,-1.22805e-11,0.266207,-0.145065,0.0422323
8.756,0.430866,0.110988,0.235302,-0.379075,0.0544785,-0.0122029,0.669701,0.134775,2.8454e-11,0.573194,-0.162484,8.38161e-12,0.264546,0.156086,-1.22805e-11,0.266331,-0.145089,0.0419823
8.757,0.431,0.11114,0.235266,-0.379154,0.0541053,-0.0127768,0.669701,0.134775,2.8454e-11,0.573194,-0.162484,8.38161e-12,0.264546,0.156086,-1.22805e-11,0.266454,-0.145114,0.0417317
8.758,0.431135,0.11129,0.235229,-0.379223,0.053728,-0.0133544,0.669701,0.134775,2.8454e-11,0.573194,-0.162484,8.38161e-12,0.264546,0.156086,-1.22805e-11,0.266576,-0.145138,0.0414806
8.759,0.431269,0.11144,0.235193,-0.379283,0.0533465,-0.0139356,0.669701,0.134775,2.8454e-11,0.573194,-0.162484,8.38161e-12,0.264546,0.156086,-1.22805e-11,0.266698,-0.145162,0.0412291
8.76,0.431404,0.111588,0.235156,-0.379334,0.0529611,-0.0145201,0.669701,0.134775,2.8454e-11,0.573194,-0.162484,8.38161e-12,0.264546,0.156086,-1.22805e-11,0.266818,-0.145186,0.0409771
8.761,0.431538,0.111736,0.235119,-0.379376,0.0525717,-0.0151079,0.669701,0.134775,2.8454e-11,0.573194,-0.162484,8.38161e-12,0.264546,0.156086,-1.22805e-11,0.266938,-0.145209,0.0407247
8.762,0.431673,0.111882,0.235082,-0.379409,0.0521783,-0.0156988,0.669701,0.134775,2.8454e-11,0.573194,-0.162484,8.38161e-12,0.264546,0.156086,-1.22805e-11,0.267057,-0.145233,0.0404718
8.763,0.431807,0.112028,0.235045,-0.379434,0.0517812,-0.0162927,0.669701,0.134775,2.8454e-11,0.573194,-0.162484,8.38161e-12,0.264546,0.156086,-1.22805e-11,0.267176,-0.145256,0.0402185
8.764,0.431941,0.112172,0.235008,-0.37945,0.0513802,-0.0168894,0.669701,0.134775,2.8454e-11,0.573194,-0.162484,8.38161e-12,0.264546,0.156086,-1.22805e-11,0.267293,-0.145279,0.0399648
8.765,0.432076,0.112315,0.23497,-0.379457,0.0509756,-0.0174889,0.669701,0.134775,2.8454e-11,0.573194,-0.162484,8.38161e-12,0.264546,0.156086,-1.22805e-11,0.26741,-0.145302,0.0397108
8.766,0.43221,0.112458,0.234933,-0.379457,0.0505673,-0.018091,0.669701,0.134775,2.8454e-11,0.573194,-0.162484,8.38161e-12,0.264546,0.156086,-1.22805e-11,0.267525,-0.145325,0.0394563
8.767,0.432344,0.112599,0.234895,-0.379448,0.0501554,-0.0186956,0.669701,0.134775,2.8454e-11,0.573194,-0.162484,8.38161e-12,0.264546,0.156086,-1.22805e-11,0.26764,-0.145348,0.0392015
8.768,0.432479,0.112739,0.234857,-0.379432,0.0497399,-0.0193025,0.669701,0.134775,2.8454e-11,0.573194,-0.162484,8.38161e-12,0.264546,0.156086,-1.22805e-11,0.267755,-0.145371,0.0389464
8.769,0.432613,0.112878,0.234819,-0.379407,0.049321,-0.0199116,0.669701,0.134775,2.8454e-11,0.573194,-0.162484,8.38161e-12,0.264546,0.156086,-1.22805e-11,0.267868,-0.145393,0.0386909
8.77,0.432747,0.113016,0.234781,-0.379375,0.0488987,-0.0205227,0.669701,0.134775,2.8454e-11,0.573194,-0.162484,8.38161e-12,0.264546,0.156086,-1.22805e-11,0.267981,-0.145415,0.0384351
8.771,0.432881,0.113153,0.234742,-0.379336,0.0484731,-0.0211358,0.669701,0.134775,2.8454e-11,0.573194,-0.162484,8.38161e-12,0.264546,0.156086,-1.22805e-11,0.268092,-0.145437,0.038179
8.772,0.433015,0.113289,0.234704,-0.379289,0.0480441,-0.0217507,0.669701,0.134775,2.8454e-11,0.573194,-0.162484,8.38161e-12,0.264546,0.156086,-1.22805e-11,0.268203,-0.145459,0.0379227
8.773,0.433148,0.113424,0.234665,-0.379235,0.0476119,-0.0223673,0.669701,0.134775,2.8454e-11,0.573194,-0.162484,8.38161e-12,0.264546,0.156086,-1.22805e-11,0.268314,-0.145481,0.037666
8.774,0.433282,0.113558,0.234627,-0.379174,0.0471766,-0.0229854,0.669701,0.134775,2.8454e-11,0.573194,-0.162484,8.38161e-12,0.264546,0.156086,-1.22805e-11,0.268423,-0.145503,0.0374091
8.775,0.433416,0.11369,0.234588,-0.379107,0.0467381,-0.0236049,0.669701,0.134775,2.8454e-11,0.573194,-0.162484,8.38161e-12,0.264546,0.156086,-1.22805e-11,0.268532,-0.145524,0.037152
8.776,0.433549,0.113822,0.234549,-0.379032,0.0462967,-0.0242256,0.669701,0.134775,2.8454e-11,0.573194,-0.162484,8.38161e-12,0.264546,0.156086,-1.22805e-11,0.26864,-0.145545,0.0368946
8.777,0.433683,0.113953,0.23451,-0.378951,0.0458522,-0.0248475,0.669701,0.134775,2.8454e-11,0.573194,-0.162484,8.38161e-12,0.264546,0.156086,-1.22805e-11,0.268747,-0.145567,0.036637
8.778,0.433816,0.114082,0.234471,-0.378864,0.0454048,-0.0254705,0.669701,0.134775,2.8454e-11,0.573194,-0.162484,8.38161e-12,0.264546,0.156086,-1.22805e-11,0.268853,-0.145588,0.0363792
8.779,0.433949,0.114211,0.234432,-0.37877,0.0449546,-0.0260943,0.669701,0.134775,2.8454e-11,0.573194,-0.162484,8.38161e-12,0.264546,0.156086,-1.22805e-11,0.268959,-0.145608,0.0361212
8.78,0.434082,0.114338,0.234393,-0.37867,0.0445015,-0.0267188,0.669701,0.134775,2.8454e-11,0.573194,-0.162484,8.38161e-12,0.264546,0.156086,-1.22805e-11,0.269063,-0.145629,0.0358631
8.781,0.434215,0.114464,0.234353,-0.378564,0.0440458,-0.0273439,0.669701,0.134775,2.8454e-11,0.573194,-0.162484,8.38161e-12,0.264546,0.156086,-1.22805e-11,0.269167,-0.14565,0.0356047
8.782,0.434347,0.114589,0.234314,-0.378453,0.0435873,-0.0279695,0.669701,0.134775,2.8454e-11,0.573194,-0.162484,8.38161e-12,0.264546,0.156086,-1.22805e-11,0.269271,-0.14567,0.0353463
8.783,0.43448,0.114714,0.234275,-0.378335,0.0431263,-0.0285955,0.669701,0.134775,2.8454e-11,0.573194,-0.162484,8.38161e-12,0.264546,0.156086,-1.22805e-11,0.269373,-0.14569,0.0350877
8.784,0.434612,0.114837,0.234235,-0.378212,0.0426627,-0.0292217,0.669701,0.134775,2.8454e-11,0.573194,-0.162484,8.38161e-12,0.264546,0.156086,-1.22805e-11,0.269475,-0.14571,0.034829
8.785,0.434744,0.114959,0.234196,-0.378084,0.0421966,-0.0298479,0.669701,0.134775,2.8454e-11,0.573194,-0.162484,8.38161e-12,0.264546,0.156086,-1.22805e-11,0.269576,-0.14573,0.0345702
8.786,0.434876,0.11508,0.234156,-0.377951,0.041728,-0.0304741,0.669701,0.134775,2.8454e-11,0.573194,-0.162484,8.38161e-12,0.264546,0.156086,-1.22805e-11,0.269676,-0.14575,0.0343113
8.787,0.435008,0.115199,0.234117,-0.377812,0.0412572,-0.0311001,0.669701,0.134775,2.8454e-11,0.573194,-0.162484,8.38161e-12,0.264546,0.156086,-1.22805e-11,0.269775,-0.14577,0.0340523
8.788,0.435139,0.115318,0.234077,-0.377669,0.040784,-0.0317258,0.669701,0.134775,2.8454e-11,0.573195,-0.162484,7.24673e-07,0.264546,0.156086,-1.22805e-11,0.269874,-0.145789,0.0337933
8.789,0.43527,0.115436,0.234037,-0.37752,0.0403085,-0.032351,0.669701,0.134775,2.8454e-11,0.573195,-0.162484,5.42934e-06,0.264546,0.156086,-1.22805e-11,0.269972,-0.145809,0.0335342
8.79,0.435401,0.115552,0.233998,-0.377367,0.0398309,-0.0329756,0.669701,0.134775,2.8454e-11,0.573196,-0.162484,1.44881e-05,0.264546,0.156086,-1.22805e-11,0.270069,-0.145828,0.0332751
8.791,0.435532,0.115668,0.233958,-0.37721,0.0393512,-0.0335996,0.669701,0.134775,2.8454e-11,0.573197,-0.162484,2.78779e-05,0.264546,0.156086,-1.22805e-11,0.270166,-0.145847,0.033016
8.792,0.435663,0.115782,0.233919,-0.377048,0.0388694,-0.0342226,0.669701,0.134775,2.8454e-11,0.573199,-0.162484,4.55758e-05,0.264546,0.156086,-1.22805e-11,0.270261,-0.145866,0.0327569
8.793,0.435793,0.115896,0.233879,-0.376882,0.0383856,-0.0348447,0.669701,0.134775,2.8454e-11,0.573201,-0.162484,6.75587e-05,0.264546,0.156086,-1.22805e-11,0.270356,-0.145884,0.0324978
8.794,0.435923,0.116008,0.233839,-0.376712,0.0378998,-0.0354657,0.669701,0.134775,2.8454e-11,0.573203,-0.162484,9.38037e-05,0.264546,0.156086,-1.22805e-11,0.270451,-0.145903,0.0322387
8.795,0.436053,0.116119,0.2338,-0.376539,0.0374122,-0.0360854,0.669701,0.134775,2.8454e-11,0.573206,-0.162484,0.000124288,0.264546,0.156086,-1.22805e-11,0.270544,-0.145922,0.0319796
8.796,0.436182,0.116229,0.23376,-0.376361,0.0369228,-0.0367037,0.669701,0.134775,2.8454e-11,0.573209,-0.162484,0.000158988,0.264546,0.156086,-1.22805e-11,0.270637,-0.14594,0.0317206
8.797,0.436312,0.116338,0.233721,-0.37618,0.0364316,-0.0373206,0.669701,0.134775,2.8454e-11,0.573213,-0.162484,0.000197881,0.264546,0.156086,-1.22805e-11,0.270729,-0.145958,0.0314617
8.798,0.436441,0.116446,0.233681,-0.375995,0.0359387,-0.0379357,0.669701,0.134775,2.8454e-11,0.573217,-0.162484,0.000240944,0.264546,0.156086,-1.22805e-11,0.27082,-0.145976,0.0312029
8.799,0.436569,0.116553,0.233642,-0.375807,0.0354442,-0.0385491,0.669701,0.134775,2.8454e-11,0.573222,-0.162483,0.000288155,0.264546,0.156086,-1.22805e-11,0.270911,-0.145994,0.0309441
8.8,0.436698,0.116658,0.233602,-0.375616,0.0349482,-0.0391606,0.669701,0.134775,2.8454e-11,0.573227,-0.162483,0.000339489,0.264546,0.156086,-1.22805e-11,0.271001,-0.146012,0.0306855
8.801,0.436826,0.116763,0.233563,-0.375422,0.0344506,-0.0397701,0.669701,0.134775,2.8454e-11,0.573232,-0.162483,0.000394925,0.264546,0.156086,-1.22805e-11,0.27109,-0.146029,0.030427
8.802,0.436953,0.116866,0.233524,-0.375225,0.0339516,-0.0403773,0.669701,0.134775,2.8454e-11,0.573238,-0.162483,0.000454438,0.264546,0.156086,-1.22805e-11,0.271178,-0.146047,0.0301686
8.803,0.437081,0.116969,0.233484,-0.375026,0.0334512,-0.0409823,0.669701,0.134775,2.8454e-11,0.573244,-0.162483,0.000518007,0.264546,0.156086,-1.22805e-11,0.271266,-0.146064,0.0299104
8.804,0.437208,0.11707,0.233445,-0.374824,0.0329494,-0.0415849,0.669701,0.134775,2.8454e-11,0.573251,-0.162483,0.000585607,0.264546,0.156086,-1.22805e-11,0.271353,-0.146081,0.0296524
8.805,0.437335,0.11717,0.233406,-0.374619,0.0324463,-0.042185,0.669701,0.134775,2.8454e-11,0.573258,-0.162483,0.000657217,0.264546,0.156086,-1.22805e-11,0.271439,-0.146098,0.0293945
8.806,0.437461,0.117269,0.233367,-0.374412,0.0319421,-0.0427825,0.669701,0.134775,2.8454e-11,0.573266,-0.162483,0.000732812,0.264546,0.156086,-1.22805e-11,0.271525,-0.146115,0.0291368
8.807,0.437587,0.117367,0.233328,-0.374204,0.0314366,-0.0433772,0.669701,0.134775,2.8454e-11,0.573274,-0.162483,0.000812371,0.264546,0.156086,-1.22805e-11,0.27161,-0.146132,0.0288794
8.808,0.437713,0.117464,0.233289,-0.373993,0.03093,-0.043969,0.669701,0.134775,2.8454e-11,0.573283,-0.162483,0.00089587,0.264546,0.156086,-1.22805e-11,0.271694,-0.146149,0.0286222
8.809,0.437838,0.117559,0.23325,-0.37378,0.0304224,-0.0445579,0.669701,0.134775,2.8454e-11,0.573292,-0.162482,0.000983286,0.264546,0.156086,-1.22805e-11,0.271778,-0.146165,0.0283652
8.81,0.437963,0.117654,0.233211,-0.373566,0.0299137,-0.0451437,0.669701,0.134775,2.8454e-11,0.573301,-0.162482,0.0010746,0.264546,0.156086,-1.22805e-11,0.27186,-0.146182,0.0281084
8.811,0.438088,0.117748,0.233173,-0.37335,0.0294041,-0.0457262,0.669701,0.134775,2.8454e-11,0.573311,-0.162482,0.00116978,0.264546,0.156086,-1.22805e-11,0.271943,-0.146198,0.027852
8.812,0.438212,0.11784,0.233134,-0.373133,0.0288936,-0.0463054,0.669701,0.134775,2.8454e-11,0.573322,-0.162482,0.00126881,0.264546,0.156086,-1.22805e-11,0.272024,-0.146214,0.0275958
8.813,0.438336,0.117931,0.233095,-0.372914,0.0283823,-0.0468812,0.669701,0.134775,2.8454e-11,0.573333,-0.162482,0.00137166,0.264546,0.156086,-1.22805e-11,0.272105,-0.14623,0.0273399
8.814,0.438459,0.118021,0.233057,-0.372695,0.0278702,-0.0474533,0.669701,0.134775,2.8454e-11,0.573344,-0.162482,0.00147832,0.264546,0.156086,-1.22805e-11,0.272185,-0.146246,0.0270843
8.815,0.438582,0.11811,0.233019,-0.372474,0.0273573,-0.0480218,0.669701,0.134775,2.8454e-11,0.573356,-0.162481,0.00158875,0.264546,0.156086,-1.22805e-11,0.272264,-0.146261,0.0268291
8.816,0.438705,0.118198,0.23298,-0.372253,0.0268437,-0.0485865,0.669701,0.134775,2.8454e-11,0.573369,-0.162481,0.00170294,0.264546,0.156086,-1.22805e-11,0.272343,-0.146277,0.0265742
8.817,0.438828,0.118285,0.232942,-0.372031,0.0263296,-0.0491473,0.669701,0.134775,2.8454e-11,0.573382,-0.162481,0.00182087,0.264546,0.156086,-1.22805e-11,0.272421,-0.146292,0.0263196
8.818,0.438949,0.118371,0.232904,-0.371809,0.0258148,-0.049704,0.669701,0.134775,2.8454e-11,0.573395,-0.162481,0.0019425,0.264546,0.156086,-1.22805e-11,0.272498,-0.146307,0.0260654
8.819,0.439071,0.118456,0.232866,-0.371587,0.0252996,-0.0502566,0.669701,0.134775,2.8454e-11,0.573409,-0.162481,0.00206782,0.264546,0.156086,-1.22805e-11,0.272575,-0.146323,0.0258116
8.82,0.439192,0.118539,0.232829,-0.371364,0.0247839,-0.0508049,0.669701,0.134775,2.8454e-11,0.573424,-0.16248,0.00219681,0.264546,0.156086,-1.22805e-11,0.272651,-0.146338,0.0255582
8.821,0.439313,0.118622,0.232791,-0.371141,0.0242678,-0.0513489,0.669701,0.134775,2.8454e-11,0.573439,-0.16248,0.00232943,0.264546,0.156086,-1.22805e-11,0.272726,-0.146352,0.0253052
8.822,0.439433,0.118703,0.232754,-0.370918,0.0237514,-0.0518883,0.669701,0.134775,2.8454e-11,0.573454,-0.16248,0.00246568,0.264546,0.156086,-1.22805e-11,0.272801,-0.146367,0.0250526
8.823,0.439553,0.118783,0.232716,-0.370696,0.0232346,-0.0524231,0.669701,0.134775,2.8454e-11,0.57347,-0.16248,0.00260552,0.264546,0.156086,-1.22805e-11,0.272875,-0.146382,0.0248005
8.824,0.439672,0.118862,0.232679,-0.370474,0.0227177,-0.0529531,0.669701,0.134775,2.8454e-11,0.573487,-0.162479,0.00274893,0.264546,0.156086,-1.22805e-11,0.272948,-0.146396,0.0245488
8.825,0.439791,0.11894,0.232642,-0.370252,0.0222005,-0.0534783,0.669701,0.134775,2.8454e-11,0.573504,-0.162479,0.00289589,0.264546,0.156086,-1.22805e-11,0.273021,-0.146411,0.0242975
8.826,0.43991,0.119017,0.232605,-0.370031,0.0216832,-0.0539985,0.669701,0.134775,2.8454e-11,0.573521,-0.162479,0.00304637,0.264546,0.156086,-1.22805e-11,0.273093,-0.146425,0.0240468
8.827,0.440028,0.119093,0.232568,-0.369811,0.0211659,-0.0545136,0.669701,0.134775,2.8454e-11,0.573539,-0.162479,0.00320036,0.264546,0.156086,-1.22805e-11,0.273164,-0.146439,0.0237966
8.828,0.440145,0.119168,0.232531,-0.369592,0.0206485,-0.0550235,0.669701,0.134775,2.8454e-11,0.573558,-0.162478,0.00335783,0.264546,0.156086,-1.22805e-11,0.273235,-0.146453,0.0235468
8.829,0.440262,0.119241,0.232495,-0.369375,0.0201312,-0.0555281,0.669701,0.134775,2.8454e-11,0.573577,-0.162478,0.00351876,0.264546,0.156086,-1.22805e-11,0.273305,-0.146467,0.0232976
8.83,0.440379,0.119314,0.232458,-0.369158,0.019614,-0.0560272,0.669701,0.134775,2.8454e-11,0.573597,-0.162478,0.00368312,0.264546,0.156086,-1.22805e-11,0.273374,-0.14648,0.0230489
8.831,0.440495,0.119385,0.232422,-0.368943,0.0190969,-0.0565208,0.669701,0.134775,2.8454e-11,0.573617,-0.162477,0.00385089,0.264546,0.156086,-1.22805e-11,0.273443,-0.146494,0.0228008
8.832,0.440611,0.119455,0.232386,-0.36873,0.0185801,-0.0570087,0.669701,0.134775,2.8454e-11,0.573638,-0.162477,0.00402205,0.264546,0.156086,-1.22805e-11,0.273511,-0.146508,0.0225533
8.833,0.440726,0.119525,0.23235,-0.368518,0.0180635,-0.0574908,0.669701,0.134775,2.8454e-11,0.57366,-0.162477,0.00419657,0.264546,0.156086,-1.22805e-11,0.273579,-0.146521,0.0223063
8.834,0.440841,0.119593,0.232314,-0.368308,0.0175472,-0.057967,0.669701,0.134775,2.8454e-11,0.573682,-0.162476,0.00437444,0.264546,0.156086,-1.22805e-11,0.273645,-0.146534,0.0220599
8.835,0.440955,0.11966,0.232279,-0.3681,0.0170313,-0.0584371,0.669701,0.134775,2.8454e-11,0.573704,-0.162476,0.00455562,0.264546,0.156086,-1.22805e-11,0.273712,-0.146547,0.0218141
8.836,0.441069,0.119725,0.232243,-0.367895,0.0165159,-0.0589011,0.669701,0.134775,2.8454e-11,0.573727,-0.162476,0.00474011,0.264546,0.156086,-1.22805e-11,0.273777,-0.14656,0.021569
8.837,0.441182,0.11979,0.232208,-0.367691,0.0160009,-0.0593589,0.669701,0.134775,2.8454e-11,0.573751,-0.162475,0.00492786,0.264546,0.156086,-1.22805e-11,0.273842,-0.146573,0.0213245
8.838,0.441295,0.119854,0.232173,-0.36749,0.0154864,-0.0598102,0.669701,0.134775,2.8454e-11,0.573775,-0.162475,0.00511886,0.264546,0.156086,-1.22805e-11,0.273906,-0.146586,0.0210806
8.839,0.441407,0.119916,0.232138,-0.367292,0.0149726,-0.0602551,0.669701,0.134775,2.8454e-11,0.5738,-0.162475,0.0053131,0.264546,0.156086,-1.22805e-11,0.27397,-0.146598,0.0208374
8.84,0.441518,0.119978,0.232103,-0.367097,0.0144594,-0.0606933,0.669701,0.134775,2.8454e-11,0.573826,-0.162474,0.00551053,0.264546,0.156086,-1.22805e-11,0.274033,-0.146611,0.0205949
8.841,0.441629,0.120038,0.232069,-0.366904,0.0139469,-0.0611248,0.669701,0.134775,2.8454e-11,0.573852,-0.162474,0.00571115,0.264546,0.156086,-1.22805e-11,0.274096,-0.146623,0.0203531
8.842,0.44174,0.120097,0.232035,-0.366715,0.0134352,-0.0615495,0.669701,0.134775,2.8454e-11,0.573878,-0.162473,0.00591492,0.264546,0.156086,-1.22805e-11,0.274157,-0.146635,0.020112
8.843,0.44185,0.120155,0.232001,-0.366529,0.0129242,-0.0619671,0.669701,0.134775,2.8454e-11,0.573905,-0.162473,0.00612183,0.264546,0.156086,-1.22805e-11,0.274219,-0.146647,0.0198716
8.844,0.44196,0.120212,0.231967,-0.366346,0.0124142,-0.0623777,0.669701,0.134775,2.8454e-11,0.573933,-0.162472,0.00633185,0.264546,0.156086,-1.22805e-11,0.274279,-0.146659,0.019632
8.845,0.442068,0.120268,0.231933,-0.366166,0.0119051,-0.0627811,0.669701,0.134775,2.8454e-11,0.573961,-0.162472,0.00654496,0.264546,0.156086,-1.22805e-11,0.274339,-0.146671,0.0193931
8.846,0.442177,0.120323,0.2319,-0.365991,0.0113969,-0.0631772,0.669701,0.134775,2.8454e-11,0.57399,-0.162472,0.00676114,0.264546,0.156086,-1.22805e-11,0.274399,-0.146683,0.019155
8.847,0.442285,0.120376,0.231866,-0.365819,0.0108898,-0.0635658,0.669701,0.134775,2.8454e-11,0.57402,-0.162471,0.00698036,0.264546,0.156086,-1.22805e-11,0.274458,-0.146694,0.0189176
8.848,0.442392,0.120429,0.231833,-0.365651,0.0103838,-0.0639469,0.669701,0.134775,2.8454e-11,0.57405,-0.162471,0.0072026,0.264546,0.156086,-1.22805e-11,0.274516,-0.146706,0.0186811
8.849,0.442499,0.12048,0.2318,-0.365487,0.00987899,-0.0643203,0.669701,0.134775,2.8454e-11,0.574081,-0.16247,0.00742783,0.264546,0.156086,-1.22805e-11,0.274573,-0.146717,0.0184453
8.85,0.442605,0.12053,0.231768,-0.365328,0.00937534,-0.0646859,0.669701,0.134775,2.8454e-11,0.574112,-0.16247,0.00765604,0.264546,0.156086,-1.22805e-11,0.27463,-0.146729,0.0182104
8.851,0.44271,0.120579,0.231736,-0.365172,0.00887295,-0.0650436,0.669701,0.134775,2.8454e-11,0.574145,-0.162469,0.0078872,0.264546,0.156086,-1.22805e-11,0.274687,-0.14674,0.0179763
8.852,0.442815,0.120627,0.231703,-0.365022,0.00837188,-0.0653933,0.669701,0.134775,2.8454e-11,0.574177,-0.162469,0.00812129,0.264546,0.156086,-1.22805e-11,0.274743,-0.146751,0.0177431
8.853,0.442919,0.120674,0.231672,-0.364876,0.00787217,-0.0657349,0.669701,0.134775,2.8454e-11,0.574211,-0.162468,0.00835829,0.264546,0.156086,-1.22805e-11,0.274798,-0.146762,0.0175107
8.854,0.443023,0.12072,0.23164,-0.364735,0.00737389,-0.0660681,0.669701,0.134775,2.8454e-11,0.574244,-0.162468,0.00859816,0.264546,0.156086,-1.22805e-11,0.274852,-0.146772,0.0172792
8.855,0.443126,0.120765,0.231609,-0.364599,0.00687709,-0.066393,0.669701,0.134775,2.8454e-11,0.574279,-0.162467,0.0088409,0.264546,0.156086,-1.22805e-11,0.274906,-0.146783,0.0170486
8.856,0.443229,0.120809,0.231577,-0.364468,0.00638183,-0.0667095,0.669701,0.134775,2.8454e-11,0.574314,-0.162467,0.00908647,0.264546,0.156086,-1.22805e-11,0.27496,-0.146794,0.0168189
8.857,0.44333,0.120851,0.231546,-0.364342,0.00588815,-0.0670173,0.669701,0.134775,2.8454e-11,0.57435,-0.162466,0.00933485,0.264546,0.156086,-1.22805e-11,0.275013,-0.146804,0.0165902
8.858,0.443432,0.120892,0.231516,-0.364222,0.00539613,-0.0673163,0.669701,0.134775,2.8454e-11,0.574387,-0.162465,0.00958602,0.264546,0.156086,-1.22805e-11,0.275065,-0.146814,0.0163623
8.859,0.443532,0.120933,0.231485,-0.364107,0.0049058,-0.0676066,0.669701,0.134775,2.8454e-11,0.574424,-0.162465,0.00983997,0.264546,0.156086,-1.22805e-11,0.275117,-0.146825,0.0161355
8.86,0.443632,0.120972,0.231455,-0.363998,0.00441723,-0.0678878,0.669701,0.134775,2.8454e-11,0.574462,-0.162464,0.0100966,0.264546,0.156086,-1.22805e-11,0.275168,-0.146835,0.0159095
8.861,0.443732,0.12101,0.231425,-0.363895,0.00393048,-0.06816,0.669701,0.134775,2.8454e-11,0.5745,-0.162464,0.0103561,0.264546,0.156086,-1.22805e-11,0.275219,-0.146845,0.0156846
8.862,0.44383,0.121047,0.231396,-0.363798,0.00344559,-0.068423,0.669701,0.134775,2.8454e-11,0.574539,-0.162463,0.0106182,0.264546,0.156086,-1.22805e-11,0.275269,-0.146855,0.0154607
8.863,0.443928,0.121082,0.231367,-0.363707,0.00296263,-0.0686767,0.669701,0.134775,2.8454e-11,0.574579,-0.162462,0.0108829,0.264546,0.156086,-1.22805e-11,0.275318,-0.146864,0.0152377
8.864,0.444026,0.121117,0.231337,-0.363623,0.00248164,-0.0689209,0.669701,0.134775,2.8454e-11,0.57462,-0.162462,0.0111504,0.264546,0.156086,-1.22805e-11,0.275367,-0.146874,0.0150158
8.865,0.444122,0.121151,0.231309,-0.363545,0.00200269,-0.0691556,0.669701,0.134775,2.8454e-11,0.574661,-0.162461,0.0114204,0.264546,0.156086,-1.22805e-11,0.275415,-0.146884,0.014795
8.866,0.444218,0.121183,0.23128,-0.363473,0.00152583,-0.0693807,0.669701,0.134775,2.8454e-11,0.574703,-0.162461,0.0116931,0.264546,0.156086,-1.22805e-11,0.275463,-0.146893,0.0145751
8.867,0.444314,0.121214,0.231252,-0.363409,0.00105111,-0.0695959,0.669701,0.134775,2.8454e-11,0.574745,-0.16246,0.0119683,0.264546,0.156086,-1.22805e-11,0.27551,-0.146902,0.0143564
8.868,0.444408,0.121245,0.231224,-0.363351,0.000578593,-0.0698013,0.669701,0.134775,2.8454e-11,0.574788,-0.162459,0.0122461,0.264546,0.156086,-1.22805e-11,0.275557,-0.146912,0.0141387
8.869,0.444502,0.121274,0.231197,-0.3633,0.00010833,-0.0699966,0.669701,0.134775,2.8454e-11,0.574832,-0.162459,0.0125265,0.264546,0.156086,-1.22805e-11,0.275603,-0.146921,0.0139221
8.87,0.444596,0.121302,0.231169,-0.363257,-0.000359622,-0.0701818,0.669701,0.134775,2.8454e-11,0.574877,-0.162458,0.0128094,0.264546,0.156086,-1.22805e-11,0.275649,-0.14693,0.0137066
8.871,0.444688,0.121329,0.231142,-0.363221,-0.000825209,-0.0703568,0.669701,0.134775,2.8454e-11,0.574922,-0.162457,0.0130947,0.264546,0.156086,-1.22805e-11,0.275694,-0.146939,0.0134923
8.872,0.44478,0.121354,0.231115,-0.363192,-0.00128837,-0.0705213,0.669701,0.134775,2.8454e-11,0.574968,-0.162456,0.0133825,0.264546,0.156086,-1.22805e-11,0.275738,-0.146947,0.013279
8.873,0.444871,0.121379,0.231089,-0.363171,-0.00174906,-0.0706754,0.669701,0.134775,2.8454e-11,0.575015,-0.162456,0.0136728,0.264546,0.156086,-1.22805e-11,0.275782,-0.146956,0.013067
8.874,0.444962,0.121403,0.231063,-0.363158,-0.00220722,-0.0708189,0.669701,0.134775,2.8454e-11,0.575062,-0.162455,0.0139655,0.264546,0.156086,-1.22805e-11,0.275826,-0.146965,0.0128561
8.875,0.445052,0.121425,0.231037,-0.363153,-0.00266279,-0.0709517,0.669701,0.134775,2.8454e-11,0.57511,-0.162454,0.0142606,0.264546,0.156086,-1.22805e-11,0.275869,-0.146973,0.0126463
8.876,0.445141,0.121446,0.231012,-0.363156,-0.00311572,-0.0710736,0.669701,0.134775,2.8454e-11,0.575159,-0.162454,0.014558,0.264546,0.156086,-1.22805e-11,0.275911,-0.146982,0.0124378
8.877,0.445229,0.121466,0.230987,-0.363167,-0.00356595,-0.0711846,0.669701,0.134775,2.8454e-11,0.575209,-0.162453,0.0148578,0.264546,0.156086,-1.22805e-11,0.275953,-0.14699,0.0122305
8.878,0.445317,0.121485,0.230962,-0.363186,-0.00401342,-0.0712845,0.669701,0.134775,2.8454e-11,0.575259,-0.162452,0.01516,0.264546,0.156086,-1.22805e-11,0.275994,-0.146998,0.0120243
8.879,0.445403,0.121503,0.230937,-0.363214,-0.00445809,-0.0713732,0.669701,0.134775,2.8454e-11,0.57531,-0.162451,0.0154644,0.264546,0.156086,-1.22805e-11,0.276035,-0.147006,0.0118195
8.88,0.44549,0.12152,0.230913,-0.363251,-0.0048999,-0.0714506,0.669701,0.134775,2.8454e-11,0.575362,-0.16245,0.0157711,0.264546,0.156086,-1.22805e-11,0.276075,-0.147014,0.0116158
8.881,0.445575,0.121536,0.230889,-0.363297,-0.00533878,-0.0715166,0.669701,0.134775,2.8454e-11,0.575414,-0.16245,0.0160801,0.264546,0.156086,-1.22805e-11,0.276115,-0.147022,0.0114135
8.882,0.445659,0.121551,0.230866,-0.363351,-0.00577469,-0.071571,0.669701,0.134775,2.8454e-11,0.575467,-0.162449,0.0163914,0.264546,0.156086,-1.22805e-11,0.276154,-0.14703,0.0112124
8.883,0.445743,0.121564,0.230843,-0.363415,-0.00620758,-0.0716138,0.669701,0.134775,2.8454e-11,0.575521,-0.162448,0.0167048,0.264546,0.156086,-1.22805e-11,0.276193,-0.147037,0.0110126
8.884,0.445826,0.121576,0.23082,-0.363488,-0.00663737,-0.0716448,0.669701,0.134775,2.8454e-11,0.575576,-0.162447,0.0170205,0.264546,0.156086,-1.22805e-11,0.276231,-0.147045,0.0108141
8.885,0.445909,0.121588,0.230798,-0.36357,-0.00706403,-0.0716639,0.669701,0.134775,2.8454e-11,0.575631,-0.162446,0.0173383,0.264546,0.156086,-1.22805e-11,0.276269,-0.147052,0.010617
8.886,0.44599,0.121598,0.230776,-0.363662,-0.00748749,-0.071671,0.669701,0.134775,2.8454e-11,0.575688,-0.162445,0.0176582,0.264546,0.156086,-1.22805e-11,0.276306,-0.14706,0.0104211
8.887,0.446071,0.121607,0.230754,-0.363764,-0.0079077,-0.071666,0.669701,0.134775,2.8454e-11,0.575745,-0.162445,0.0179803,0.264546,0.156086,-1.22805e-11,0.276343,-0.147067,0.0102266
8.888,0.446151,0.121615,0.230733,-0.363875,-0.0083246,-0.0716487,0.669701,0.134775,2.8454e-11,0.575802,-0.162444,0.0183045,0.264546,0.156086,-1.22805e-11,0.276379,-0.147074,0.0100335
8.889,0.44623,0.121621,0.230712,-0.363997,-0.00873814,-0.0716191,0.669701,0.134775,2.8454e-11,0.575861,-0.162443,0.0186307,0.264546,0.156086,-1.22805e-11,0.276415,-0.147081,0.00984178
8.89,0.446308,0.121627,0.230691,-0.364129,-0.00914826,-0.071577,0.669701,0.134775,2.8454e-11,0.57592,-0.162442,0.018959,0.264546,0.156086,-1.22805e-11,0.27645,-0.147088,0.00965143
8.891,0.446386,0.121631,0.230671,-0.364271,-0.00955492,-0.0715223,0.669701,0.134775,2.8454e-11,0.57598,-0.162441,0.0192894,0.264546,0.156086,-1.22805e-11,0.276485,-0.147095,0.00946249
8.892,0.446462,0.121635,0.230651,-0.364423,-0.00995804,-0.0714549,0.669701,0.134775,2.8454e-11,0.576041,-0.16244,0.0196217,0.264546,0.156086,-1.22805e-11,0.276519,-0.147102,0.00927496
8.893,0.446538,0.121637,0.230631,-0.364586,-0.0103576,-0.0713746,0.669701,0.134775,2.8454e-11,0.576102,-0.162439,0.0199561,0.264546,0.156086,-1.22805e-11,0.276552,-0.147108,0.00908888
8.894,0.446613,0.121638,0.230612,-0.36476,-0.0107535,-0.0712814,0.669701,0.134775,2.8454e-11,0.576165,-0.162438,0.0202923,0.264546,0.156086,-1.22805e-11,0.276586,-0.147115,0.00890424
8.895,0.446688,0.121638,0.230594,-0.364945,-0.0111457,-0.0711751,0.669701,0.134775,2.8454e-11,0.576228,-0.162437,0.0206306,0.264546,0.156086,-1.22805e-11,0.276618,-0.147121,0.00872106
8.896,0.446761,0.121637,0.230575,-0.365141,-0.0115341,-0.0710557,0.669701,0.134775,2.8454e-11,0.576292,-0.162436,0.0209707,0.264546,0.156086,-1.22805e-11,0.276651,-0.147128,0.00853936
8.897,0.446834,0.121635,0.230557,-0.365348,-0.0119188,-0.0709229,0.669701,0.134775,2.8454e-11,0.576356,-0.162435,0.0213128,0.264546,0.156086,-1.22805e-11,0.276682,-0.147134,0.00835915
8.898,0.446905,0.121632,0.23054,-0.365566,-0.0122996,-0.0707768,0.669701,0.134775,2.8454e-11,0.576422,-0.162434,0.0216567,0.264546,0.156086,-1.22805e-11,0.276714,-0.14714,0.00818045
8.899,0.446976,0.121627,0.230523,-0.365796,-0.0126765,-0.0706171,0.669701,0.134775,2.8454e-11,0.576488,-0.162433,0.0220024,0.264546,0.156086,-1.22805e-11,0.276745,-0.147146,0.00800326
8.9,0.447046,0.121622,0.230506,-0.366038,-0.0130494,-0.0704437,0.669701,0.134775,2.8454e-11,0.576555,-0.162432,0.02235,0.264546,0.156086,-1.22805e-11,0.276775,-0.147152,0.00782761
8.901,0.447115,0.121615,0.23049,-0.366291,-0.0134183,-0.0702567,0.669701,0.134775,2.8454e-11,0.576623,-0.162431,0.0226994,0.264546,0.156086,-1.22805e-11,0.276805,-0.147158,0.00765351
8.902,0.447184,0.121607,0.230474,-0.366556,-0.0137832,-0.070056,0.669701,0.134775,2.8454e-11,0.576692,-0.16243,0.0230506,0.264546,0.156086,-1.22805e-11,0.276834,-0.147164,0.00748097
8.903,0.447251,0.121598,0.230458,-0.366832,-0.0141443,-0.0698421,0.669701,0.134775,2.8454e-11,0.576761,-0.162429,0.0234035,0.264546,0.156086,-1.22805e-11,0.276863,-0.14717,0.00731001
8.904,0.447318,0.121588,0.230443,-0.367119,-0.0145015,-0.069615,0.669701,0.134775,2.8454e-11,0.576832,-0.162428,0.0237581,0.264546,0.156086,-1.22805e-11,0.276892,-0.147175,0.00714064
8.905,0.447383,0.121577,0.230428,-0.367416,-0.0148549,-0.0693751,0.669701,0.134775,2.8454e-11,0.576903,-0.162427,0.0241145,0.264546,0.156086,-1.22805e-11,0.27692,-0.147181,0.00697288
8.906,0.447448,0.121565,0.230414,-0.367724,-0.0152047,-0.0691225,0.669701,0.134775,2.8454e-11,0.576975,-0.162426,0.0244725,0.264546,0.156086,-1.22805e-11,0.276947,-0.147186,0.00680673
8.907,0.447512,0.121551,0.2304,-0.368042,-0.0155508,-0.0688574,0.669701,0.134775,2.8454e-11,0.577048,-0.162424,0.0248322,0.264546,0.156086,-1.22805e-11,0.276974,-0.147192,0.00664222
8.908,0.447575,0.121537,0.230387,-0.36837,-0.0158933,-0.0685801,0.669701,0.134775,2.8454e-11,0.577121,-0.162423,0.0251936,0.264546,0.156086,-1.22805e-11,0.277001,-0.147197,0.00647935
8.909,0.447638,0.121521,0.230373,-0.368708,-0.0162323,-0.0682908,0.669701,0.134775,2.8454e-11,0.577196,-0.162422,0.0255565,0.264546,0.156086,-1.22805e-11,0.277027,-0.147202,0.00631815
8.91,0.447699,0.121504,0.23036,-0.369054,-0.0165678,-0.0679897,0.669701,0.134775,2.8454e-11,0.577271,-0.162421,0.0259211,0.264546,0.156086,-1.22805e-11,0.277053,-0.147207,0.00615862
8.911,0.447759,0.121486,0.230348,-0.36941,-0.0168999,-0.067677,0.669701,0.134775,2.8454e-11,0.577347,-0.16242,0.0262872,0.264546,0.156086,-1.22805e-11,0.277078,-0.147212,0.00600078
8.912,0.447819,0.121467,0.230336,-0.369774,-0.0172288,-0.0673529,0.669701,0.134775,2.8454e-11,0.577424,-0.162419,0.0266549,0.264546,0.156086,-1.22805e-11,0.277103,-0.147217,0.00584465
8.913,0.447878,0.121447,0.230324,-0.370147,-0.0175543,-0.0670177,0.669701,0.134775,2.8454e-11,0.577502,-0.162417,0.0270241,0.264546,0.156086,-1.22805e-11,0.277128,-0.147222,0.00569024
8.914,0.447936,0.121426,0.230312,-0.370527,-0.0178767,-0.0666716,0.669701,0.134775,2.8454e-11,0.577581,-0.162416,0.0273948,0.264546,0.156086,-1.22805e-11,0.277152,-0.147227,0.00553756
8.915,0.447993,0.121403,0.230301,-0.370916,-0.018196,-0.0663148,0.669701,0.134775,2.8454e-11,0.577661,-0.162415,0.027767,0.264546,0.156086,-1.22805e-11,0.277175,-0.147231,0.00538663
8.916,0.44805,0.12138,0.23029,-0.371312,-0.0185121,-0.0659476,0.669701,0.134775,2.8454e-11,0.577741,-0.162414,0.0281406,0.264546,0.156086,-1.22805e-11,0.277198,-0.147236,0.00523746
8.917,0.448105,0.121355,0.23028,-0.371715,-0.0188253,-0.06557,0.669701,0.134775,2.8454e-11,0.577822,-0.162412,0.0285157,0.264546,0.156086,-1.22805e-11,0.277221,-0.14724,0.00509006
8.918,0.44816,0.121329,0.23027,-0.372125,-0.0191355,-0.0651824,0.669701,0.134775,2.8454e-11,0.577905,-0.162411,0.0288921,0.264546,0.156086,-1.22805e-11,0.277243,-0.147245,0.00494446
8.919,0.448213,0.121303,0.23026,-0.372542,-0.0194428,-0.064785,0.669701,0.134775,2.8454e-11,0.577988,-0.16241,0.02927,0.264546,0.156086,-1.22805e-11,0.277265,-0.147249,0.00480065
8.92,0.448266,0.121275,0.23025,-0.372965,-0.0197474,-0.064378,0.669701,0.134775,2.8454e-11,0.578072,-0.162409,0.0296492,0.264546,0.156086,-1.22805e-11,0.277287,-0.147253,0.00465867
8.921,0.448318,0.121246,0.230241,-0.373395,-0.0200491,-0.0639617,0.669701,0.134775,2.8454e-11,0.578156,-0.162407,0.0300298,0.264546,0.156086,-1.22805e-11,0.277308,-0.147257,0.00451852
8.922,0.44837,0.121215,0.230232,-0.37383,-0.0203482,-0.0635361,0.669701,0.134775,2.8454e-11,0.578242,-0.162406,0.0304117,0.264546,0.156086,-1.22805e-11,0.277328,-0.147261,0.00438022
8.923,0.44842,0.121184,0.230223,-0.374271,-0.0206447,-0.0631016,0.669701,0.134775,2.8454e-11,0.578329,-0.162405,0.0307949,0.264546,0.156086,-1.22805e-11,0.277349,-0.147265,0.00424378
8.924,0.448469,0.121151,0.230215,-0.374717,-0.0209386,-0.0626584,0.669701,0.134775,2.8454e-11,0.578416,-0.162403,0.0311793,0.264546,0.156086,-1.22805e-11,0.277368,-0.147269,0.00410921
8.925,0.448518,0.121118,0.230207,-0.375168,-0.02123,-0.0622067,0.669701,0.134775,2.8454e-11,0.578505,-0.162402,0.031565,0.264546,0.156086,-1.22805e-11,0.277388,-0.147273,0.00397654
8.926,0.448566,0.121083,0.230199,-0.375623,-0.021519,-0.0617467,0.669701,0.134775,2.8454e-11,0.578594,-0.162401,0.031952,0.264546,0.156086,-1.22805e-11,0.277407,-0.147277,0.00384576
8.927,0.448613,0.121047,0.230191,-0.376083,-0.0218056,-0.0612786,0.669701,0.134775,2.8454e-11,0.578684,-0.162399,0.0323401,0.264546,0.156086,-1.22805e-11,0.277425,-0.147281,0.00371691
8.928,0.448659,0.12101,0.230184,-0.376547,-0.0220899,-0.0608027,0.669701,0.134775,2.8454e-11,0.578775,-0.162398,0.0327294,0.264546,0.156086,-1.22805e-11,0.277443,-0.147284,0.00358999
8.929,0.448704,0.120972,0.230177,-0.377015,-0.022372,-0.0603191,0.669701,0.134775,2.8454e-11,0.578867,-0.162396,0.0331199,0.264546,0.156086,-1.22805e-11,0.277461,-0.147288,0.00346501
8.93,0.448749,0.120933,0.23017,-0.377487,-0.0226519,-0.0598282,0.669701,0.134775,2.8454e-11,0.57896,-0.162395,0.0335115,0.264546,0.156086,-1.22805e-11,0.277478,-0.147291,0.003342
8.931,0.448792,0.120893,0.230164,-0.377962,-0.0229296,-0.05933,0.669701,0.134775,2.8454e-11,0.579054,-0.162393,0.0339042,0.264546,0.156086,-1.22805e-11,0.277495,-0.147294,0.00322096
8.932,0.448835,0.120851,0.230157,-0.378439,-0.0232054,-0.0588249,0.669701,0.134775,2.8454e-11,0.579149,-0.162392,0.034298,0.264546,0.156086,-1.22805e-11,0.277512,-0.147298,0.00310191
8.933,0.448877,0.120809,0.230151,-0.37892,-0.0234791,-0.0583131,0.669701,0.134775,2.8454e-11,0.579244,-0.162391,0.0346929,0.264546,0.156086,-1.22805e-11,0.277528,-0.147301,0.00298486
8.934,0.448918,0.120765,0.230145,-0.379403,-0.0237509,-0.0577947,0.669701,0.134775,2.8454e-11,0.579341,-0.162389,0.0350888,0.264546,0.156086,-1.22805e-11,0.277544,-0.147304,0.00286983
8.935,0.448959,0.12072,0.23014,-0.379888,-0.0240209,-0.05727,0.669701,0.134775,2.8454e-11,0.579438,-0.162388,0.0354857,0.264546,0.156086,-1.22805e-11,0.277559,-0.147307,0.00275683
8.936,0.448998,0.120674,0.230134,-0.380374,-0.024289,-0.0567392,0.669701,0.134775,2.8454e-11,0.579537,-0.162386,0.0358836,0.264546,0.156086,-1.22805e-11,0.277574,-0.14731,0.00264588
8.937,0.449037,0.120627,0.230129,-0.380863,-0.0245555,-0.0562025,0.669701,0.134775,2.8454e-11,0.579636,-0.162384,0.0362825,0.264546,0.156086,-1.22805e-11,0.277589,-0.147313,0.00253699
8.938,0.449074,0.120579,0.230124,-0.381352,-0.0248202,-0.0556602,0.669701,0.134775,2.8454e-11,0.579737,-0.162383,0.0366823,0.264546,0.156086,-1.22805e-11,0.277603,-0.147316,0.00243017
8.939,0.449111,0.12053,0.230119,-0.381843,-0.0250834,-0.0551124,0.669701,0.134775,2.8454e-11,0.579838,-0.162381,0.0370831,0.264546,0.156086,-1.22805e-11,0.277617,-0.147318,0.00232544
8.94,0.449147,0.12048,0.230115,-0.382334,-0.025345,-0.0545594,0.669701,0.134775,2.8454e-11,0.57994,-0.16238,0.0374848,0.264546,0.156086,-1.22805e-11,0.277631,-0.147321,0.00222282
8.941,0.449183,0.120428,0.23011,-0.382826,-0.0256051,-0.0540015,0.669701,0.134775,2.8454e-11,0.580043,-0.162378,0.0378874,0.264546,0.156086,-1.22805e-11,0.277644,-0.147324,0.00212231
8.942,0.449217,0.120376,0.230106,-0.383318,-0.0258639,-0.0534387,0.669701,0.134775,2.8454e-11,0.580148,-0.162377,0.0382908,0.264546,0.156086,-1.22805e-11,0.277657,-0.147326,0.00202394
8.943,0.449251,0.120322,0.230102,-0.383809,-0.0261213,-0.0528714,0.669701,0.134775,2.8454e-11,0.580253,-0.162375,0.038695,0.264546,0.156086,-1.22805e-11,0.277669,-0.147329,0.00192771
8.944,0.449284,0.120267,0.230098,-0.384301,-0.0263774,-0.0522998,0.669701,0.134775,2.8454e-11,0.580359,-0.162373,0.0391001,0.264546,0.156086,-1.22805e-11,0.277681,-0.147331,0.00183364
8.945,0.449316,0.120211,0.230094,-0.384791,-0.0266322,-0.051724,0.669701,0.134775,2.8454e-11,0.580466,-0.162372,0.0395059,0.264546,0.156086,-1.22805e-11,0.277693,-0.147333,0.00174174
8.946,0.449347,0.120154,0.230091,-0.385281,-0.0268859,-0.0511444,0.669701,0.134775,2.8454e-11,0.580574,-0.16237,0.0399125,0.264546,0.156086,-1.22805e-11,0.277704,-0.147336,0.00165203
8.947,0.449377,0.120096,0.230087,-0.385769,-0.0271386,-0.050561,0.669701,0.134775,2.8454e-11,0.580683,-0.162368,0.0403199,0.264546,0.156086,-1.22805e-11,0.277715,-0.147338,0.00156453
8.948,0.449406,0.120036,0.230084,-0.386256,-0.0273902,-0.0499742,0.669701,0.134775,2.8454e-11,0.580793,-0.162367,0.040728,0.264546,0.156086,-1.22805e-11,0.277726,-0.14734,0.00147924
8.949,0.449435,0.119976,0.230081,-0.38674,-0.0276408,-0.0493842,0.669701,0.134775,2.8454e-11,0.580904,-0.162365,0.0411367,0.264546,0.156086,-1.22805e-11,0.277736,-0.147342,0.00139618
8.95,0.449463,0.119914,0.230078,-0.387223,-0.0278905,-0.0487911,0.669701,0.134775,2.8454e-11,0.581016,-0.162363,0.0415462,0.264546,0.156086,-1.22805e-11,0.277746,-0.147344,0.00131537
8.951,0.44949,0.119852,0.230075,-0.387703,-0.0281394,-0.0481952,0.669701,0.134775,2.8454e-11,0.581129,-0.162361,0.0419563,0.264546,0.156086,-1.22805e-11,0.277756,-0.147346,0.00123681
8.952,0.449516,0.119788,0.230072,-0.388181,-0.0283875,-0.0475968,0.669701,0.134775,2.8454e-11,0.581243,-0.16236,0.042367,0.264546,0.156086,-1.22805e-11,0.277765,-0.147348,0.00116053
8.953,0.449541,0.119723,0.23007,-0.388655,-0.0286349,-0.046996,0.669701,0.134775,2.8454e-11,0.581358,-0.162358,0.0427784,0.264546,0.156086,-1.22805e-11,0.277774,-0.147349,0.00108654
8.954,0.449566,0.119657,0.230067,-0.389126,-0.0288817,-0.046393,0.669701,0.134775,2.8454e-11,0.581474,-0.162356,0.0431903,0.264546,0.156086,-1.22805e-11,0.277782,-0.147351,0.00101485
8.955,0.44959,0.11959,0.230065,-0.389594,-0.0291279,-0.0457882,0.669701,0.134775,2.8454e-11,0.581591,-0.162354,0.0436027,0.264546,0.156086,-1.22805e-11,0.277791,-0.147353,0.000945482
8.956,0.449612,0.119522,0.230063,-0.390058,-0.0293735,-0.0451816,0.669701,0.134775,2.8454e-11,0.581709,-0.162352,0.0440157,0.264546,0.156086,-1.22805e-11,0.277798,-0.147354,0.00087844
8.957,0.449635,0.119452,0.230061,-0.390517,-0.0296187,-0.0445735,0.669701,0.134775,2.8454e-11,0.581828,-0.162351,0.0444293,0.264546,0.156086,-1.22805e-11,0.277806,-0.147356,0.000813743
8.958,0.449656,0.119382,0.230059,-0.390973,-0.0298635,-0.0439642,0.669701,0.134775,2.8454e-11,0.581948,-0.162349,0.0448433,0.264546,0.156086,-1.22805e-11,0.277813,-0.147357,0.000751405
8.959,0.449676,0.11931,0.230057,-0.391423,-0.030108,-0.0433538,0.669701,0.134775,2.8454e-11,0.582069,-0.162347,0.0452578,0.264546,0.156086,-1.22805e-11,0.27782,-0.147359,0.00069144
8.96,0.449696,0.119238,0.230055,-0.391869,-0.0303522,-0.0427425,0.669701,0.134775,2.8454e-11,0.582191,-0.162345,0.0456727,0.264546,0.156086,-1.22805e-11,0.277827,-0.14736,0.000633863
8.961,0.449715,0.119164,0.230053,-0.392309,-0.0305962,-0.0421307,0.669701,0.134775,2.8454e-11,0.582314,-0.162343,0.046088,0.264546,0.156086,-1.22805e-11,0.277833,-0.147361,0.000578688
8.962,0.449733,0.119089,0.230051,-0.392744,-0.0308401,-0.0415185,0.669701,0.134775,2.8454e-11,0.582438,-0.162341,0.0465038,0.264546,0.156086,-1.22805e-11,0.277839,-0.147362,0.000525928
8.963,0.44975,0.119013,0.23005,-0.393173,-0.0310839,-0.0409061,0.669701,0.134775,2.8454e-11,0.582563,-0.162339,0.0469199,0.264546,0.156086,-1.22805e-11,0.277845,-0.147363,0.000475599
8.964,0.449766,0.118935,0.230048,-0.393595,-0.0313276,-0.0402938,0.669701,0.134775,2.8454e-11,0.582689,-0.162337,0.0473363,0.264546,0.156086,-1.22805e-11,0.27785,-0.147364,0.000427714
8.965,0.449782,0.118857,0.230047,-0.394012,-0.0315715,-0.0396817,0.669701,0.134775,2.8454e-11,0.582817,-0.162335,0.0477531,0.264546,0.156086,-1.22805e-11,0.277855,-0.147365,0.000382288
8.966,0.449796,0.118778,0.230045,-0.394421,-0.0318154,-0.0390701,0.669701,0.134775,2.8454e-11,0.582945,-0.162333,0.0481702,0.264546,0.156086,-1.22805e-11,0.27786,-0.147366,0.000339335
8.967,0.44981,0.118697,0.230044,-0.394824,-0.0320596,-0.0384593,0.669701,0.134775,2.8454e-11,0.583074,-0.162331,0.0485876,0.264546,0.156086,-1.22805e-11,0.277864,-0.147367,0.000298869
8.968,0.449823,0.118616,0.230042,-0.395219,-0.0323039,-0.0378493,0.669701,0.134775,2.8454e-11,0.583205,-0.162329,0.0490053,0.264546,0.156086,-1.22805e-11,0.277868,-0.147368,0.000260904
8.969,0.449836,0.118533,0.230041,-0.395607,-0.0325486,-0.0372405,0.669701,0.134775,2.8454e-11,0.583336,-0.162327,0.0494231,0.264546,0.156086,-1.22805e-11,0.277872,-0.147369,0.000225454
8.97,0.449847,0.118449,0.23004,-0.395987,-0.0327937,-0.0366331,0.669701,0.134775,2.8454e-11,0.583469,-0.162325,0.0498412,0.264546,0.156086,-1.22805e-11,0.277876,-0.14737,0.000192535
8.971,0.449858,0.118364,0.230038,-0.396359,-0.0330392,-0.0360272,0.669701,0.134775,2.8454e-11,0.583602,-0.162323,0.0502595,0.264546,0.156086,-1.22805e-11,0.277879,-0.14737,0.000162159
8.972,0.449868,0.118278,0.230037,-0.396722,-0.0332852,-0.0354232,0.669701,0.134775,2.8454e-11,0.583737,-0.162321,0.050678,0.264546,0.156086,-1.22805e-11,0.277882,-0.147371,0.000134342
8.973,0.449877,0.118191,0.230036,-0.397077,-0.0335318,-0.0348211,0.669701,0.134775,2.8454e-11,0.583873,-0.162319,0.0510966,0.264546,0.156086,-1.22805e-11,0.277884,-0.147371,0.000109097
8.974,0.449885,0.118102,0.230035,-0.397423,-0.0337789,-0.0342214,0.669701,0.134775,2.8454e-11,0.584009,-0.162317,0.0515153,0.264546,0.156086,-1.22805e-11,0.277887,-0.147372,8.64391e-05
8.975,0.449892,0.118013,0.230033,-0.39776,-0.0340268,-0.033624,0.669701,0.134775,2.8454e-11,0.584147,-0.162315,0.0519341,0.264546,0.156086,-1.22805e-11,0.277889,-0.147372,6.63818e-05
8.976,0.449899,0.117922,0.230032,-0.398087,-0.0342755,-0.0330294,0.669701,0.134775,2.8454e-11,0.584286,-0.162313,0.052353,0.264546,0.156086,-1.22805e-11,0.277891,-0.147372,4.89398e-05
8.977,0.449905,0.117831,0.230031,-0.398404,-0.0345249,-0.0324376,0.669701,0.134775,2.8454e-11,0.584426,-0.162311,0.052772,0.264546,0.156086,-1.22805e-11,0.277892,-0.147373,3.4127e-05
8.978,0.44991,0.117738,0.23003,-0.398711,-0.0347753,-0.031849,0.669701,0.134775,2.8454e-11,0.584567,-0.162308,0.0531909,0.264546,0.156086,-1.22805e-11,0.277893,-0.147373,2.19579e-05
8.979,0.449914,0.117644,0.230028,-0.399007,-0.0350265,-0.0312637,0.669701,0.134775,2.8454e-11,0.58471,-0.162306,0.0536099,0.264546,0.156086,-1.22805e-11,0.277894,-0.147373,1.24466e-05
8.98,0.449917,0.117549,0.230027,-0.399293,-0.0352788,-0.030682,0.669701,0.134775,2.8454e-11,0.584853,-0.162304,0.0540289,0.264546,0.156086,-1.22805e-11,0.277895,-0.147373,5.60727e-06
8.981,0.44992,0.117453,0.230026,-0.399568,-0.0355322,-0.0301041,0.669701,0.134775,2.8454e-11,0.584997,-0.162302,0.0544478,0.264546,0.156086,-1.22805e-11,0.277895,-0.147373,1.45425e-06
8.982,0.449922,0.117355,0.230024,-0.399832,-0.0357867,-0.0295301,0.669701,0.134775,2.8454e-11,0.585143,-0.162299,0.0548667,0.264546,0.156086,-1.22805e-11,0.277896,-0.147373,1.71903e-09
8.983,0.449923,0.117257,0.230023,-0.400084,-0.0360424,-0.0289604,0.669701,0.134775,2.8454e-11,0.58529,-0.162297,0.0552854,0.264546,0.156086,-1.22805e-11,0.277896,-0.147373,-3.33111e-11
8.984,0.449923,0.117157,0.230022,-0.400325,-0.0362994,-0.0283951,0.669701,0.134775,2.8454e-11,0.585437,-0.162295,0.0557041,0.264546,0.156086,-1.22805e-11,0.277896,-0.147373,-3.33111e-11
8.985,0.449922,0.117057,0.23002,-0.400553,-0.0365577,-0.0278344,0.669701,0.134775,2.8454e-11,0.585586,-0.162293,0.0561227,0.264546,0.156086,-1.22805e-11,0.277896,-0.147373,-3.33111e-11
8.986,0.449921,0.116955,0.230018,-0.400769,-0.0368173,-0.0272787,0.669701,0.134775,2.8454e-11,0.585736,-0.16229,0.056541,0.264546,0.156086,-1.22805e-11,0.277896,-0.147373,-3.33111e-11
8.987,0.449919,0.116852,0.230017,-0.400972,-0.0370785,-0.026728,0.669701,0.134775,2.8454e-11,0.585887,-0.162288,0.0569593,0.264546,0.156086,-1.22805e-11,0.277896,-0.147373,-3.33111e-11
8.988,0.449916,0.116748,0.230015,-0.401163,-0.0373412,-0.0261826,0.669701,0.134775,2.8454e-11,0.586039,-0.162286,0.0573773,0.264546,0.156086,-1.22805e-11,0.277896,-0.147373,-3.33111e-11
8.989,0.449912,0.116643,0.230013,-0.40134,-0.0376054,-0.0256428,0.669701,0.134775,2.8454e-11,0.586193,-0.162283,0.057795,0.264546,0.156086,-1.22805e-11,0.277896,-0.147373,-3.33111e-11
8.99,0.449907,0.116537,0.230012,-0.401503,-0.0378713,-0.0251087,0.669701,0.134775,2.8454e-11,0.586347,-0.162281,0.0582126,0.264546,0.156086,-1.22805e-11,0.277896,-0.147373,-3.33111e-11
8.991,0.449902,0.11643,0.23001,-0.401653,-0.0381389,-0.0245806,0.669701,0.134775,2.8454e-11,0.586503,-0.162278,0.0586299,0.264546,0.156086,-1.22805e-11,0.277896,-0.147373,-3.33111e-11
8.992,0.449896,0.116321,0.230008,-0.401789,-0.0384083,-0.0240587,0.669701,0.134775,2.8454e-11,0.58666,-0.162276,0.0590468,0.264546,0.156086,-1.22805e-11,0.277896,-0.147373,-3.33111e-11
8.993,0.449889,0.116212,0.230006,-0.40191,-0.0386795,-0.0235432,0.669701,0.134775,2.8454e-11,0.586818,-0.162274,0.0594635,0.264546,0.156086,-1.22805e-11,0.277896,-0.147373,-3.33111e-11
8.994,0.449881,0.116101,0.230003,-0.402017,-0.0389526,-0.0230343,0.669701,0.134775,2.8454e-11,0.586977,-0.162271,0.0598798,0.264546,0.156086,-1.22805e-11,0.277896,-0.147373,-3.33111e-11
8.995,0.449873,0.11599,0.230001,-0.402108,-0.0392277,-0.0225322,0.669701,0.134775,2.8454e-11,0.587137,-0.162269,0.0602958,0.264546,0.156086,-1.22805e-11,0.277896,-0.147373,-3.33111e-11
8.996,0.449863,0.115877,0.229999,-0.402185,-0.0395048,-0.0220373,0.669701,0.134775,2.8454e-11,0.587299,-0.162266,0.0607114,0.264546,0.156086,-1.22805e-11,0.277896,-0.147373,-3.33111e-11
8.997,0.449853,0.115763,0.229996,-0.402246,-0.039784,-0.0215496,0.669701,0.134775,2.8454e-11,0.587461,-0.162264,0.0611265,0.264546,0.156086,-1.22805e-11,0.277896,-0.147373,-3.33111e-11
8.998,0.449842,0.115648,0.229993,-0.402291,-0.0400654,-0.0210694,0.669701,0.134775,2.8454e-11,0.587625,-0.162261,0.0615413,0.264546,0.156086,-1.22805e-11,0.277896,-0.147373,-3.33111e-11
8.999,0.44983,0.115531,0.229991,-0.40232,-0.040349,-0.020597,0.669701,0.134775,2.8454e-11,0.58779,-0.162259,0.0619556,0.264546,0.156086,-1.22805e-11,0.277896,-0.147373,-3.33111e-11
9,0.449818,0.115414,0.229988,-0.402333,-0.0406349,-0.0201325,0.669701,0.134775,2.8454e-11,0.587956,-0.162256,0.0623694,0.264546,0.156086,-1.22805e-11,0.277896,-0.147373,-3.33111e-11
9.001,0.449805,0.115296,0.229985,-0.402329,-0.0409231,-0.0196761,0.669701,0.134775,2.8454e-11,0.588123,-0.162253,0.0627827,0.264546,0.156086,-1.22805e-11,0.277896,-0.147373,-3.33111e-11
9.002,0.449791,0.115176,0.229981,-0.402308,-0.0412136,-0.0192278,0.669701,0.134775,2.8454e-11,0.588291,-0.162251,0.0631955,0.264546,0.156086,-1.22805e-11,0.277896,-0.147373,-3.33111e-11
9.003,0.449776,0.115055,0.229978,-0.402271,-0.0415064,-0.0187877,0.669701,0.134775,2.8454e-11,0.588461,-0.162248,0.0636077,0.264546,0.156086,-1.22805e-11,0.277896,-0.147373,-3.33111e-11
9.004,0.44976,0.114934,0.229975,-0.402218,-0.0418016,-0.0183556,0.669701,0.134775,2.8454e-11,0.588632,-0.162246,0.0640194,0.264546,0.156086,-1.22805e-11,0.277896,-0.147373,-3.33111e-11
9.005,0.449744,0.114811,0.229971,-0.402149,-0.042099,-0.0179315,0.669701,0.134775,2.8454e-11,0.588804,-0.162243,0.0644305,0.264546,0.156086,-1.22805e-11,0.277896,-0.147373,-3.33111e-11
9.006,0.449727,0.114687,0.229967,-0.402063,-0.0423986,-0.0175154,0.669701,0.134775,2.8454e-11,0.588977,-0.16224,0.0648409,0.264546,0.156086,-1.22805e-11,0.277896,-0.147373,-3.33111e-11
9.007,0.449709,0.114562,0.229964,-0.401961,-0.0427005,-0.0171072,0.669701,0.134775,2.8454e-11,0.589151,-0.162238,0.0652508,0.264546,0.156086,-1.22805e-11,0.277896,-0.147373,-3.33111e-11
9.008,0.44969,0.114436,0.22996,-0.401844,-0.0430046,-0.016707,0.669701,0.134775,2.8454e-11,0.589327,-0.162235,0.06566,0.264546,0.156086,-1.22805e-11,0.277896,-0.147373,-3.33111e-11
9.009,0.449671,0.114309,0.229955,-0.40171,-0.0433109,-0.0163147,0.669701,0.134775,2.8454e-11,0.589504,-0.162232,0.0660684,0.264546,0.156086,-1.22805e-11,0.277896,-0.147373,-3.33111e-11
9.01,0.44965,0.114181,0.229951,-0.401561,-0.0436194,-0.0159302,0.669701,0.134775,2.8454e-11,0.589682,-0.162229,0.0664762,0.264546,0.156086,-1.22805e-11,0.277896,-0.147373,-3.33111e-11
9.011,0.449629,0.114051,0.229947,-0.401397,-0.04393,-0.0155535,0.669701,0.134775,2.8454e-11,0.589861,-0.162227,0.0668833,0.264546,0.156086,-1.22805e-11,0.277896,-0.147373,-3.33111e-11
9.012,0.449608,0.113921,0.229942,-0.401216,-0.0442428,-0.0151846,0.669701,0.134775,2.8454e-11,0.590041,-0.162224,0.0672896,0.264546,0.156086,-1.22805e-11,0.277896,-0.147373,-3.33111e-11
9.013,0.449585,0.11379,0.229938,-0.401021,-0.0445577,-0.0148234,0.669701,0.134775,2.8454e-11,0.590223,-0.162221,0.0676951,0.264546,0.156086,-1.22805e-11,0.277896,-0.147373,-3.33111e-11
9.014,0.449562,0.113657,0.229933,-0.40081,-0.0448747,-0.0144699,0.669701,0.134775,2.8454e-11,0.590406,-0.162218,0.0680998,0.264546,0.156086,-1.22805e-11,0.277896,-0.147373,-3.33111e-11
9.015,0.449538,0.113524,0.229928,-0.400584,-0.0451937,-0.0141241,0.669701,0.134775,2.8454e-11,0.59059,-0.162215,0.0685037,0.264546,0.156086,-1.22805e-11,0.277896,-0.147373,-3.33111e-11
9.016,0.449514,0.113389,0.229923,-0.400343,-0.0455149,-0.0137859,0.669701,0.134775,2.8454e-11,0.590775,-0.162213,0.0689068,0.264546,0.156086,-1.22805e-11,0.277896,-0.147373,-3.33111e-11
9.017,0.449488,0.113254,0.229918,-0.400087,-0.045838,-0.0134553,0.669701,0.134775,2.8454e-11,0.590962,-0.16221,0.069309,0.264546,0.156086,-1.22805e-11,0.277896,-0.147373,-3.33111e-11
9.018,0.449462,0.113117,0.229913,-0.399816,-0.0461632,-0.0131323,0.669701,0.134775,2.8454e-11,0.59115,-0.162207,0.0697103,0.264546,0.156086,-1.22805e-11,0.277896,-0.147373,-3.33111e-11
9.019,0.449435,0.11298,0.229908,-0.39953,-0.0464904,-0.0128168,0.669701,0.134775,2.8454e-11,0.591339,-0.162204,0.0701107,0.264546,0.156086,-1.22805e-11,0.277896,-0.147373,-3.33111e-11
9.02,0.449408,0.112841,0.229902,-0.399229,-0.0468196,-0.0125089,0.669701,0.134775,2.8454e-11,0.591529,-0.162201,0.0705102,0.264546,0.156086,-1.22805e-11,0.277896,-0.147373,-3.33111e-11
9.021,0.44938,0.112702,0.229897,-0.398914,-0.0471507,-0.0122083,0.669701,0.134775,2.8454e-11,0.591721,-0.162198,0.0709086,0.264546,0.156086,-1.22805e-11,0.277896,-0.147373,-3.33111e-11
9.022,0.449351,0.112561,0.229891,-0.398585,-0.0474838,-0.0119152,0.669701,0.134775,2.8454e-11,0.591913,-0.162195,0.0713062,0.264546,0.156086,-1.22805e-11,0.277896,-0.147373,-3.33111e-11
9.023,0.449321,0.11242,0.229886,-0.398241,-0.0478188,-0.0116295,0.669701,0.134775,2.8454e-11,0.592108,-0.162192,0.0717027,0.264546,0.156086,-1.22805e-11,0.277896,-0.147373,-3.33111e-11
9.024,0.449291,0.112277,0.22988,-0.397883,-0.0481557,-0.0113511,0.669701,0.134775,2.8454e-11,0.592303,-0.162189,0.0720981,0.264546,0.156086,-1.22805e-11,0.277896,-0.147373,-3.33111e-11
9.025,0.44926,0.112133,0.229874,-0.397511,-0.0484945,-0.01108,0.669701,0.134775,2.8454e-11,0.592499,-0.162186,0.0724926,0.264546,0.156086,-1.22805e-11,0.277896,-0.147373,-3.33111e-11
9.026,0.449228,0.111989,0.229868,-0.397125,-0.0488352,-0.0108162,0.669701,0.134775,2.8454e-11,0.592697,-0.162183,0.0728859,0.264546,0.156086,-1.22805e-11,0.277896,-0.147373,-3.33111e-11
9.027,0.449196,0.111843,0.229862,-0.396724,-0.0491777,-0.0105597,0.669701,0.134775,2.8454e-11,0.592896,-0.16218,0.0732782,0.264546,0.156086,-1.22805e-11,0.277896,-0.147373,-3.33111e-11
9.028,0.449163,0.111697,0.229856,-0.39631,-0.0495221,-0.0103103,0.669701,0.134775,2.8454e-11,0.593097,-0.162177,0.0736693,0.264546,0.156086,-1.22805e-11,0.277896,-0.147373,-3.33111e-11
9.029,0.449129,0.11155,0.229849,-0.395883,-0.0498682,-0.0100682,0.669701,0.134775,2.8454e-11,0.593298,-0.162174,0.0740593,0.264546,0.156086,-1.22805e-11,0.277896,-0.147373,-3.33111e-11
9.03,0.449094,0.111401,0.229843,-0.395441,-0.0502162,-0.00983312,0.669701,0.134775,2.8454e-11,0.593501,-0.16217,0.0744481,0.264546,0.156086,-1.22805e-11,0.277896,-0.147373,-3.33111e-11
9.031,0.449059,0.111252,0.229837,-0.394987,-0.0505659,-0.00960519,0.669701,0.134775,2.8454e-11,0.593706,-0.162167,0.0748358,0.264546,0.156086,-1.22805e-11,0.277896,-0.147373,-3.33111e-11
9.032,0.449023,0.111102,0.22983,-0.394518,-0.0509174,-0.00938432,0.669701,0.134775,2.8454e-11,0.593911,-0.162164,0.0752222,0.264546,0.156086,-1.22805e-11,0.277896,-0.147373,-3.33111e-11
9.033,0.448987,0.11095,0.229823,-0.394037,-0.0512706,-0.00917049,0.669701,0.134775,2.8454e-11,0.594118,-0.162161,0.0756074,0.264546,0.156086,-1.22805e-11,0.277896,-0.147373,-3.33111e-11
9.034,0.44895,0.110798,0.229817,-0.393542,-0.0516255,-0.00896365,0.669701,0.134775,2.8454e-11,0.594326,-0.162158,0.0759913,0.264546,0.156086,-1.22805e-11,0.277896,-0.147373,-3.33111e-11
9.035,0.448912,0.110645,0.22981,-0.393034,-0.0519821,-0.00876377,0.669701,0.134775,2.8454e-11,0.594536,-0.162155,0.076374,0.264546,0.156086,-1.22805e-11,0.277896,-0.147373,-3.33111e-11
9.036,0.448874,0.110491,0.229803,-0.392513,-0.0523404,-0.00857082,0.669701,0.134775,2.8454e-11,0.594746,-0.162151,0.0767553,0.264546,0.156086,-1.22805e-11,0.277896,-0.147373,-3.33111e-11
9.037,0.448835,0.110336,0.229796,-0.39198,-0.0527004,-0.00838475,0.669701,0.134775,2.8454e-11,0.594958,-0.162148,0.0771353,0.264546,0.156086,-1.22805e-11,0.277896,-0.147373,-3.33111e-11
9.038,0.448795,0.11018,0.229789,-0.391433,-0.0530619,-0.00820554,0.669701,0.134775,2.8454e-11,0.595172,-0.162145,0.077514,0.264546,0.156086,-1.22805e-11,0.277896,-0.147373,-3.33111e-11
9.039,0.448755,0.110023,0.229782,-0.390874,-0.0534251,-0.00803315,0.669701,0.134775,2.8454e-11,0.595386,-0.162141,0.0778913,0.264546,0.156086,-1.22805e-11,0.277896,-0.147373,-3.33111e-11
9.04,0.448714,0.109866,0.229775,-0.390302,-0.05379,-0.00786754,0.669701,0.134775,2.8454e-11,0.595602,-0.162138,0.0782672,0.264546,0.156086,-1.22805e-11,0.277896,-0.147373,-3.33111e-11
9.041,0.448672,0.109707,0.229768,-0.389718,-0.0541563,-0.00770867,0.669701,0.134775,2.8454e-11,0.59582,-0.162135,0.0786417,0.264546,0.156086,-1.22805e-11,0.277896,-0.147373,-3.33111e-11
9.042,0.44863,0.109548,0.22976,-0.389121,-0.0545243,-0.00755652,0.669701,0.134775,2.8454e-11,0.596038,-0.162131,0.0790147,0.264546,0.156086,-1.22805e-11,0.277896,-0.147373,-3.33111e-11
9.043,0.448587,0.109387,0.229753,-0.388512,-0.0548938,-0.00741105,0.669701,0.134775,2.8454e-11,0.596258,-0.162128,0.0793863,0.264546,0.156086,-1.22805e-11,0.277896,-0.147373,-3.33111e-11
9.044,0.448543,0.109226,0.229746,-0.387891,-0.0552648,-0.00727221,0.669701,0.134775,2.8454e-11,0.59648,-0.162125,0.0797564,0.264546,0.156086,-1.22805e-11,0.277896,-0.147373,-3.33111e-11
9.045,0.448499,0.109064,0.229738,-0.387258,-0.0556373,-0.00713998,0.669701,0.134775,2.8454e-11,0.596702,-0.162121,0.0801249,0.264546,0.156086,-1.22805e-11,0.277896,-0.147373,-3.33111e-11
9.046,0.448454,0.108901,0.22973,-0.386613,-0.0560113,-0.00701433,0.669701,0.134775,2.8454e-11,0.596926,-0.162118,0.080492,0.264546,0.156086,-1.22805e-11,0.277896,-0.147373,-3.33111e-11
9.047,0.448409,0.108737,0.229723,-0.385957,-0.0563868,-0.0068952,0.669701,0.134775,2.8454e-11,0.597152,-0.162114,0.0808575,0.264546,0.156086,-1.22805e-11,0.277896,-0.147373,-3.33111e-11
9.048,0.448363,0.108573,0.229715,-0.385288,-0.0567637,-0.00678258,0.669701,0.134775,2.8454e-11,0.597378,-0.162111,0.0812214,0.264546,0.156086,-1.22805e-11,0.277896,-0.147373,-3.33111e-11
9.049,0.448316,0.108407,0.229707,-0.384608,-0.057142,-0.00667642,0.669701,0.134775,2.8454e-11,0.597606,-0.162107,0.0815837,0.264546,0.156086,-1.22805e-11,0.277896,-0.147373,-3.33111e-11
9.05,0.448269,0.108241,0.2297,-0.383916,-0.0575218,-0.00657669,0.669701,0.134775,2.8454e-11,0.597836,-0.162104,0.0819443,0.264546,0.156086,-1.22805e-11,0.277896,-0.147373,-3.33111e-11
9.051,0.448222,0.108073,0.229692,-0.383213,-0.0579029,-0.00648335,0.669701,0.134775,2.8454e-11,0.598066,-0.1621,0.0823033,0.264546,0.156086,-1.22805e-11,0.277896,-0.147373,-3.33111e-11
9.052,0.448173,0.107905,0.229684,-0.382498,-0.0582854,-0.00639637,0.669701,0.134775,2.8454e-11,0.598299,-0.162096,0.0826607,0.264546,0.156086,-1.22805e-11,0.277896,-0.147373,-3.33111e-11
9.053,0.448124,0.107736,0.229676,-0.381773,-0.0586692,-0.00631572,0.669701,0.134775,2.8454e-11,0.598532,-0.162093,0.0830163,0.264546,0.156086,-1.22805e-11,0.277896,-0.147373,-3.33111e-11
9.054,0.448075,0.107566,0.229668,-0.381036,-0.0590544,-0.00624135,0.669701,0.134775,2.8454e-11,0.598767,-0.162089,0.0833703,0.264546,0.156086,-1.22805e-11,0.277896,-0.147373,-3.33111e-11
9.055,0.448025,0.107396,0.22966,-0.380288,-0.0594409,-0.00617323,0.669701,0.134775,2.8454e-11,0.599003,-0.162086,0.0837225,0.264546,0.156086,-1.22805e-11,0.277896,-0.147373,-3.33111e-11
9.056,0.447974,0.107224,0.229652,-0.37953,-0.0598287,-0.00611132,0.669701,0.134775,2.8454e-11,0.599241,-0.162082,0.0840729,0.264546,0.156086,-1.22805e-11,0.277896,-0.147373,-3.33111e-11
9.057,0.447923,0.107052,0.229643,-0.37876,-0.0602178,-0.0060556,0.669701,0.134775,2.8454e-11,0.59948,-0.162078,0.0844215,0.264546,0.156086,-1.22805e-11,0.277896,-0.147373,-3.33111e-11
9.058,0.447871,0.106879,0.229635,-0.37798,-0.0606081,-0.00600602,0.669701,0.134775,2.8454e-11,0.59972,-0.162074,0.0847684,0.264546,0.156086,-1.22805e-11,0.277896,-0.147373,-3.33111e-11
9.059,0.447818,0.106705,0.229627,-0.377189,-0.0609996,-0.00596256,0.669701,0.134775,2.8454e-11,0.599962,-0.162071,0.0851134,0.264546,0.156086,-1.22805e-11,0.277896,-0.147373,-3.33111e-11
9.06,0.447765,0.106531,0.229619,-0.376388,-0.0613924,-0.00592517,0.669701,0.134775,2.8454e-11,0.600205,-0.162067,0.0854565,0.264546,0.156086,-1.22805e-11,0.277896,-0.147373,-3.33111e-11
9.061,0.447712,0.106355,0.22961,-0.375576,-0.0617863,-0.00589381,0.669701,0.134775,2.8454e-11,0.60045,-0.162063,0.0857978,0.264546,0.156086,-1.22805e-11,0.277896,-0.147373,-3.33111e-11
9.062,0.447658,0.106179,0.229602,-0.374754,-0.0621815,-0.00586846,0.669701,0.134775,2.8454e-11,0.600696,-0.162059,0.0861371,0.264546,0.156086,-1.22805e-11,0.277896,-0.147373,-3.33111e-11
9.063,0.447603,0.106002,0.229594,-0.373922,-0.0625777,-0.00584908,0.669701,0.134775,2.8454e-11,0.600943,-0.162056,0.0864746,0.264546,0.156086,-1.22805e-11,0.277896,-0.147373,-3.33111e-11
9.064,0.447548,0.105824,0.229585,-0.37308,-0.0629752,-0.00583563,0.669701,0.134775,2.8454e-11,0.601192,-0.162052,0.08681,0.264546,0.156086,-1.22805e-11,0.277896,-0.147373,-3.33111e-11
9.065,0.447492,0.105646,0.229577,-0.372228,-0.0633737,-0.00582808,0.669701,0.134775,2.8454e-11,0.601442,-0.162048,0.0871436,0.264546,0.156086,-1.22805e-11,0.277896,-0.147373,-3.33111e-11
9.066,0.447436,0.105466,0.229568,-0.371366,-0.0637734,-0.00582639,0.669701,0.134775,2.8454e-11,0.601694,-0.162044,0.0874751,0.264546,0.156086,-1.22805e-11,0.277896,-0.147373,-3.33111e-11
9.067,0.447379,0.105286,0.22956,-0.370495,-0.0641741,-0.00583053,0.669701,0.134775,2.8454e-11,0.601947,-0.16204,0.0878046,0.264546,0.156086,-1.22805e-11,0.277896,-0.147373,-3.33111e-11
9.068,0.447322,0.105105,0.229551,-0.369613,-0.0645759,-0.00584046,0.669701,0.134775,2.8454e-11,0.602201,-0.162036,0.088132,0.264546,0.156086,-1.22805e-11,0.277896,-0.147373,-3.33111e-11
9.069,0.447264,0.104924,0.229542,-0.368723,-0.0649787,-0.00585614,0.669701,0.134775,2.8454e-11,0.602457,-0.162032,0.0884574,0.264546,0.156086,-1.22805e-11,0.277896,-0.147373,-3.33111e-11
9.07,0.447206,0.104741,0.229534,-0.367822,-0.0653826,-0.00587754,0.669701,0.134775,2.8454e-11,0.602714,-0.162028,0.0887808,0.264546,0.156086,-1.22805e-11,0.277896,-0.147373,-3.33111e-11
9.071,0.447147,0.104558,0.229525,-0.366913,-0.0657874,-0.00590463,0.669701,0.134775,2.8454e-11,0.602973,-0.162024,0.089102,0.264546,0.156086,-1.22805e-11,0.277896,-0.147373,-3.33111e-11
9.072,0.447087,0.104374,0.229517,-0.365994,-0.0661933,-0.00593737,0.669701,0.134775,2.8454e-11,0.603233,-0.16202,0.089421,0.264546,0.156086,-1.22805e-11,0.277896,-0.147373,-3.33111e-11
9.073,0.447027,0.10419,0.229508,-0.365066,-0.0666001,-0.00597572,0.669701,0.134775,2.8454e-11,0.603495,-0.162016,0.0897379,0.264546,0.156086,-1.22805e-11,0.277896,-0.147373,-3.33111e-11
9.074,0.446967,0.104005,0.229499,-0.364129,-0.0670078,-0.00601965,0.669701,0.134775,2.8454e-11,0.603758,-0.162012,0.0900527,0.264546,0.156086,-1.22805e-11,0.277896,-0.147373,-3.33111e-11
9.075,0.446906,0.103819,0.229491,-0.363183,-0.0674165,-0.00606913,0.669701,0.134775,2.8454e-11,0.604022,-0.162008,0.0903652,0.264546,0.156086,-1.22805e-11,0.277896,-0.147373,-3.33111e-11
9.076,0.446845,0.103632,0.229482,-0.362228,-0.0678261,-0.00612411,0.669701,0.134775,2.8454e-11,0.604288,-0.162004,0.0906755,0.264546,0.156086,-1.22805e-11,0.277896,-0.147373,-3.33111e-11
9.077,0.446783,0.103445,0.229473,-0.361265,-0.0682366,-0.00618456,0.669701,0.134775,2.8454e-11,0.604556,-0.162,0.0909836,0.264546,0.156086,-1.22805e-11,0.277896,-0.147373,-3.33111e-11
9.078,0.44672,0.103257,0.229464,-0.360293,-0.068648,-0.00625046,0.669701,0.134775,2.8454e-11,0.604825,-0.161996,0.0912894,0.264546,0.156086,-1.22805e-11,0.277896,-0.147373,-3.33111e-11
9.079,0.446657,0.103068,0.229456,-0.359313,-0.0690602,-0.00632175,0.669701,0.134775,2.8454e-11,0.605095,-0.161992,0.0915929,0.264546,0.156086,-1.22805e-11,0.277896,-0.147373,-3.33111e-11
9.08,0.446594,0.102878,0.229447,-0.358324,-0.0694732,-0.00639841,0.669701,0.134775,2.8454e-11,0.605367,-0.161987,0.0918941,0.264546,0.156086,-1.22805e-11,0.277896,-0.147373,-3.33111e-11
9.081,0.44653,0.102688,0.229438,-0.357327,-0.069887,-0.0064804,0.669701,0.134775,2.8454e-11,0.60564,-0.161983,0.0921929,0.264546,0.156086,-1.22805e-11,0.277896,-0.147373,-3.33111e-11
9.082,0.446466,0.102497,0.229429,-0.356321,-0.0703017,-0.00656768,0.669701,0.134775,2.8454e-11,0.605915,-0.161979,0.0924894,0.264546,0.156086,-1.22805e-11,0.277896,-0.147373,-3.33111e-11
9.083,0.446401,0.102306,0.229421,-0.355308,-0.0707171,-0.00666023,0.669701,0.134775,2.8454e-11,0.606191,-0.161975,0.0927835,0.264546,0.156086,-1.22805e-11,0.277896,-0.147373,-3.33111e-11
9.084,0.446336,0.102113,0.229412,-0.354287,-0.0711332,-0.006758,0.669701,0.134775,2.8454e-11,0.606469,-0.16197,0.0930752,0.264546,0.156086,-1.22805e-11,0.277896,-0.147373,-3.33111e-11
9.085,0.44627,0.101921,0.229403,-0.353257,-0.0715501,-0.00686096,0.669701,0.134775,2.8454e-11,0.606748,-0.161966,0.0933644,0.264546,0.156086,-1.22805e-11,0.277896,-0.147373,-3.33111e-11
9.086,0.446204,0.101727,0.229394,-0.35222,-0.0719677,-0.00696907,0.669701,0.134775,2.8454e-11,0.607029,-0.161962,0.0936512,0.264546,0.156086,-1.22805e-11,0.277896,-0.147373,-3.33111e-11
9.087,0.446137,0.101533,0.229386,-0.351176,-0.0723861,-0.0070823,0.669701,0.134775,2.8454e-11,0.607311,-0.161957,0.0939355,0.264546,0.156086,-1.22805e-11,0.277896,-0.147373,-3.33111e-11
9.088,0.44607,0.101338,0.229377,-0.350124,-0.072805,-0.00720061,0.669701,0.134775,2.8454e-11,0.607595,-0.161953,0.0942174,0.264546,0.156086,-1.22805e-11,0.277896,-0.147373,-3.33111e-11
9.089,0.446002,0.101143,0.229368,-0.349064,-0.0732247,-0.00732397,0.669701,0.134775,2.8454e-11,0.60788,-0.161949,0.0944967,0.264546,0.156086,-1.22805e-11,0.277896,-0.147373,-3.33111e-11
9.09,0.445934,0.100946,0.229359,-0.347997,-0.073645,-0.00745234,0.669701,0.134775,2.8454e-11,0.608166,-0.161944,0.0947734,0.264546,0.156086,-1.22805e-11,0.277896,-0.147373,-3.33111e-11
9.091,0.445866,0.10075,0.229351,-0.346923,-0.0740659,-0.00758569,0.669701,0.134775,2.8454e-11,0.608455,-0.16194,0.0950476,0.264546,0.156086,-1.22805e-11,0.277896,-0.147373,-3.33111e-11
9.092,0.445797,0.100552,0.229342,-0.345842,-0.0744874,-0.00772398,0.669701,0.134775,2.8454e-11,0.608744,-0.161935,0.0953192,0.264546,0.156086,-1.22805e-11,0.277896,-0.147373,-3.33111e-11
9.093,0.445727,0.100354,0.229333,-0.344753,-0.0749095,-0.00786718,0.669701,0.134775,2.8454e-11,0.609036,-0.161931,0.0955882,0.264546,0.156086,-1.22805e-11,0.277896,-0.147373,-3.33111e-11
9.094,0.445657,0.100156,0.229325,-0.343658,-0.0753321,-0.00801524,0.669701,0.134775,2.8454e-11,0.609328,-0.161926,0.0958545,0.264546,0.156086,-1.22805e-11,0.277896,-0.147373,-3.33111e-11
9.095,0.445587,0.0999565,0.229316,-0.342556,-0.0757553,-0.00816814,0.669701,0.134775,2.8454e-11,0.609623,-0.161922,0.0961182,0.264546,0.156086,-1.22805e-11,0.277896,-0.147373,-3.33111e-11
9.096,0.445517,0.0997567,0.229307,-0.341447,-0.076179,-0.00832584,0.669701,0.134775,2.8454e-11,0.609918,-0.161917,0.0963792,0.264546,0.156086,-1.22805e-11,0.277896,-0.147373,-3.33111e-11
9.097,0.445446,0.0995563,0.229299,-0.340332,-0.0766033,-0.00848831,0.669701,0.134775,2.8454e-11,0.610216,-0.161913,0.0966375,0.264546,0.156086,-1.22805e-11,0.277896,-0.147373,-3.33111e-11
9.098,0.445374,0.0993552,0.22929,-0.33921,-0.077028,-0.0086555,0.669701,0.134775,2.8454e-11,0.610515,-0.161908,0.096893,0.264546,0.156086,-1.22805e-11,0.277896,-0.147373,-3.33111e-11
9.099,0.445302,0.0991536,0.229282,-0.338081,-0.0774532,-0.00882739,0.669701,0.134775,2.8454e-11,0.610815,-0.161903,0.0971458,0.264546,0.156086,-1.22805e-11,0.277896,-0.147373,-3.33111e-11
9.1,0.44523,0.0989514,0.229273,-0.336947,-0.0778788,-0.00900393,0.669701,0.134775,2.8454e-11,0.611117,-0.161899,0.0973958,0.264546,0.156086,-1.22805e-11,0.277896,-0.147373,-3.33111e-11
9.101,0.445157,0.0987486,0.229265,-0.335806,-0.0783048,-0.00918508,0.669701,0.134775,2.8454e-11,0.61142,-0.161894,0.0976431,0.264546,0.156086,-1.22805e-11,0.277896,-0.147373,-3.33111e-11
9.102,0.445084,0.0985453,0.229256,-0.334659,-0.0787312,-0.00937075,0.669701,0.134775,2.8454e-11,0.611725,-0.161889,0.0978875,0.264546,0.156086,-1.22805e-11,0.277896,-0.147373,-3.33111e-11
9.103,0.44501,0.0983414,0.229248,-0.333507,-0.079158,-0.00956082,0.669701,0.134775,2.8454e-11,0.612032,-0.161884,0.098129,0.264546,0.156086,-1.22805e-11,0.277896,-0.147373,-3.33111e-11
9.104,0.444937,0.0981369,0.229239,-0.332349,-0.0795851,-0.00975517,0.669701,0.134775,2.8454e-11,0.61234,-0.16188,0.0983677,0.264546,0.156086,-1.22805e-11,0.277896,-0.147373,-3.33111e-11
9.105,0.444862,0.0979319,0.229231,-0.331185,-0.0800125,-0.00995371,0.669701,0.134775,2.8454e-11,0.61265,-0.161875,0.0986035,0.264546,0.156086,-1.22805e-11,0.277896,-0.147373,-3.33111e-11
9.106,0.444788,0.0977263,0.229223,-0.330016,-0.08044,-0.0101563,0.669701,0.134775,2.8454e-11,0.612961,-0.16187,0.0988364,0.264546,0.156086,-1.22805e-11,0.277896,-0.147373,-3.33111e-11
9.107,0.444713,0.0975202,0.229215,-0.328843,-0.0808678,-0.0103629,0.669701,0.134775,2.8454e-11,0.613274,-0.161865,0.0990663,0.264546,0.156086,-1.22805e-11,0.277896,-0.147373,-3.33111e-11
9.108,0.444637,0.0973136,0.229206,-0.327664,-0.0812957,-0.0105733,0.669701,0.134775,2.8454e-11,0.613588,-0.16186,0.0992933,0.264546,0.156086,-1.22805e-11,0.277896,-0.147373,-3.33111e-11
9.109,0.444561,0.0971065,0.229198,-0.326481,-0.0817237,-0.0107874,0.669701,0.134775,2.8454e-11,0.613904,-0.161856,0.0995173,0.264546,0.156086,-1.22805e-11,0.277896,-0.147373,-3.33111e-11
9.11,0.444485,0.0968989,0.22919,-0.325293,-0.0821518,-0.0110052,0.669701,0.134775,2.8454e-11,0.614222,-0.161851,0.0997383,0.264546,0.156086,-1.22805e-11,0.277896,-0.147373,-3.33111e-11
9.111,0.444409,0.0966907,0.229183,-0.324102,-0.0825798,-0.0112265,0.669701,0.134775,2.8454e-11,0.614541,-0.161846,0.0999563,0.264546,0.156086,-1.22805e-11,0.277896,-0.147373,-3.33111e-11
9.112,0.444332,0.0964821,0.229175,-0.322906,-0.0830079,-0.0114512,0.669701,0.134775,2.8454e-11,0.614862,-0.161841,0.100171,0.264546,0.156086,-1.22805e-11,0.277896,-0.147373,-3.33111e-11
9.113,0.444255,0.096273,0.229167,-0.321706,-0.0834359,-0.0116792,0.669701,0.134775,2.8454e-11,0.615184,-0.161836,0.100383,0.264546,0.156086,-1.22805e-11,0.277896,-0.147373,-3.33111e-11
9.114,0.444178,0.0960634,0.22916,-0.320503,-0.0838638,-0.0119104,0.669701,0.134775,2.8454e-11,0.615508,-0.161831,0.100592,0.264546,0.156086,-1.22805e-11,0.277896,-0.147373,-3.33111e-11
9.115,0.4441,0.0958533,0.229152,-0.319297,-0.0842916,-0.0121447,0.669701,0.134775,2.8454e-11,0.615833,-0.161826,0.100797,0.264546,0.156086,-1.22805e-11,0.277896,-0.147373,-3.33111e-11
9.116,0.444022,0.0956428,0.229145,-0.318087,-0.0847191,-0.0123819,0.669701,0.134775,2.8454e-11,0.61616,-0.161821,0.101,0.264546,0.156086,-1.22805e-11,0.277896,-0.147373,-3.33111e-11
9.117,0.443943,0.0954318,0.229138,-0.316874,-0.0851465,-0.012622,0.669701,0.134775,2.8454e-11,0.616489,-0.161816,0.101199,0.264546,0.156086,-1.22805e-11,0.277896,-0.147373,-3.33111e-11
9.118,0.443865,0.0952204,0.229131,-0.315659,-0.0855736,-0.0128648,0.669701,0.134775,2.8454e-11,0.616819,-0.161811,0.101395,0.264546,0.156086,-1.22805e-11,0.277896,-0.147373,-3.33111e-11
9.119,0.443786,0.0950086,0.229124,-0.314441,-0.0860003,-0.0131102,0.669701,0.134775,2.8454e-11,0.617151,-0.161805,0.101588,0.264546,0.156086,-1.22805e-11,0.277896,-0.147373,-3.33111e-11
9.12,0.443706,0.0947963,0.229117,-0.31322,-0.0864268,-0.0133582,0.669701,0.134775,2.8454e-11,0.617485,-0.1618,0.101778,0.264546,0.156086,-1.22805e-11,0.277896,-0.147373,-3.33111e-11
9.121,0.443627,0.0945836,0.22911,-0.311997,-0.0868528,-0.0136086,0.669701,0.134775,2.8454e-11,0.61782,-0.161795,0.101964,0.264546,0.156086,-1.22805e-11,0.277896,-0.147373,-3.33111e-11
9.122,0.443547,0.0943705,0.229104,-0.310773,-0.0872784,-0.0138613,0.669701,0.134775,2.8454e-11,0.618157,-0.16179,0.102147,0.264546,0.156086,-1.22805e-11,0.277896,-0.147373,-3.33111e-11
9.123,0.443467,0.094157,0.229098,-0.309546,-0.0877036,-0.0141161,0.669701,0.134775,2.8454e-11,0.618495,-0.161785,0.102327,0.264546,0.156086,-1.22805e-11,0.277896,-0.147373,-3.33111e-11
9.124,0.443386,0.093943,0.229091,-0.308318,-0.0881282,-0.0143731,0.669701,0.134775,2.8454e-11,0.618835,-0.161779,0.102504,0.264546,0.156086,-1.22805e-11,0.277896,-0.147373,-3.33111e-11
9.125,0.443306,0.0937287,0.229085,-0.307088,-0.0885523,-0.014632,0.669701,0.134775,2.8454e-11,0.619177,-0.161774,0.102677,0.264546,0.156086,-1.22805e-11,0.277896,-0.147373,-3.33111e-11
9.126,0.443225,0.093514,0.22908,-0.305858,-0.0889758,-0.0148928,0.669701,0.134775,2.8454e-11,0.61952,-0.161769,0.102847,0.264546,0.156086,-1.22805e-11,0.277896,-0.147373,-3.33111e-11
9.127,0.443143,0.093299,0.229074,-0.304626,-0.0893986,-0.0151553,0.669701,0.134775,2.8454e-11,0.619865,-0.161764,0.103013,0.264546,0.156086,-1.22805e-11,0.277896,-0.147373,-3.33111e-11
9.128,0.443062,0.0930836,0.229069,-0.303393,-0.0898208,-0.0154195,0.669701,0.134775,2.8454e-11,0.620212,-0.161758,0.103176,0.264546,0.156086,-1.22805e-11,0.277896,-0.147373,-3.33111e-11
9.129,0.44298,0.0928678,0.229064,-0.30216,-0.0902423,-0.0156852,0.669701,0.134775,2.8454e-11,0.62056,-0.161753,0.103335,0.264546,0.156086,-1.22805e-11,0.277896,-0.147373,-3.33111e-11
9.13,0.442898,0.0926516,0.229059,-0.300926,-0.090663,-0.0159523,0.669701,0.134775,2.8454e-11,0.62091,-0.161747,0.103491,0.264546,0.156086,-1.22805e-11,0.277896,-0.147373,-3.33111e-11
9.131,0.442816,0.0924352,0.229054,-0.299692,-0.091083,-0.0162207,0.669701,0.134775,2.8454e-11,0.621261,-0.161742,0.103644,0.264546,0.156086,-1.22805e-11,0.277896,-0.147373,-3.33111e-11
9.132,0.442734,0.0922183,0.22905,-0.298458,-0.0915021,-0.0164903,0.669701,0.134775,2.8454e-11,0.621615,-0.161737,0.103793,0.264546,0.156086,-1.22805e-11,0.277896,-0.147373,-3.33111e-11
9.133,0.442651,0.0920012,0.229045,-0.297225,-0.0919203,-0.016761,0.669701,0.134775,2.8454e-11,0.621969,-0.161731,0.103938,0.264546,0.156086,-1.22805e-11,0.277896,-0.147373,-3.33111e-11
9.134,0.442569,0.0917837,0.229041,-0.295991,-0.0923376,-0.0170327,0.669701,0.134775,2.8454e-11,0.622326,-0.161726,0.10408,0.264546,0.156086,-1.22805e-11,0.277896,-0.147373,-3.33111e-11
9.135,0.442486,0.091566,0.229037,-0.294759,-0.0927539,-0.0173052,0.669701,0.134775,2.8454e-11,0.622684,-0.16172,0.104219,0.264546,0.156086,-1.22805e-11,0.277896,-0.147373,-3.33111e-11
9.136,0.442402,0.0913479,0.229034,-0.293527,-0.0931692,-0.0175785,0.669701,0.134775,2.8454e-11,0.623044,-0.161715,0.104354,0.264546,0.156086,-1.22805e-11,0.277896,-0.147373,-3.33111e-11
9.137,0.442319,0.0911296,0.229031,-0.292296,-0.0935835,-0.0178524,0.669701,0.134775,2.8454e-11,0.623406,-0.161709,0.104485,0.264546,0.156086,-1.22805e-11,0.277896,-0.147373,-3.33111e-11
9.138,0.442236,0.0909109,0.229028,-0.291066,-0.0939968,-0.0181269,0.669701,0.134775,2.8454e-11,0.623769,-0.161703,0.104612,0.264546,0.156086,-1.22805e-11,0.277896,-0.147373,-3.33111e-11
9.139,0.442152,0.090692,0.229025,-0.289837,-0.0944089,-0.0184017,0.669701,0.134775,2.8454e-11,0.624134,-0.161698,0.104736,0.264546,0.156086,-1.22805e-11,0.277896,-0.147373,-3.33111e-11
9.14,0.442068,0.0904728,0.229022,-0.288611,-0.0948198,-0.0186769,0.669701,0.134775,2.8454e-11,0.6245,-0.161692,0.104856,0.264546,0.156086,-1.22805e-11,0.277896,-0.147373,-3.33111e-11
9.141,0.441984,0.0902533,0.22902,-0.287386,-0.0952295,-0.0189523,0.669701,0.134775,2.8454e-11,0.624869,-0.161686,0.104972,0.264546,0.156086,-1.22805e-11,0.277896,-0.147373,-3.33111e-11
9.142,0.4419,0.0900336,0.229018,-0.286162,-0.095638,-0.0192278,0.669701,0.134775,2.8454e-11,0.625239,-0.161681,0.105085,0.264546,0.156086,-1.22805e-11,0.277896,-0.147373,-3.33111e-11
9.143,0.441815,0.0898136,0.229017,-0.284941,-0.0960452,-0.0195032,0.669701,0.134775,2.8454e-11,0.62561,-0.161675,0.105194,0.264546,0.156086,-1.22805e-11,0.277896,-0.147373,-3.33111e-11
9.144,0.441731,0.0895934,0.229015,-0.283723,-0.0964511,-0.0197786,0.669701,0.134775,2.8454e-11,0.625984,-0.161669,0.105299,0.264546,0.156086,-1.22805e-11,0.277896,-0.147373,-3.33111e-11
9.145,0.441646,0.089373,0.229014,-0.282507,-0.0968556,-0.0200536,0.669701,0.134775,2.8454e-11,0.626359,-0.161663,0.1054,0.264546,0.156086,-1.22805e-11,0.277896,-0.147373,-3.33111e-11
9.146,0.441561,0.0891524,0.229014,-0.281294,-0.0972588,-0.0203284,0.669701,0.134775,2.8454e-11,0.626736,-0.161658,0.105498,0.264546,0.156086,-1.22805e-11,0.277896,-0.147373,-3.33111e-11
9.147,0.441476,0.0889315,0.229013,-0.280083,-0.0976604,-0.0206026,0.669701,0.134775,2.8454e-11,0.627114,-0.161652,0.105591,0.264546,0.156086,-1.22805e-11,0.277896,-0.147373,-3.33111e-11
9.148,0.441391,0.0887104,0.229013,-0.278876,-0.0980606,-0.0208763,0.669701,0.134775,2.8454e-11,0.627494,-0.161646,0.105681,0.264546,0.156086,-1.22805e-11,0.277896,-0.147373,-3.33111e-11
9.149,0.441306,0.0884891,0.229014,-0.277673,-0.0984592,-0.0211493,0.669701,0.134775,2.8454e-11,0.627876,-0.16164,0.105767,0.264546,0.156086,-1.22805e-11,0.277896,-0.147373,-3.33111e-11
9.15,0.44122,0.0882677,0.229014,-0.276472,-0.0988563,-0.0214215,0.669701,0.134775,2.8454e-11,0.62826,-0.161634,0.105849,0.264546,0.156086,-1.22805e-11,0.277896,-0.147373,-3.33111e-11
9.151,0.441135,0.088046,0.229015,-0.275276,-0.0992518,-0.0216928,0.669701,0.134775,2.8454e-11,0.628646,-0.161628,0.105927,0.264546,0.156086,-1.22805e-11,0.277896,-0.147373,-3.33111e-11
9.152,0.441049,0.0878242,0.229017,-0.274084,-0.0996456,-0.0219631,0.669701,0.134775,2.8454e-11,0.629033,-0.161622,0.106001,0.264546,0.156086,-1.22805e-11,0.277896,-0.147373,-3.33111e-11
9.153,0.440964,0.0876022,0.229018,-0.272895,-0.100038,-0.0222323,0.669701,0.134775,2.8454e-11,0.629422,-0.161616,0.106071,0.264546,0.156086,-1.22805e-11,0.277896,-0.147373,-3.33111e-11
9.154,0.440878,0.0873801,0.22902,-0.271711,-0.100428,-0.0225002,0.669701,0.134775,2.8454e-11,0.629812,-0.16161,0.106136,0.264546,0.156086,-1.22805e-11,0.277896,-0.147373,-3.33111e-11
9.155,0.440792,0.0871577,0.229023,-0.270532,-0.100817,-0.0227668,0.669701,0.134775,2.8454e-11,0.630205,-0.161604,0.106198,0.264546,0.156086,-1.22805e-11,0.277896,-0.147373,-3.33111e-11
9.156,0.440706,0.0869353,0.229025,-0.269358,-0.101204,-0.0230319,0.669701,0.134775,2.8454e-11,0.630599,-0.161598,0.106256,0.264546,0.156086,-1.22805e-11,0.277896,-0.147373,-3.33111e-11
9.157,0.44062,0.0867127,0.229029,-0.268188,-0.101589,-0.0232954,0.669701,0.134775,2.8454e-11,0.630995,-0.161592,0.10631,0.264546,0.156086,-1.22805e-11,0.277896,-0.147373,-3.33111e-11
9.158,0.440534,0.08649,0.229032,-0.267024,-0.101972,-0.0235573,0.669701,0.134775,2.8454e-11,0.631392,-0.161586,0.10636,0.264546,0.156086,-1.22805e-11,0.277896,-0.147373,-3.33111e-11
9.159,0.440448,0.0862672,0.229036,-0.265864,-0.102353,-0.0238174,0.669701,0.134775,2.8454e-11,0.631792,-0.16158,0.106405,0.264546,0.156086,-1.22805e-11,0.277896,-0.147373,-3.33111e-11
9.16,0.440362,0.0860442,0.22904,-0.264711,-0.102732,-0.0240756,0.669701,0.134775,2.8454e-11,0.632193,-0.161573,0.106446,0.264546,0.156086,-1.22805e-11,0.277896,-0.147373,-3.33111e-11
9.161,0.440276,0.0858212,0.229045,-0.263563,-0.103109,-0.0243317,0.669701,0.134775,2.8454e-11,0.632596,-0.161567,0.106484,0.264546,0.156086,-1.22805e-11,0.277896,-0.147373,-3.33111e-11
9.162,0.44019,0.085598,0.22905,-0.262421,-0.103484,-0.0245858,0.669701,0.134775,2.8454e-11,0.633,-0.161561,0.106517,0.264546,0.156086,-1.22805e-11,0.277896,-0.147373,-3.33111e-11
9.163,0.440103,0.0853748,0.229056,-0.261286,-0.103857,-0.0248376,0.669701,0.134775,2.8454e-11,0.633407,-0.161555,0.106545,0.264546,0.156086,-1.22805e-11,0.277896,-0.147373,-3.33111e-11
9.164,0.440017,0.0851515,0.229062,-0.260156,-0.104228,-0.0250871,0.669701,0.134775,2.8454e-11,0.633815,-0.161548,0.10657,0.264546,0.156086,-1.22805e-11,0.277896,-0.147373,-3.33111e-11
9.165,0.439931,0.0849281,0.229068,-0.259034,-0.104596,-0.0253341,0.669701,0.134775,2.8454e-11,0.634225,-0.161542,0.10659,0.264546,0.156086,-1.22805e-11,0.277896,-0.147373,-3.33111e-11
9.166,0.439844,0.0847046,0.229075,-0.257918,-0.104963,-0.0255785,0.669701,0.134775,2.8454e-11,0.634637,-0.161536,0.106606,0.264546,0.156086,-1.22805e-11,0.277896,-0.147373,-3.33111e-11
9.167,0.439758,0.0844811,0.229083,-0.256808,-0.105327,-0.0258203,0.669701,0.134775,2.8454e-11,0.635051,-0.161529,0.106618,0.264546,0.156086,-1.22805e-11,0.277896,-0.147373,-3.33111e-11
9.168,0.439672,0.0842576,0.22909,-0.255707,-0.105689,-0.0260593,0.669701,0.134775,2.8454e-11,0.635466,-0.161523,0.106625,0.264546,0.156086,-1.22805e-11,0.277896,-0.147373,-3.33111e-11
9.169,0.439585,0.084034,0.229099,-0.254612,-0.106048,-0.0262954,0.669701,0.134775,2.8454e-11,0.635883,-0.161516,0.106628,0.264546,0.156086,-1.22805e-11,0.277896,-0.147373,-3.33111e-11
9.17,0.439499,0.0838104,0.229107,-0.253525,-0.106406,-0.0265285,0.669701,0.134775,2.8454e-11,0.636301,-0.16151,0.106626,0.264546,0.156086,-1.22805e-11,0.277896,-0.147373,-3.33111e-11
9.171,0.439412,0.0835867,0.229117,-0.252446,-0.10676,-0.0267584,0.669701,0.134775,2.8454e-11,0.636717,-0.161504,0.10662,0.264546,0.156086,-1.22805e-11,0.277896,-0.147373,-3.33111e-11
9.172,0.439326,0.083363,0.229126,-0.251374,-0.107112,-0.0269852,0.669701,0.134775,2.8454e-11,0.637131,-0.161497,0.10661,0.264546,0.156086,-1.22805e-11,0.277896,-0.147373,-3.33111e-11
9.173,0.43924,0.0831393,0.229136,-0.250311,-0.107462,-0.0272086,0.669701,0.134775,2.8454e-11,0.637543,-0.161491,0.106596,0.264546,0.156086,-1.22805e-11,0.277896,-0.147373,-3.33111e-11
9.174,0.439153,0.0829157,0.229147,-0.249256,-0.107809,-0.0274285,0.669701,0.134775,2.8454e-11,0.637954,-0.161484,0.106577,0.264546,0.156086,-1.22805e-11,0.277896,-0.147373,-3.33111e-11
9.175,0.439067,0.082692,0.229158,-0.24821,-0.108154,-0.0276449,0.669701,0.134775,2.8454e-11,0.638363,-0.161478,0.106554,0.264546,0.156086,-1.22805e-11,0.277896,-0.147373,-3.33111e-11
9.176,0.438981,0.0824683,0.22917,-0.247173,-0.108496,-0.0278577,0.669701,0.134775,2.8454e-11,0.63877,-0.161472,0.106526,0.264546,0.156086,-1.22805e-11,0.277896,-0.147373,-3.33111e-11
9.177,0.438895,0.0822447,0.229182,-0.246144,-0.108835,-0.0280666,0.669701,0.134775,2.8454e-11,0.639175,-0.161466,0.106495,0.264546,0.156086,-1.22805e-11,0.277896,-0.147373,-3.33111e-11
9.178,0.438808,0.0820211,0.229194,-0.245125,-0.109172,-0.0282717,0.669701,0.134775,2.8454e-11,0.639579,-0.161459,0.106459,0.264546,0.156086,-1.22805e-11,0.277896,-0.147373,-3.33111e-11
9.179,0.438722,0.0817975,0.229208,-0.244114,-0.109506,-0.0284727,0.669701,0.134775,2.8454e-11,0.63998,-0.161453,0.106419,0.264546,0.156086,-1.22805e-11,0.277896,-0.147373,-3.33111e-11
9.18,0.438636,0.081574,0.229221,-0.243114,-0.109837,-0.0286697,0.669701,0.134775,2.8454e-11,0.64038,-0.161447,0.106375,0.264546,0.156086,-1.22805e-11,0.277896,-0.147373,-3.33111e-11
9.181,0.43855,0.0813505,0.229236,-0.242123,-0.110165,-0.0288624,0.669701,0.134775,2.8454e-11,0.640779,-0.161441,0.106326,0.264546,0.156086,-1.22805e-11,0.277896,-0.147373,-3.33111e-11
9.182,0.438464,0.0811271,0.22925,-0.241142,-0.11049,-0.0290508,0.669701,0.134775,2.8454e-11,0.641175,-0.161435,0.106274,0.264546,0.156086,-1.22805e-11,0.277896,-0.147373,-3.33111e-11
9.183,0.438379,0.0809038,0.229266,-0.240171,-0.110813,-0.0292347,0.669701,0.134775,2.8454e-11,0.64157,-0.161429,0.106218,0.264546,0.156086,-1.22805e-11,0.277896,-0.147373,-3.33111e-11
9.184,0.438293,0.0806805,0.229281,-0.239211,-0.111132,-0.0294141,0.669701,0.134775,2.8454e-11,0.641963,-0.161423,0.106157,0.264546,0.156086,-1.22805e-11,0.277896,-0.147373,-3.33111e-11
9.185,0.438207,0.0804573,0.229298,-0.238261,-0.111449,-0.0295888,0.669701,0.134775,2.8454e-11,0.642354,-0.161417,0.106092,0.264546,0.156086,-1.22805e-11,0.277896,-0.147373,-3.33111e-11
9.186,0.438122,0.0802343,0.229315,-0.237322,-0.111762,-0.0297588,0.669701,0.134775,2.8454e-11,0.642743,-0.161411,0.106024,0.264546,0.156086,-1.22805e-11,0.277896,-0.147373,-3.33111e-11
9.187,0.438036,0.0800113,0.229332,-0.236394,-0.112072,-0.0299238,0.669701,0.134775,2.8454e-11,0.643131,-0.161405,0.105951,0.264546,0.156086,-1.22805e-11,0.277896,-0.147373,-3.33111e-11
9.188,0.437951,0.0797884,0.229351,-0.235477,-0.11238,-0.0300839,0.669701,0.134775,2.8454e-11,0.643517,-0.161399,0.105874,0.264546,0.156086,-1.22805e-11,0.277896,-0.147373,-3.33111e-11
9.189,0.437866,0.0795657,0.229369,-0.234571,-0.112684,-0.0302388,0.669701,0.134775,2.8454e-11,0.643901,-0.161393,0.105794,0.264546,0.156086,-1.22805e-11,0.277896,-0.147373,-3.33111e-11
9.19,0.437781,0.079343,0.229389,-0.233677,-0.112985,-0.0303886,0.669701,0.134775,2.8454e-11,0.644284,-0.161387,0.105709,0.264546,0.156086,-1.22805e-11,0.277896,-0.147373,-3.33111e-11
9.191,0.437696,0.0791205,0.229409,-0.232794,-0.113282,-0.030533,0.669701,0.134775,2.8454e-11,0.644665,-0.161381,0.105621,0.264546,0.156086,-1.22805e-11,0.277896,-0.147373,-3.33111e-11
9.192,0.437611,0.0788982,0.229429,-0.231923,-0.113577,-0.030672,0.669701,0.134775,2.8454e-11,0.645044,-0.161375,0.105528,0.264546,0.156086,-1.22805e-11,0.277896,-0.147373,-3.33111e-11
9.193,0.437526,0.078676,0.22945,-0.231065,-0.113868,-0.0308054,0.669701,0.134775,2.8454e-11,0.645421,-0.161369,0.105432,0.264546,0.156086,-1.22805e-11,0.277896,-0.147373,-3.33111e-11
9.194,0.437442,0.0784539,0.229472,-0.230219,-0.114155,-0.0309332,0.669701,0.134775,2.8454e-11,0.645797,-0.161363,0.105332,0.264546,0.156086,-1.22805e-11,0.277896,-0.147373,-3.33111e-11
9.195,0.437357,0.0782321,0.229494,-0.229385,-0.11444,-0.0310552,0.669701,0.134775,2.8454e-11,0.646171,-0.161358,0.105228,0.264546,0.156086,-1.22805e-11,0.277896,-0.147373,-3.33111e-11
9.196,0.437273,0.0780104,0.229517,-0.228564,-0.11472,-0.0311713,0.669701,0.134775,2.8454e-11,0.646543,-0.161352,0.105121,0.264546,0.156086,-1.22805e-11,0.277896,-0.147373,-3.33111e-11
9.197,0.437189,0.0777888,0.229541,-0.227757,-0.114998,-0.0312814,0.669701,0.134775,2.8454e-11,0.646913,-0.161346,0.105009,0.264546,0.156086,-1.22805e-11,0.277896,-0.147373,-3.33111e-11
9.198,0.437105,0.0775675,0.229565,-0.226962,-0.115272,-0.0313854,0.669701,0.134775,2.8454e-11,0.647282,-0.16134,0.104894,0.264546,0.156086,-1.22805e-11,0.277896,-0.147373,-3.33111e-11
9.199,0.437021,0.0773464,0.22959,-0.22618,-0.115542,-0.0314832,0.669701,0.134775,2.8454e-11,0.647649,-0.161335,0.104775,0.264546,0.156086,-1.22805e-11,0.277896,-0.147373,-3.33111e-11
9.2,0.436938,0.0771254,0.229616,-0.225412,-0.115808,-0.0315747,0.669701,0.134775,2.8454e-11,0.648015,-0.161329,0.104653,0.264546,0.156086,-1.22805e-11,0.277896,-0.147373,-3.33111e-11
9.201,0.436855,0.0769047,0.229642,-0.224658,-0.116071,-0.0316598,0.669701,0.134775,2.8454e-11,0.648379,-0.161324,0.104526,0.264546,0.156086,-1.22805e-11,0.277896,-0.147373,-3.33111e-11
9.202,0.436771,0.0766842,0.229669,-0.223917,-0.116331,-0.0317385,0.669701,0.134775,2.8454e-11,0.648741,-0.161318,0.104396,0.264546,0.156086,-1.22805e-11,0.277896,-0.147373,-3.33111e-11
9.203,0.436688,0.0764639,0.229696,-0.22319,-0.116586,-0.0318109,0.669701,0.134775,2.8454e-11,0.649101,-0.161312,0.104263,0.264546,0.156086,-1.22805e-11,0.277896,-0.147373,-3.33111e-11
9.204,0.436606,0.0762438,0.229725,-0.222476,-0.116838,-0.0318772,0.669701,0.134775,2.8454e-11,0.64946,-0.161307,0.104126,0.264546,0.156086,-1.22805e-11,0.277896,-0.147373,-3.33111e-11
9.205,0.436523,0.076024,0.229753,-0.221775,-0.117087,-0.0319373,0.669701,0.134775,2.8454e-11,0.649817,-0.161301,0.103985,0.264546,0.156086,-1.22805e-11,0.277896,-0.147373,-3.33111e-11
9.206,0.436441,0.0758044,0.229783,-0.221087,-0.117332,-0.0319913,0.669701,0.134775,2.8454e-11,0.650172,-0.161296,0.10384,0.264546,0.156086,-1.22805e-11,0.277896,-0.147373,-3.33111e-11
9.207,0.436359,0.0755851,0.229813,-0.220412,-0.117573,-0.0320394,0.669701,0.134775,2.8454e-11,0.650526,-0.16129,0.103693,0.264546,0.156086,-1.22805e-11,0.277896,-0.147373,-3.33111e-11
9.208,0.436277,0.0753659,0.229844,-0.21975,-0.11781,-0.0320816,0.669701,0.134775,2.8454e-11,0.650878,-0.161285,0.103541,0.264546,0.156086,-1.22805e-11,0.277896,-0.147373,-3.33111e-11
9.209,0.436195,0.0751471,0.229875,-0.2191,-0.118044,-0.032118,0.669701,0.134775,2.8454e-11,0.651229,-0.16128,0.103386,0.264546,0.156086,-1.22805e-11,0.277896,-0.147373,-3.33111e-11
9.21,0.436114,0.0749284,0.229908,-0.218462,-0.118274,-0.0321487,0.669701,0.134775,2.8454e-11,0.651577,-0.161274,0.103228,0.264546,0.156086,-1.22805e-11,0.277896,-0.147373,-3.33111e-11
9.211,0.436033,0.0747101,0.22994,-0.217837,-0.1185,-0.0321737,0.669701,0.134775,2.8454e-11,0.651925,-0.161269,0.103066,0.264546,0.156086,-1.22805e-11,0.277896,-0.147373,-3.33111e-11
9.212,0.435952,0.074492,0.229974,-0.217224,-0.118723,-0.0321931,0.669701,0.134775,2.8454e-11,0.65227,-0.161263,0.102901,0.264546,0.156086,-1.22805e-11,0.277896,-0.147373,-3.33111e-11
9.213,0.435871,0.0742741,0.230008,-0.216623,-0.118942,-0.032207,0.669701,0.134775,2.8454e-11,0.652614,-0.161258,0.102732,0.264546,0.156086,-1.22805e-11,0.277896,-0.147373,-3.33111e-11
9.214,0.435791,0.0740566,0.230043,-0.216034,-0.119157,-0.0322154,0.669701,0.134775,2.8454e-11,0.652956,-0.161253,0.10256,0.264546,0.156086,-1.22805e-11,0.277896,-0.147373,-3.33111e-11
9.215,0.435711,0.0738393,0.230078,-0.215456,-0.119369,-0.0322185,0.669701,0.134775,2.8454e-11,0.653297,-0.161248,0.102385,0.264546,0.156086,-1.22805e-11,0.277896,-0.147373,-3.33111e-11
9.216,0.435631,0.0736222,0.230114,-0.21489,-0.119577,-0.0322163,0.669701,0.134775,2.8454e-11,0.653636,-0.161242,0.102206,0.264546,0.156086,-1.22805e-11,0.277896,-0.147373,-3.33111e-11
9.217,0.435552,0.0734055,0.230151,-0.214335,-0.119781,-0.032209,0.669701,0.134775,2.8454e-11,0.653973,-0.161237,0.102024,0.264546,0.156086,-1.22805e-11,0.277896,-0.147373,-3.33111e-11
9.218,0.435473,0.073189,0.230188,-0.213792,-0.119981,-0.0321965,0.669701,0.134775,2.8454e-11,0.654309,-0.161232,0.101838,0.264546,0.156086,-1.22805e-11,0.277896,-0.147373,-3.33111e-11
9.219,0.435394,0.0729729,0.230226,-0.21326,-0.120178,-0.0321789,0.669701,0.134775,2.8454e-11,0.654643,-0.161227,0.10165,0.264546,0.156086,-1.22805e-11,0.277896,-0.147373,-3.33111e-11
9.22,0.435315,0.072757,0.230265,-0.212738,-0.120371,-0.0321564,0.669701,0.134775,2.8454e-11,0.654975,-0.161222,0.101458,0.264546,0.156086,-1.22805e-11,0.277896,-0.147373,-3.33111e-11
9.221,0.435237,0.0725414,0.230304,-0.212227,-0.120561,-0.032129,0.669701,0.134775,2.8454e-11,0.655306,-0.161217,0.101263,0.264546,0.156086,-1.22805e-11,0.277896,-0.147373,-3.33111e-11
9.222,0.435159,0.0723261,0.230344,-0.211727,-0.120746,-0.0320968,0.669701,0.134775,2.8454e-11,0.655635,-0.161212,0.101065,0.264546,0.156086,-1.22805e-11,0.277896,-0.147373,-3.33111e-11
9.223,0.435082,0.0721112,0.230385,-0.211238,-0.120928,-0.0320599,0.669701,0.134775,2.8454e-11,0.655963,-0.161207,0.100863,0.264546,0.156086,-1.22805e-11,0.277896,-0.147373,-3.33111e-11
9.224,0.435004,0.0718965,0.230426,-0.210759,-0.121107,-0.0320183,0.669701,0.134775,2.8454e-11,0.656289,-0.161201,0.100659,0.264546,0.156086,-1.22805e-11,0.277896,-0.147373,-3.33111e-11
9.225,0.434927,0.0716821,0.230468,-0.21029,-0.121281,-0.0319721,0.669701,0.134775,2.8454e-11,0.656613,-0.161196,0.100451,0.264546,0.156086,-1.22805e-11,0.277896,-0.147373,-3.33111e-11
9.226,0.434851,0.0714681,0.230511,-0.209831,-0.121452,-0.0319214,0.669701,0.134775,2.8454e-11,0.656936,-0.161191,0.10024,0.264546,0.156086,-1.22805e-11,0.277896,-0.147373,-3.33111e-11
9.227,0.434775,0.0712544,0.230554,-0.209382,-0.121619,-0.0318663,0.669701,0.134775,2.8454e-11,0.657257,-0.161187,0.100026,0.264546,0.156086,-1.22805e-11,0.277896,-0.147373,-3.33111e-11
9.228,0.434699,0.071041,0.230598,-0.208942,-0.121783,-0.0318068,0.669701,0.134775,2.8454e-11,0.657577,-0.161182,0.0998091,0.264546,0.156086,-1.22805e-11,0.277896,-0.147373,-3.33111e-11
9.229,0.434623,0.070828,0.230643,-0.208513,-0.121942,-0.0317431,0.669701,0.134775,2.8454e-11,0.657895,-0.161177,0.0995891,0.264546,0.156086,-1.22805e-11,0.277896,-0.147373,-3.33111e-11
9.23,0.434548,0.0706153,0.230688,-0.208093,-0.122098,-0.0316751,0.669701,0.134775,2.8454e-11,0.658211,-0.161172,0.0993661,0.264546,0.156086,-1.22805e-11,0.277896,-0.147373,-3.33111e-11
9.231,0.434474,0.0704029,0.230734,-0.207682,-0.122251,-0.0316031,0.669701,0.134775,2.8454e-11,0.658526,-0.161167,0.0991401,0.264546,0.156086,-1.22805e-11,0.277896,-0.147373,-3.33111e-11
9.232,0.434399,0.0701909,0.23078,-0.20728,-0.122399,-0.031527,0.669701,0.134775,2.8454e-11,0.65884,-0.161162,0.0989111,0.264546,0.156086,-1.22805e-11,0.277896,-0.147373,-3.33111e-11
9.233,0.434325,0.0699792,0.230827,-0.206887,-0.122544,-0.0314469,0.669701,0.134775,2.8454e-11,0.659151,-0.161157,0.0986791,0.264546,0.156086,-1.22805e-11,0.277896,-0.147373,-3.33111e-11
9.234,0.434252,0.0697679,0.230875,-0.206504,-0.122685,-0.031363,0.669701,0.134775,2.8454e-11,0.659462,-0.161153,0.0984443,0.264546,0.156086,-1.22805e-11,0.277896,-0.147373,-3.33111e-11
9.235,0.434179,0.0695569,0.230923,-0.206129,-0.122822,-0.0312752,0.669701,0.134775,2.8454e-11,0.65977,-0.161148,0.0982065,0.264546,0.156086,-1.22805e-11,0.277896,-0.147373,-3.33111e-11
9.236,0.434106,0.0693463,0.230973,-0.205762,-0.122956,-0.0311837,0.669701,0.134775,2.8454e-11,0.660077,-0.161143,0.0979659,0.264546,0.156086,-1.22805e-11,0.277896,-0.147373,-3.33111e-11
9.237,0.434034,0.0691361,0.231022,-0.205404,-0.123085,-0.0310886,0.669701,0.134775,2.8454e-11,0.660383,-0.161138,0.0977224,0.264546,0.156086,-1.22805e-11,0.277896,-0.147373,-3.33111e-11
9.238,0.433962,0.0689262,0.231073,-0.205055,-0.123211,-0.0309898,0.669701,0.134775,2.8454e-11,0.660687,-0.161134,0.0974761,0.264546,0.156086,-1.22805e-11,0.277896,-0.147373,-3.33111e-11
9.239,0.433891,0.0687167,0.231124,-0.204713,-0.123333,-0.0308876,0.669701,0.134775,2.8454e-11,0.660989,-0.161129,0.097227,0.264546,0.156086,-1.22805e-11,0.277896,-0.147373,-3.33111e-11
9.24,0.43382,0.0685076,0.231175,-0.204379,-0.123452,-0.0307819,0.669701,0.134775,2.8454e-11,0.66129,-0.161124,0.0969751,0.264546,0.156086,-1.22805e-11,0.277896,-0.147373,-3.33111e-11
9.241,0.433749,0.0682988,0.231228,-0.204054,-0.123567,-0.0306729,0.669701,0.134775,2.8454e-11,0.661589,-0.16112,0.0967204,0.264546,0.156086,-1.22805e-11,0.277896,-0.147373,-3.33111e-11
9.242,0.433679,0.0680905,0.231281,-0.203736,-0.123678,-0.0305607,0.669701,0.134775,2.8454e-11,0.661887,-0.161115,0.096463,0.264546,0.156086,-1.22805e-11,0.277896,-0.147373,-3.33111e-11
9.243,0.43361,0.0678825,0.231334,-0.203425,-0.123785,-0.0304452,0.669701,0.134775,2.8454e-11,0.662184,-0.16111,0.0962029,0.264546,0.156086,-1.22805e-11,0.277896,-0.147373,-3.33111e-11
9.244,0.433541,0.067675,0.231388,-0.203122,-0.123888,-0.0303266,0.669701,0.134775,2.8454e-11,0.662478,-0.161106,0.0959401,0.264546,0.156086,-1.22805e-11,0.277896,-0.147373,-3.33111e-11
9.245,0.433472,0.0674678,0.231443,-0.202827,-0.123988,-0.030205,0.669701,0.134775,2.8454e-11,0.662772,-0.161101,0.0956746,0.264546,0.156086,-1.22805e-11,0.277896,-0.147373,-3.33111e-11
9.246,0.433404,0.067261,0.231499,-0.202538,-0.124084,-0.0300804,0.669701,0.134775,2.8454e-11,0.663063,-0.161097,0.0954065,0.264546,0.156086,-1.22805e-11,0.277896,-0.147373,-3.33111e-11
9.247,0.433336,0.0670547,0.231555,-0.202256,-0.124176,-0.0299529,0.669701,0.134775,2.8454e-11,0.663354,-0.161092,0.0951357,0.264546,0.156086,-1.22805e-11,0.277896,-0.147373,-3.33111e-11
9.248,0.433269,0.0668487,0.231612,-0.201982,-0.124264,-0.0298227,0.669701,0.134775,2.8454e-11,0.663642,-0.161088,0.0948624,0.264546,0.156086,-1.22805e-11,0.277896,-0.147373,-3.33111e-11
9.249,0.433203,0.0666432,0.231669,-0.201714,-0.124348,-0.0296897,0.669701,0.134775,2.8454e-11,0.663929,-0.161084,0.0945864,0.264546,0.156086,-1.22805e-11,0.277896,-0.147373,-3.33111e-11
9.25,0.433136,0.0664381,0.231727,-0.201452,-0.124429,-0.029554,0.669701,0.134775,2.8454e-11,0.664215,-0.161079,0.094308,0.264546,0.156086,-1.22805e-11,0.277896,-0.147373,-3.33111e-11
9.251,0.433071,0.0662334,0.231786,-0.201197,-0.124506,-0.0294158,0.669701,0.134775,2.8454e-11,0.664499,-0.161075,0.0940269,0.264546,0.156086,-1.22805e-11,0.277896,-0.147373,-3.33111e-11
9.252,0.433006,0.0660292,0.231846,-0.200948,-0.124579,-0.029275,0.669701,0.134775,2.8454e-11,0.664782,-0.16107,0.0937434,0.264546,0.156086,-1.22805e-11,0.277896,-0.147373,-3.33111e-11
9.253,0.432941,0.0658254,0.231906,-0.200705,-0.124649,-0.0291319,0.669701,0.134775,2.8454e-11,0.665063,-0.161066,0.0934574,0.264546,0.156086,-1.22805e-11,0.277896,-0.147373,-3.33111e-11
9.254,0.432877,0.065622,0.231966,-0.200468,-0.124714,-0.0289864,0.669701,0.134775,2.8454e-11,0.665343,-0.161062,0.093169,0.264546,0.156086,-1.22805e-11,0.277896,-0.147373,-3.33111e-11
9.255,0.432814,0.0654191,0.232027,-0.200237,-0.124776,-0.0288386,0.669701,0.134775,2.8454e-11,0.665621,-0.161057,0.0928781,0.264546,0.156086,-1.22805e-11,0.277896,-0.147373,-3.33111e-11
9.256,0.432751,0.0652166,0.232089,-0.200012,-0.124834,-0.0286887,0.669701,0.134775,2.8454e-11,0.665898,-0.161053,0.0925847,0.264546,0.156086,-1.22805e-11,0.277896,-0.147373,-3.33111e-11
9.257,0.432688,0.0650145,0.232152,-0.199792,-0.124888,-0.0285366,0.669701,0.134775,2.8454e-11,0.666173,-0.161049,0.092289,0.264546,0.156086,-1.22805e-11,0.277896,-0.147373,-3.33111e-11
9.258,0.432626,0.0648129,0.232215,-0.199577,-0.124938,-0.0283825,0.669701,0.134775,2.8454e-11,0.666447,-0.161045,0.0919909,0.264546,0.156086,-1.22805e-11,0.277896,-0.147373,-3.33111e-11
9.259,0.432565,0.0646118,0.232279,-0.199368,-0.124985,-0.0282264,0.669701,0.134775,2.8454e-11,0.666719,-0.161041,0.0916905,0.264546,0.156086,-1.22805e-11,0.277896,-0.147373,-3.33111e-11
9.26,0.432504,0.0644112,0.232344,-0.199164,-0.125027,-0.0280685,0.669701,0.134775,2.8454e-11,0.66699,-0.161036,0.0913878,0.264546,0.156086,-1.22805e-11,0.277896,-0.147373,-3.33111e-11
9.261,0.432444,0.064211,0.232409,-0.198964,-0.125066,-0.0279087,0.669701,0.134775,2.8454e-11,0.667259,-0.161032,0.0910827,0.264546,0.156086,-1.22805e-11,0.277896,-0.147373,-3.33111e-11
9.262,0.432385,0.0640112,0.232474,-0.19877,-0.125101,-0.0277473,0.669701,0.134775,2.8454e-11,0.667527,-0.161028,0.0907754,0.264546,0.156086,-1.22805e-11,0.277896,-0.147373,-3.33111e-11
9.263,0.432326,0.063812,0.232541,-0.19858,-0.125132,-0.0275842,0.669701,0.134775,2.8454e-11,0.667793,-0.161024,0.0904658,0.264546,0.156086,-1.22805e-11,0.277896,-0.147373,-3.33111e-11
9.264,0.432268,0.0636132,0.232608,-0.198395,-0.12516,-0.0274195,0.669701,0.134775,2.8454e-11,0.668058,-0.16102,0.090154,0.264546,0.156086,-1.22805e-11,0.277896,-0.147373,-3.33111e-11
9.265,0.43221,0.0634149,0.232675,-0.198213,-0.125183,-0.0272533,0.669701,0.134775,2.8454e-11,0.668322,-0.161016,0.08984,0.264546,0.156086,-1.22805e-11,0.277896,-0.147373,-3.33111e-11
9.266,0.432153,0.0632172,0.232744,-0.198037,-0.125203,-0.0270857,0.669701,0.134775,2.8454e-11,0.668584,-0.161012,0.0895237,0.264546,0.156086,-1.22805e-11,0.277896,-0.147373,-3.33111e-11
9.267,0.432096,0.0630199,0.232813,-0.197864,-0.125219,-0.0269167,0.669701,0.134775,2.8454e-11,0.668845,-0.161008,0.0892054,0.264546,0.156086,-1.22805e-11,0.277896,-0.147373,-3.33111e-11
9.268,0.43204,0.0628231,0.232882,-0.197695,-0.125231,-0.0267465,0.669701,0.134775,2.8454e-11,0.669104,-0.161004,0.0888848,0.264546,0.156086,-1.22805e-11,0.277896,-0.147373,-3.33111e-11
9.269,0.431985,0.0626268,0.232952,-0.19753,-0.125239,-0.0265751,0.669701,0.134775,2.8454e-11,0.669362,-0.161,0.0885622,0.264546,0.156086,-1.22805e-11,0.277896,-0.147373,-3.33111e-11
9.27,0.431931,0.062431,0.233023,-0.197368,-0.125243,-0.0264026,0.669701,0.134775,2.8454e-11,0.669618,-0.160996,0.0882375,0.264546,0.156086,-1.22805e-11,0.277896,-0.147373,-3.33111e-11
9.271,0.431877,0.0622357,0.233095,-0.19721,-0.125244,-0.026229,0.669701,0.134775,2.8454e-11,0.669873,-0.160992,0.0879107,0.264546,0.156086,-1.22805e-11,0.277896,-0.147373,-3.33111e-11
9.272,0.431823,0.0620409,0.233167,-0.197055,-0.12524,-0.0260545,0.669701,0.134775,2.8454e-11,0.670126,-0.160988,0.0875818,0.264546,0.156086,-1.22805e-11,0.277896,-0.147373,-3.33111e-11
9.273,0.431771,0.0618466,0.23324,-0.196903,-0.125233,-0.0258792,0.669701,0.134775,2.8454e-11,0.670378,-0.160984,0.087251,0.264546,0.156086,-1.22805e-11,0.277896,-0.147373,-3.33111e-11
9.274,0.431719,0.0616529,0.233313,-0.196755,-0.125222,-0.025703,0.669701,0.134775,2.8454e-11,0.670629,-0.16098,0.0869181,0.264546,0.156086,-1.22805e-11,0.277896,-0.147373,-3.33111e-11
9.275,0.431667,0.0614597,0.233387,-0.196609,-0.125207,-0.0255261,0.669701,0.134775,2.8454e-11,0.670878,-0.160976,0.0865833,0.264546,0.156086,-1.22805e-11,0.277896,-0.147373,-3.33111e-11
9.276,0.431617,0.061267,0.233462,-0.196466,-0.125188,-0.0253485,0.669701,0.134775,2.8454e-11,0.671126,-0.160972,0.0862465,0.264546,0.156086,-1.22805e-11,0.277896,-0.147373,-3.33111e-11
9.277,0.431567,0.0610749,0.233537,-0.196326,-0.125165,-0.0251704,0.669701,0.134775,2.8454e-11,0.671373,-0.160969,0.0859077,0.264546,0.156086,-1.22805e-11,0.277896,-0.147373,-3.33111e-11
9.278,0.431518,0.0608833,0.233613,-0.196188,-0.125139,-0.0249918,0.669701,0.134775,2.8454e-11,0.671618,-0.160965,0.0855671,0.264546,0.156086,-1.22805e-11,0.277896,-0.147373,-3.33111e-11
9.279,0.431469,0.0606923,0.233689,-0.196052,-0.125109,-0.0248128,0.669701,0.134775,2.8454e-11,0.671861,-0.160961,0.0852245,0.264546,0.156086,-1.22805e-11,0.277896,-0.147373,-3.33111e-11
9.28,0.431421,0.0605017,0.233766,-0.195918,-0.125074,-0.0246334,0.669701,0.134775,2.8454e-11,0.672103,-0.160957,0.0848801,0.264546,0.156086,-1.22805e-11,0.277896,-0.147373,-3.33111e-11
9.281,0.431374,0.0603118,0.233844,-0.195787,-0.125036,-0.0244538,0.669701,0.134775,2.8454e-11,0.672344,-0.160954,0.0845339,0.264546,0.156086,-1.22805e-11,0.277896,-0.147373,-3.33111e-11
9.282,0.431328,0.0601224,0.233923,-0.195657,-0.124994,-0.024274,0.669701,0.134775,2.8454e-11,0.672584,-0.16095,0.0841858,0.264546,0.156086,-1.22805e-11,0.277896,-0.147373,-3.33111e-11
9.283,0.431282,0.0599336,0.234002,-0.195529,-0.124948,-0.0240941,0.669701,0.134775,2.8454e-11,0.672822,-0.160946,0.083836,0.264546,0.156086,-1.22805e-11,0.277896,-0.147373,-3.33111e-11
9.284,0.431237,0.0597453,0.234081,-0.195402,-0.124898,-0.0239141,0.669701,0.134775,2.8454e-11,0.673058,-0.160943,0.0834844,0.264546,0.156086,-1.22805e-11,0.277896,-0.147373,-3.33111e-11
9.285,0.431193,0.0595576,0.234162,-0.195277,-0.124844,-0.0237342,0.669701,0.134775,2.8454e-11,0.673294,-0.160939,0.083131,0.264546,0.156086,-1.22805e-11,0.277896,-0.147373,-3.33111e-11
9.286,0.43115,0.0593705,0.234243,-0.195153,-0.124787,-0.0235545,0.669701,0.134775,2.8454e-11,0.673528,-0.160935,0.0827759,0.264546,0.156086,-1.22805e-11,0.277896,-0.147373,-3.33111e-11
9.287,0.431107,0.0591839,0.234324,-0.195031,-0.124725,-0.0233749,0.669701,0.134775,2.8454e-11,0.67376,-0.160932,0.0824191,0.264546,0.156086,-1.22805e-11,0.277896,-0.147373,-3.33111e-11
9.288,0.431065,0.058998,0.234406,-0.194909,-0.12466,-0.0231956,0.669701,0.134775,2.8454e-11,0.673991,-0.160928,0.0820606,0.264546,0.156086,-1.22805e-11,0.277896,-0.147373,-3.33111e-11
9.289,0.431024,0.0588126,0.234489,-0.194788,-0.124591,-0.0230167,0.669701,0.134775,2.8454e-11,0.674221,-0.160925,0.0817005,0.264546,0.156086,-1.22805e-11,0.277896,-0.147373,-3.33111e-11
9.29,0.430983,0.0586278,0.234573,-0.194668,-0.124517,-0.0228382,0.669701,0.134775,2.8454e-11,0.67445,-0.160921,0.0813387,0.264546,0.156086,-1.22805e-11,0.277896,-0.147373,-3.33111e-11
9.291,0.430944,0.0584436,0.234657,-0.194548,-0.12444,-0.0226602,0.669701,0.134775,2.8454e-11,0.674677,-0.160918,0.0809753,0.264546,0.156086,-1.22805e-11,0.277896,-0.147373,-3.33111e-11
9.292,0.430905,0.05826,0.234741,-0.194429,-0.124359,-0.0224828,0.669701,0.134775,2.8454e-11,0.674903,-0.160914,0.0806103,0.264546,0.156086,-1.22805e-11,0.277896,-0.147373,-3.33111e-11
9.293,0.430867,0.058077,0.234827,-0.19431,-0.124274,-0.022306,0.669701,0.134775,2.8454e-11,0.675127,-0.160911,0.0802438,0.264546,0.156086,-1.22805e-11,0.277896,-0.147373,-3.33111e-11
9.294,0.43083,0.0578946,0.234912,-0.194191,-0.124185,-0.02213,0.669701,0.134775,2.8454e-11,0.67535,-0.160907,0.0798757,0.264546,0.156086,-1.22805e-11,0.277896,-0.147373,-3.33111e-11
9.295,0.430793,0.0577128,0.234999,-0.194072,-0.124093,-0.0219549,0.669701,0.134775,2.8454e-11,0.675572,-0.160904,0.0795061,0.264546,0.156086,-1.22805e-11,0.277896,-0.147373,-3.33111e-11
9.296,0.430758,0.0575317,0.235086,-0.193952,-0.123996,-0.0217806,0.669701,0.134775,2.8454e-11,0.675792,-0.1609,0.079135,0.264546,0.156086,-1.22805e-11,0.277896,-0.147373,-3.33111e-11
9.297,0.430723,0.0573512,0.235174,-0.193833,-0.123895,-0.0216073,0.669701,0.134775,2.8454e-11,0.676011,-0.160897,0.0787625,0.264546,0.156086,-1.22805e-11,0.277896,-0.147373,-3.33111e-11
9.298,0.430689,0.0571712,0.235262,-0.193713,-0.123791,-0.021435,0.669701,0.134775,2.8454e-11,0.676229,-0.160894,0.0783884,0.264546,0.156086,-1.22805e-11,0.277896,-0.147373,-3.33111e-11
9.299,0.430656,0.056992,0.235351,-0.193592,-0.123682,-0.0212639,0.669701,0.134775,2.8454e-11,0.676445,-0.16089,0.078013,0.264546,0.156086,-1.22805e-11,0.277896,-0.147373,-3.33111e-11
9.3,0.430623,0.0568133,0.235441,-0.19347,-0.12357,-0.021094,0.669701,0.134775,2.8454e-11,0.676661,-0.160887,0.0776362,0.264546,0.156086,-1.22805e-11,0.277896,-0.147373,-3.33111e-11
9.301,0.430592,0.0566353,0.235531,-0.193348,-0.123453,-0.0209254,0.669701,0.134775,2.8454e-11,0.676874,-0.160884,0.0772579,0.264546,0.156086,-1.22805e-11,0.277896,-0.147373,-3.33111e-11
9.302,0.430561,0.0564579,0.235622,-0.193224,-0.123333,-0.020758,0.669701,0.134775,2.8454e-11,0.677087,-0.16088,0.0768783,0.264546,0.156086,-1.22805e-11,0.277896,-0.147373,-3.33111e-11
9.303,0.430531,0.0562812,0.235714,-0.1931,-0.123209,-0.0205918,0.669701,0.134775,2.8454e-11,0.677298,-0.160877,0.0764974,0.264546,0.156086,-1.22805e-11,0.277896,-0.147373,-3.33111e-11
9.304,0.430502,0.0561051,0.235806,-0.192974,-0.123081,-0.020427,0.669701,0.134775,2.8454e-11,0.677508,-0.160874,0.0761152,0.264546,0.156086,-1.22805e-11,0.277896,-0.147373,-3.33111e-11
9.305,0.430474,0.0559296,0.235899,-0.192847,-0.122949,-0.0202633,0.669701,0.134775,2.8454e-11,0.677716,-0.160871,0.0757317,0.264546,0.156086,-1.22805e-11,0.277896,-0.147373,-3.33111e-11
9.306,0.430447,0.0557547,0.235992,-0.192719,-0.122813,-0.0201009,0.669701,0.134775,2.8454e-11,0.677924,-0.160868,0.0753469,0.264546,0.156086,-1.22805e-11,0.277896,-0.147373,-3.33111e-11
9.307,0.430421,0.0555805,0.236086,-0.19259,-0.122674,-0.0199396,0.669701,0.134775,2.8454e-11,0.67813,-0.160864,0.0749609,0.264546,0.156086,-1.22805e-11,0.277896,-0.147373,-3.33111e-11
9.308,0.430395,0.0554068,0.23618,-0.192459,-0.122531,-0.0197796,0.669701,0.134775,2.8454e-11,0.678334,-0.160861,0.0745736,0.264546,0.156086,-1.22805e-11,0.277896,-0.147373,-3.33111e-11
9.309,0.430371,0.0552338,0.236275,-0.192327,-0.122383,-0.0196207,0.669701,0.134775,2.8454e-11,0.678538,-0.160858,0.0741852,0.264546,0.156086,-1.22805e-11,0.277896,-0.147373,-3.33111e-11
9.31,0.430347,0.0550614,0.23637,-0.192194,-0.122233,-0.019463,0.669701,0.134775,2.8454e-11,0.67874,-0.160855,0.0737956,0.264546,0.156086,-1.22805e-11,0.277896,-0.147373,-3.33111e-11
9.311,0.430324,0.0548896,0.236466,-0.192059,-0.122078,-0.0193064,0.669701,0.134775,2.8454e-11,0.678941,-0.160852,0.0734048,0.264546,0.156086,-1.22805e-11,0.277896,-0.147373,-3.33111e-11
9.312,0.430302,0.0547184,0.236563,-0.191923,-0.12192,-0.0191509,0.669701,0.134775,2.8454e-11,0.67914,-0.160849,0.0730129,0.264546,0.156086,-1.22805e-11,0.277896,-0.147373,-3.33111e-11
9.313,0.430281,0.0545479,0.23666,-0.191785,-0.121758,-0.0189966,0.669701,0.134775,2.8454e-11,0.679338,-0.160846,0.0726199,0.264546,0.156086,-1.22805e-11,0.277896,-0.147373,-3.33111e-11
9.314,0.43026,0.0543779,0.236757,-0.191645,-0.121592,-0.0188434,0.669701,0.134775,2.8454e-11,0.679535,-0.160843,0.0722258,0.264546,0.156086,-1.22805e-11,0.277896,-0.147373,-3.33111e-11
9.315,0.430241,0.0542085,0.236855,-0.191503,-0.121423,-0.0186913,0.669701,0.134775,2.8454e-11,0.679731,-0.16084,0.0718307,0.264546,0.156086,-1.22805e-11,0.277896,-0.147373,-3.33111e-11
9.316,0.430222,0.0540397,0.236954,-0.19136,-0.12125,-0.0185402,0.669701,0.134775,2.8454e-11,0.679925,-0.160837,0.0714345,0.264546,0.156086,-1.22805e-11,0.277896,-0.147373,-3.33111e-11
9.317,0.430205,0.0538715,0.237053,-0.191215,-0.121073,-0.0183902,0.669701,0.134775,2.8454e-11,0.680119,-0.160834,0.0710373,0.264546,0.156086,-1.22805e-11,0.277896,-0.147373,-3.33111e-11
9.318,0.430188,0.053704,0.237152,-0.191068,-0.120893,-0.0182413,0.669701,0.134775,2.8454e-11,0.680311,-0.160831,0.0706391,0.264546,0.156086,-1.22805e-11,0.277896,-0.147373,-3.33111e-11
9.319,0.430172,0.0535369,0.237252,-0.190919,-0.120709,-0.0180934,0.669701,0.134775,2.8454e-11,0.680501,-0.160828,0.07024,0.264546,0.156086,-1.22805e-11,0.277896,-0.147373,-3.33111e-11
9.32,0.430157,0.0533705,0.237352,-0.190768,-0.120522,-0.0179465,0.669701,0.134775,2.8454e-11,0.680691,-0.160825,0.0698399,0.264546,0.156086,-1.22805e-11,0.277896,-0.147373,-3.33111e-11
9.321,0.430143,0.0532047,0.237453,-0.190615,-0.120331,-0.0178007,0.669701,0.134775,2.8454e-11,0.680879,-0.160822,0.0694389,0.264546,0.156086,-1.22805e-11,0.277896,-0.147373,-3.33111e-11
9.322,0.43013,0.0530394,0.237554,-0.19046,-0.120137,-0.0176558,0.669701,0.134775,2.8454e-11,0.681066,-0.160819,0.069037,0.264546,0.156086,-1.22805e-11,0.277896,-0.147373,-3.33111e-11
9.323,0.430117,0.0528747,0.237656,-0.190303,-0.119939,-0.0175119,0.669701,0.134775,2.8454e-11,0.681252,-0.160816,0.0686342,0.264546,0.156086,-1.22805e-11,0.277896,-0.147373,-3.33111e-11
9.324,0.430106,0.0527106,0.237758,-0.190144,-0.119737,-0.017369,0.669701,0.134775,2.8454e-11,0.681436,-0.160813,0.0682305,0.264546,0.156086,-1.22805e-11,0.277896,-0.147373,-3.33111e-11
9.325,0.430095,0.0525471,0.23786,-0.189982,-0.119533,-0.0172271,0.669701,0.134775,2.8454e-11,0.681619,-0.160811,0.0678261,0.264546,0.156086,-1.22805e-11,0.277896,-0.147373,-3.33111e-11
9.326,0.430086,0.0523841,0.237963,-0.189818,-0.119324,-0.017086,0.669701,0.134775,2.8454e-11,0.681802,-0.160808,0.0674208,0.264546,0.156086,-1.22805e-11,0.277896,-0.147373,-3.33111e-11
9.327,0.430077,0.0522217,0.238066,-0.189652,-0.119113,-0.016946,0.669701,0.134775,2.8454e-11,0.681982,-0.160805,0.0670147,0.264546,0.156086,-1.22805e-11,0.277896,-0.147373,-3.33111e-11
9.328,0.430069,0.0520599,0.238169,-0.189483,-0.118898,-0.0168068,0.669701,0.134775,2.8454e-11,0.682162,-0.160802,0.0666079,0.264546,0.156086,-1.22805e-11,0.277896,-0.147373,-3.33111e-11
9.329,0.430062,0.0518986,0.238273,-0.189311,-0.118679,-0.0166685,0.669701,0.134775,2.8454e-11,0.68234,-0.160799,0.0662004,0.264546,0.156086,-1.22805e-11,0.277896,-0.147373,-3.33111e-11
9.33,0.430056,0.0517379,0.238377,-0.189138,-0.118458,-0.0165311,0.669701,0.134775,2.8454e-11,0.682518,-0.160797,0.0657921,0.264546,0.156086,-1.22805e-11,0.277896,-0.147373,-3.33111e-11
9.331,0.430051,0.0515777,0.238482,-0.188961,-0.118232,-0.0163946,0.669701,0.134775,2.8454e-11,0.682693,-0.160794,0.0653832,0.264546,0.156086,-1.22805e-11,0.277896,-0.147373,-3.33111e-11
9.332,0.430047,0.0514181,0.238587,-0.188782,-0.118004,-0.016259,0.669701,0.134775,2.8454e-11,0.682868,-0.160791,0.0649735,0.264546,0.156086,-1.22805e-11,0.277896,-0.147373,-3.33111e-11
9.333,0.430043,0.051259,0.238692,-0.1886,-0.117772,-0.0161242,0.669701,0.134775,2.8454e-11,0.683042,-0.160789,0.0645633,0.264546,0.156086,-1.22805e-11,0.277896,-0.147373,-3.33111e-11
9.334,0.430041,0.0511005,0.238797,-0.188415,-0.117537,-0.0159902,0.669701,0.134775,2.8454e-11,0.683214,-0.160786,0.0641524,0.264546,0.156086,-1.22805e-11,0.277896,-0.147373,-3.33111e-11
9.335,0.43004,0.0509425,0.238903,-0.188228,-0.117299,-0.015857,0.669701,0.134775,2.8454e-11,0.683385,-0.160783,0.0637409,0.264546,0.156086,-1.22805e-11,0.277896,-0.147373,-3.33111e-11
9.336,0.430039,0.0507851,0.239009,-0.188037,-0.117058,-0.0157247,0.669701,0.134775,2.8454e-11,0.683555,-0.160781,0.0633288,0.264546,0.156086,-1.22805e-11,0.277896,-0.147373,-3.33111e-11
9.337,0.43004,0.0506282,0.239115,-0.187844,-0.116813,-0.0155932,0.669701,0.134775,2.8454e-11,0.683724,-0.160778,0.0629162,0.264546,0.156086,-1.22805e-11,0.277896,-0.147373,-3.33111e-11
9.338,0.430041,0.0504718,0.239222,-0.187648,-0.116565,-0.0154624,0.669701,0.134775,2.8454e-11,0.683892,-0.160775,0.0625031,0.264546,0.156086,-1.22805e-11,0.277896,-0.147373,-3.33111e-11
9.339,0.430043,0.050316,0.239329,-0.187448,-0.116314,-0.0153324,0.669701,0.134775,2.8454e-11,0.684058,-0.160773,0.0620894,0.264546,0.156086,-1.22805e-11,0.277896,-0.147373,-3.33111e-11
9.34,0.430046,0.0501607,0.239436,-0.187246,-0.11606,-0.0152031,0.669701,0.134775,2.8454e-11,0.684224,-0.16077,0.0616753,0.264546,0.156086,-1.22805e-11,0.277896,-0.147373,-3.33111e-11
9.341,0.43005,0.0500059,0.239543,-0.18704,-0.115803,-0.0150746,0.669701,0.134775,2.8454e-11,0.684388,-0.160768,0.0612607,0.264546,0.156086,-1.22805e-11,0.277896,-0.147373,-3.33111e-11
9.342,0.430055,0.0498517,0.239651,-0.186831,-0.115542,-0.0149468,0.669701,0.134775,2.8454e-11,0.684551,-0.160765,0.0608457,0.264546,0.156086,-1.22805e-11,0.277896,-0.147373,-3.33111e-11
9.343,0.430061,0.049698,0.239759,-0.186619,-0.115279,-0.0148197,0.669701,0.134775,2.8454e-11,0.684712,-0.160763,0.0604302,0.264546,0.156086,-1.22805e-11,0.277896,-0.147373,-3.33111e-11
9.344,0.430068,0.0495448,0.239867,-0.186404,-0.115012,-0.0146933,0.669701,0.134775,2.8454e-11,0.684873,-0.16076,0.0600144,0.264546,0.156086,-1.22805e-11,0.277896,-0.147373,-3.33111e-11
9.345,0.430076,0.0493921,0.239975,-0.186185,-0.114742,-0.0145676,0.669701,0.134775,2.8454e-11,0.685032,-0.160758,0.0595982,0.264546,0.156086,-1.22805e-11,0.277896,-0.147373,-3.33111e-11
9.346,0.430085,0.0492399,0.240083,-0.185963,-0.11447,-0.0144426,0.669701,0.134775,2.8454e-11,0.685191,-0.160755,0.0591816,0.264546,0.156086,-1.22805e-11,0.277896,-0.147373,-3.33111e-11
9.347,0.430095,0.0490883,0.240192,-0.185737,-0.114194,-0.0143182,0.669701,0.134775,2.8454e-11,0.685348,-0.160753,0.0587647,0.264546,0.156086,-1.22805e-11,0.277896,-0.147373,-3.33111e-11
9.348,0.430106,0.0489371,0.240301,-0.185507,-0.113915,-0.0141945,0.669701,0.134775,2.8454e-11,0.685504,-0.160751,0.0583475,0.264546,0.156086,-1.22805e-11,0.277896,-0.147373,-3.33111e-11
9.349,0.430117,0.0487865,0.240409,-0.185274,-0.113634,-0.0140714,0.669701,0.134775,2.8454e-11,0.685659,-0.160748,0.0579301,0.264546,0.156086,-1.22805e-11,0.277896,-0.147373,-3.33111e-11
9.35,0.43013,0.0486363,0.240519,-0.185038,-0.113349,-0.0139489,0.669701,0.134775,2.8454e-11,0.685813,-0.160746,0.0575124,0.264546,0.156086,-1.22805e-11,0.277896,-0.147373,-3.33111e-11
9.351,0.430143,0.0484867,0.240628,-0.184797,-0.113062,-0.013827,0.669701,0.134775,2.8454e-11,0.685965,-0.160743,0.0570944,0.264546,0.156086,-1.22805e-11,0.277896,-0.147373,-3.33111e-11
9.352,0.430158,0.0483375,0.240737,-0.184553,-0.112771,-0.0137057,0.669701,0.134775,2.8454e-11,0.686117,-0.160741,0.0566763,0.264546,0.156086,-1.22805e-11,0.277896,-0.147373,-3.33111e-11
9.353,0.430173,0.0481889,0.240847,-0.184305,-0.112478,-0.013585,0.669701,0.134775,2.8454e-11,0.686267,-0.160739,0.056258,0.264546,0.156086,-1.22805e-11,0.277896,-0.147373,-3.33111e-11
9.354,0.43019,0.0480407,0.240956,-0.184053,-0.112182,-0.0134648,0.669701,0.134775,2.8454e-11,0.686416,-0.160737,0.0558395,0.264546,0.156086,-1.22805e-11,0.277896,-0.147373,-3.33111e-11
9.355,0.430207,0.047893,0.241066,-0.183798,-0.111883,-0.0133452,0.669701,0.134775,2.8454e-11,0.686564,-0.160734,0.0554208,0.264546,0.156086,-1.22805e-11,0.277896,-0.147373,-3.33111e-11
9.356,0.430226,0.0477459,0.241176,-0.183538,-0.111581,-0.0132261,0.669701,0.134775,2.8454e-11,0.686711,-0.160732,0.0550021,0.264546,0.156086,-1.22805e-11,0.277896,-0.147373,-3.33111e-11
9.357,0.430245,0.0475992,0.241286,-0.183274,-0.111276,-0.0131075,0.669701,0.134775,2.8454e-11,0.686857,-0.16073,0.0545833,0.264546,0.156086,-1.22805e-11,0.277896,-0.147373,-3.33111e-11
9.358,0.430265,0.0474529,0.241396,-0.183006,-0.110968,-0.0129895,0.669701,0.134775,2.8454e-11,0.687002,-0.160727,0.0541643,0.264546,0.156086,-1.22805e-11,0.277896,-0.147373,-3.33111e-11
9.359,0.430287,0.0473072,0.241506,-0.182734,-0.110658,-0.0128719,0.669701,0.134775,2.8454e-11,0.687146,-0.160725,0.0537454,0.264546,0.156086,-1.22805e-11,0.277896,-0.147373,-3.33111e-11
9.36,0.430309,0.0471619,0.241616,-0.182457,-0.110345,-0.0127548,0.669701,0.134775,2.8454e-11,0.687288,-0.160723,0.0533264,0.264546,0.156086,-1.22805e-11,0.277896,-0.147373,-3.33111e-11
9.361,0.430332,0.0470171,0.241726,-0.182177,-0.110029,-0.0126382,0.669701,0.134775,2.8454e-11,0.68743,-0.160721,0.0529074,0.264546,0.156086,-1.22805e-11,0.277896,-0.147373,-3.33111e-11
9.362,0.430357,0.0468728,0.241836,-0.181892,-0.109711,-0.012522,0.669701,0.134775,2.8454e-11,0.68757,-0.160719,0.0524885,0.264546,0.156086,-1.22805e-11,0.277896,-0.147373,-3.33111e-11
9.363,0.430382,0.0467289,0.241946,-0.181602,-0.10939,-0.0124063,0.669701,0.134775,2.8454e-11,0.68771,-0.160717,0.0520696,0.264546,0.156086,-1.22805e-11,0.277896,-0.147373,-3.33111e-11
9.364,0.430408,0.0465856,0.242057,-0.181309,-0.109066,-0.012291,0.669701,0.134775,2.8454e-11,0.687848,-0.160714,0.0516507,0.264546,0.156086,-1.22805e-11,0.277896,-0.147373,-3.33111e-11
9.365,0.430435,0.0464426,0.242167,-0.18101,-0.108739,-0.0121761,0.669701,0.134775,2.8454e-11,0.687985,-0.160712,0.051232,0.264546,0.156086,-1.22805e-11,0.277896,-0.147373,-3.33111e-11
9.366,0.430463,0.0463001,0.242277,-0.180707,-0.10841,-0.0120616,0.669701,0.134775,2.8454e-11,0.688121,-0.16071,0.0508133,0.264546,0.156086,-1.22805e-11,0.277896,-0.147373,-3.33111e-11
9.367,0.430493,0.0461581,0.242387,-0.1804,-0.108079,-0.0119475,0.669701,0.134775,2.8454e-11,0.688256,-0.160708,0.0503948,0.264546,0.156086,-1.22805e-11,0.277896,-0.147373,-3.33111e-11
9.368,0.430523,0.0460166,0.242498,-0.180088,-0.107744,-0.0118337,0.669701,0.134775,2.8454e-11,0.68839,-0.160706,0.0499765,0.264546,0.156086,-1.22805e-11,0.277896,-0.147373,-3.33111e-11
9.369,0.430554,0.0458754,0.242608,-0.179771,-0.107407,-0.0117203,0.669701,0.134775,2.8454e-11,0.688523,-0.160704,0.0495583,0.264546,0.156086,-1.22805e-11,0.277896,-0.147373,-3.33111e-11
9.37,0.430586,0.0457348,0.242718,-0.179449,-0.107068,-0.0116073,0.669701,0.134775,2.8454e-11,0.688655,-0.160702,0.0491404,0.264546,0.156086,-1.22805e-11,0.277896,-0.147373,-3.33111e-11
9.371,0.430619,0.0455946,0.242828,-0.179123,-0.106726,-0.0114946,0.669701,0.134775,2.8454e-11,0.688785,-0.1607,0.0487226,0.264546,0.156086,-1.22805e-11,0.277896,-0.147373,-3.33111e-11
9.372,0.430654,0.0454548,0.242938,-0.178791,-0.106382,-0.0113822,0.669701,0.134775,2.8454e-11,0.688915,-0.160698,0.0483052,0.264546,0.156086,-1.22805e-11,0.277896,-0.147373,-3.33111e-11
9.373,0.430689,0.0453154,0.243048,-0.178455,-0.106035,-0.0112701,0.669701,0.134775,2.8454e-11,0.689044,-0.160696,0.047888,0.264546,0.156086,-1.22805e-11,0.277896,-0.147373,-3.33111e-11
9.374,0.430725,0.0451765,0.243158,-0.178114,-0.105685,-0.0111583,0.669701,0.134775,2.8454e-11,0.689171,-0.160694,0.0474711,0.264546,0.156086,-1.22805e-11,0.277896,-0.147373,-3.33111e-11
9.375,0.430762,0.0450381,0.243268,-0.177767,-0.105333,-0.0110467,0.669701,0.134775,2.8454e-11,0.689298,-0.160692,0.0470545,0.264546,0.156086,-1.22805e-11,0.277896,-0.147373,-3.33111e-11
9.376,0.4308,0.0449,0.243378,-0.177416,-0.104979,-0.0109354,0.669701,0.134775,2.8454e-11,0.689423,-0.16069,0.0466383,0.264546,0.156086,-1.22805e-11,0.277896,-0.147373,-3.33111e-11
9.377,0.43084,0.0447624,0.243487,-0.177059,-0.104622,-0.0108244,0.669701,0.134775,2.8454e-11,0.689548,-0.160688,0.0462224,0.264546,0.156086,-1.22805e-11,0.277896,-0.147373,-3.33111e-11
9.378,0.43088,0.0446253,0.243597,-0.176697,-0.104263,-0.0107136,0.669701,0.134775,2.8454e-11,0.689671,-0.160686,0.0458069,0.264546,0.156086,-1.22805e-11,0.277896,-0.147373,-3.33111e-11
9.379,0.430921,0.0444885,0.243706,-0.17633,-0.103902,-0.010603,0.669701,0.134775,2.8454e-11,0.689793,-0.160684,0.0453919,0.264546,0.156086,-1.22805e-11,0.277896,-0.147373,-3.33111e-11
9.38,0.430963,0.0443522,0.243816,-0.175957,-0.103538,-0.0104927,0.669701,0.134775,2.8454e-11,0.689915,-0.160683,0.0449773,0.264546,0.156086,-1.22805e-11,0.277896,-0.147373,-3.33111e-11
9.381,0.431007,0.0442162,0.243925,-0.175579,-0.103172,-0.0103825,0.669701,0.134775,2.8454e-11,0.690035,-0.160681,0.0445631,0.264546,0.156086,-1.22805e-11,0.277896,-0.147373,-3.33111e-11
9.382,0.431051,0.0440807,0.244034,-0.175196,-0.102803,-0.0102725,0.669701,0.134775,2.8454e-11,0.690154,-0.160679,0.0441494,0.264546,0.156086,-1.22805e-11,0.277896,-0.147373,-3.33111e-11
9.383,0.431096,0.0439456,0.244143,-0.174807,-0.102433,-0.0101627,0.669701,0.134775,2.8454e-11,0.690273,-0.160677,0.0437362,0.264546,0.156086,-1.22805e-11,0.277896,-0.147373,-3.33111e-11
9.384,0.431143,0.0438109,0.244251,-0.174413,-0.10206,-0.010053,0.669701,0.134775,2.8454e-11,0.69039,-0.160675,0.0433236,0.264546,0.156086,-1.22805e-11,0.277896,-0.147373,-3.33111e-11
9.385,0.43119,0.0436767,0.24436,-0.174013,-0.101684,-0.00994347,0.669701,0.134775,2.8454e-11,0.690506,-0.160673,0.0429115,0.264546,0.156086,-1.22805e-11,0.277896,-0.147373,-3.33111e-11
9.386,0.431239,0.0435428,0.244468,-0.173607,-0.101307,-0.00983406,0.669701,0.134775,2.8454e-11,0.690622,-0.160672,0.0425,0.264546,0.156086,-1.22805e-11,0.277896,-0.147373,-3.33111e-11
9.387,0.431288,0.0434093,0.244576,-0.173196,-0.100927,-0.00972476,0.669701,0.134775,2.8454e-11,0.690736,-0.16067,0.042089,0.264546,0.156086,-1.22805e-11,0.277896,-0.147373,-3.33111e-11
9.388,0.431339,0.0432763,0.244684,-0.172778,-0.100545,-0.00961556,0.669701,0.134775,2.8454e-11,0.690849,-0.160668,0.0416787,0.264546,0.156086,-1.22805e-11,0.277896,-0.147373,-3.33111e-11
9.389,0.43139,0.0431436,0.244792,-0.172355,-0.100161,-0.00950644,0.669701,0.134775,2.8454e-11,0.690961,-0.160666,0.0412691,0.264546,0.156086,-1.22805e-11,0.277896,-0.147373,-3.33111e-11
9.39,0.431443,0.0430113,0.244899,-0.171926,-0.0997749,-0.00939739,0.669701,0.134775,2.8454e-11,0.691073,-0.160665,0.0408601,0.264546,0.156086,-1.22805e-11,0.277896,-0.147373,-3.33111e-11
9.391,0.431497,0.0428794,0.245006,-0.171491,-0.0993866,-0.0092884,0.669701,0.134775,2.8454e-11,0.691183,-0.160663,0.0404518,0.264546,0.156086,-1.22805e-11,0.277896,-0.147373,-3.33111e-11
9.392,0.431551,0.0427479,0.245113,-0.171051,-0.0989962,-0.00917945,0.669701,0.134775,2.8454e-11,0.691292,-0.160661,0.0400442,0.264546,0.156086,-1.22805e-11,0.277896,-0.147373,-3.33111e-11
9.393,0.431607,0.0426168,0.24522,-0.170604,-0.0986036,-0.00907053,0.669701,0.134775,2.8454e-11,0.691401,-0.16066,0.0396373,0.264546,0.156086,-1.22805e-11,0.277896,-0.147373,-3.33111e-11
9.394,0.431664,0.042486,0.245327,-0.17015,-0.098209,-0.00896163,0.669701,0.134775,2.8454e-11,0.691508,-0.160658,0.0392312,0.264546,0.156086,-1.22805e-11,0.277896,-0.147373,-3.33111e-11
9.395,0.431722,0.0423557,0.245433,-0.169691,-0.0978124,-0.00885273,0.669701,0.134775,2.8454e-11,0.691615,-0.160656,0.0388259,0.264546,0.156086,-1.22805e-11,0.277896,-0.147373,-3.33111e-11
9.396,0.431781,0.0422257,0.245539,-0.169226,-0.0974137,-0.00874382,0.669701,0.134775,2.8454e-11,0.69172,-0.160655,0.0384214,0.264546,0.156086,-1.22805e-11,0.277896,-0.147373,-3.33111e-11
9.397,0.431841,0.0420961,0.245644,-0.168754,-0.097013,-0.00863488,0.669701,0.134775,2.8454e-11,0.691825,-0.160653,0.0380177,0.264546,0.156086,-1.22805e-11,0.277896,-0.147373,-3.33111e-11
9.398,0.431902,0.0419668,0.24575,-0.168276,-0.0966103,-0.00852591,0.669701,0.134775,2.8454e-11,0.691928,-0.160651,0.0376149,0.264546,0.156086,-1.22805e-11,0.277896,-0.147373,-3.33111e-11
9.399,0.431964,0.0418379,0.245855,-0.167791,-0.0962057,-0.00841688,0.669701,0.134775,2.8454e-11,0.692031,-0.16065,0.0372129,0.264546,0.156086,-1.22805e-11,0.277896,-0.147373,-3.33111e-11
9.4,0.432027,0.0417094,0.245959,-0.1673,-0.0957991,-0.00830779,0.669701,0.134775,2.8454e-11,0.692132,-0.160648,0.0368118,0.264546,0.156086,-1.22805e-11,0.277896,-0.147373,-3.33111e-11
9.401,0.432092,0.0415813,0.246064,-0.166803,-0.0953906,-0.00819862,0.669701,0.134775,2.8454e-11,0.692233,-0.160647,0.0364117,0.264546,0.156086,-1.22805e-11,0.277896,-0.147373,-3.33111e-11
9.402,0.432157,0.0414535,0.246168,-0.166299,-0.0949802,-0.00808938,0.669701,0.134775,2.8454e-11,0.692333,-0.160645,0.0360125,0.264546,0.156086,-1.22805e-11,0.277896,-0.147373,-3.33111e-11
9.403,0.432223,0.0413261,0.246271,-0.165789,-0.0945679,-0.00798007,0.669701,0.134775,2.8454e-11,0.692431,-0.160644,0.0356142,0.264546,0.156086,-1.22805e-11,0.277896,-0.147373,-3.33111e-11
9.404,0.432291,0.041199,0.246375,-0.165273,-0.0941538,-0.0078707,0.669701,0.134775,2.8454e-11,0.692529,-0.160642,0.035217,0.264546,0.156086,-1.22805e-11,0.277896,-0.147373,-3.33111e-11
9.405,0.432359,0.0410723,0.246478,-0.16475,-0.093738,-0.00776127,0.669701,0.134775,2.8454e-11,0.692626,-0.160641,0.0348208,0.264546,0.156086,-1.22805e-11,0.277896,-0.147373,-3.33111e-11
9.406,0.432429,0.0409459,0.24658,-0.164222,-0.0933204,-0.00765179,0.669701,0.134775,2.8454e-11,0.692722,-0.160639,0.0344256,0.264546,0.156086,-1.22805e-11,0.277896,-0.147373,-3.33111e-11
9.407,0.432499,0.0408198,0.246682,-0.163687,-0.0929012,-0.00754226,0.669701,0.134775,2.8454e-11,0.692817,-0.160638,0.0340314,0.264546,0.156086,-1.22805e-11,0.277896,-0.147373,-3.33111e-11
9.408,0.432571,0.0406941,0.246784,-0.163147,-0.0924802,-0.0074327,0.669701,0.134775,2.8454e-11,0.692911,-0.160636,0.0336383,0.264546,0.156086,-1.22805e-11,0.277896,-0.147373,-3.33111e-11
9.409,0.432644,0.0405688,0.246886,-0.162601,-0.0920577,-0.00732309,0.669701,0.134775,2.8454e-11,0.693005,-0.160635,0.0332464,0.264546,0.156086,-1.22805e-11,0.277896,-0.147373,-3.33111e-11
9.41,0.432717,0.0404437,0.246987,-0.16205,-0.0916336,-0.00721346,0.669701,0.134775,2.8454e-11,0.693097,-0.160633,0.0328555,0.264546,0.156086,-1.22805e-11,0.277896,-0.147373,-3.33111e-11
9.411,0.432792,0.040319,0.247087,-0.161493,-0.0912079,-0.00710381,0.669701,0.134775,2.8454e-11,0.693188,-0.160632,0.0324658,0.264546,0.156086,-1.22805e-11,0.277896,-0.147373,-3.33111e-11
9.412,0.432868,0.0401946,0.247188,-0.160931,-0.0907807,-0.00699414,0.669701,0.134775,2.8454e-11,0.693279,-0.160631,0.0320773,0.264546,0.156086,-1.22805e-11,0.277896,-0.147373,-3.33111e-11
9.413,0.432945,0.0400706,0.247287,-0.160363,-0.0903521,-0.00688446,0.669701,0.134775,2.8454e-11,0.693368,-0.160629,0.03169,0.264546,0.156086,-1.22805e-11,0.277896,-0.147373,-3.33111e-11
9.414,0.433023,0.0399468,0.247387,-0.15979,-0.0899221,-0.00677477,0.669701,0.134775,2.8454e-11,0.693457,-0.160628,0.0313039,0.264546,0.156086,-1.22805e-11,0.277896,-0.147373,-3.33111e-11
9.415,0.433101,0.0398234,0.247486,-0.159212,-0.0894906,-0.00666507,0.669701,0.134775,2.8454e-11,0.693545,-0.160626,0.0309191,0.264546,0.156086,-1.22805e-11,0.277896,-0.147373,-3.33111e-11
9.416,0.433181,0.0397003,0.247584,-0.158629,-0.0890578,-0.00655539,0.669701,0.134775,2.8454e-11,0.693632,-0.160625,0.0305355,0.264546,0.156086,-1.22805e-11,0.277896,-0.147373,-3.33111e-11
9.417,0.433262,0.0395775,0.247682,-0.158042,-0.0886237,-0.00644571,0.669701,0.134775,2.8454e-11,0.693718,-0.160624,0.0301531,0.264546,0.156086,-1.22805e-11,0.277896,-0.147373,-3.33111e-11
9.418,0.433344,0.0394549,0.24778,-0.157449,-0.0881884,-0.00633605,0.669701,0.134775,2.8454e-11,0.693803,-0.160623,0.0297721,0.264546,0.156086,-1.22805e-11,0.277896,-0.147373,-3.33111e-11
9.419,0.433427,0.0393327,0.247877,-0.156852,-0.0877518,-0.00622641,0.669701,0.134775,2.8454e-11,0.693887,-0.160621,0.0293925,0.264546,0.156086,-1.22805e-11,0.277896,-0.147373,-3.33111e-11
9.42,0.43351,0.0392108,0.247974,-0.15625,-0.087314,-0.0061168,0.669701,0.134775,2.8454e-11,0.69397,-0.16062,0.0290142,0.264546,0.156086,-1.22805e-11,0.277896,-0.147373,-3.33111e-11
9.421,0.433595,0.0390892,0.24807,-0.155643,-0.0868751,-0.00600722,0.669701,0.134775,2.8454e-11,0.694053,-0.160619,0.0286372,0.264546,0.156086,-1.22805e-11,0.277896,-0.147373,-3.33111e-11
9.422,0.433681,0.0389679,0.248165,-0.155033,-0.086435,-0.00589767,0.669701,0.134775,2.8454e-11,0.694134,-0.160617,0.0282617,0.264546,0.156086,-1.22805e-11,0.277896,-0.147373,-3.33111e-11
9.423,0.433768,0.0388468,0.248261,-0.154418,-0.0859939,-0.00578817,0.669701,0.134775,2.8454e-11,0.694215,-0.160616,0.0278876,0.264546,0.156086,-1.22805e-11,0.277896,-0.147373,-3.33111e-11
9.424,0.433856,0.0387261,0.248355,-0.153798,-0.0855517,-0.00567872,0.669701,0.134775,2.8454e-11,0.694295,-0.160615,0.027515,0.264546,0.156086,-1.22805e-11,0.277896,-0.147373,-3.33111e-11
9.425,0.433944,0.0386056,0.24845,-0.153175,-0.0851085,-0.00556933,0.669701,0.134775,2.8454e-11,0.694374,-0.160614,0.0271438,0.264546,0.156086,-1.22805e-11,0.277896,-0.147373,-3.33111e-11
9.426,0.434034,0.0384854,0.248543,-0.152548,-0.0846644,-0.00545999,0.669701,0.134775,2.8454e-11,0.694452,-0.160612,0.0267741,0.264546,0.156086,-1.22805e-11,0.277896,-0.147373,-3.33111e-11
9.427,0.434125,0.0383655,0.248636,-0.151917,-0.0842194,-0.00535072,0.669701,0.134775,2.8454e-11,0.694529,-0.160611,0.0264059,0.264546,0.156086,-1.22805e-11,0.277896,-0.147373,-3.33111e-11
9.428,0.434216,0.0382458,0.248729,-0.151282,-0.0837734,-0.00524153,0.669701,0.134775,2.8454e-11,0.694606,-0.16061,0.0260393,0.264546,0.156086,-1.22805e-11,0.277896,-0.147373,-3.33111e-11
9.429,0.434309,0.0381264,0.248821,-0.150643,-0.0833267,-0.0051324,0.669701,0.134775,2.8454e-11,0.694681,-0.160609,0.0256742,0.264546,0.156086,-1.22805e-11,0.277896,-0.147373,-3.33111e-11
9.43,0.434402,0.0380073,0.248913,-0.150001,-0.0828791,-0.00502337,0.669701,0.134775,2.8454e-11,0.694756,-0.160608,0.0253108,0.264546,0.156086,-1.22805e-11,0.277896,-0.147373,-3.33111e-11
9.431,0.434497,0.0378884,0.249004,-0.149355,-0.0824307,-0.00491442,0.669701,0.134775,2.8454e-11,0.69483,-0.160607,0.0249489,0.264546,0.156086,-1.22805e-11,0.277896,-0.147373,-3.33111e-11
9.432,0.434592,0.0377698,0.249094,-0.148706,-0.0819817,-0.00480556,0.669701,0.134775,2.8454e-11,0.694903,-0.160606,0.0245886,0.264546,0.156086,-1.22805e-11,0.277896,-0.147373,-3.33111e-11
9.433,0.434689,0.0376514,0.249184,-0.148054,-0.0815319,-0.0046968,0.669701,0.134775,2.8454e-11,0.694976,-0.160604,0.0242301,0.264546,0.156086,-1.22805e-11,0.277896,-0.147373,-3.33111e-11
9.434,0.434786,0.0375333,0.249273,-0.147398,-0.0810815,-0.00458815,0.669701,0.134775,2.8454e-11,0.695047,-0.160603,0.0238732,0.264546,0.156086,-1.22805e-11,0.277896,-0.147373,-3.33111e-11
9.435,0.434884,0.0374154,0.249362,-0.14674,-0.0806305,-0.00447961,0.669701,0.134775,2.8454e-11,0.695118,-0.160602,0.023518,0.264546,0.156086,-1.22805e-11,0.277896,-0.147373,-3.33111e-11
9.436,0.434983,0.0372978,0.24945,-0.146078,-0.0801789,-0.00437118,0.669701,0.134775,2.8454e-11,0.695187,-0.160601,0.0231645,0.264546,0.156086,-1.22805e-11,0.277896,-0.147373,-3.33111e-11
9.437,0.435083,0.0371804,0.249538,-0.145414,-0.0797267,-0.00426288,0.669701,0.134775,2.8454e-11,0.695256,-0.1606,0.0228128,0.264546,0.156086,-1.22805e-11,0.277896,-0.147373,-3.33111e-11
9.438,0.435184,0.0370632,0.249624,-0.144746,-0.0792741,-0.0041547,0.669701,0.134775,2.8454e-11,0.695325,-0.160599,0.0224628,0.264546,0.156086,-1.22805e-11,0.277896,-0.147373,-3.33111e-11
9.439,0.435286,0.0369463,0.249711,-0.144076,-0.078821,-0.00404666,0.669701,0.134775,2.8454e-11,0.695392,-0.160598,0.0221146,0.264546,0.156086,-1.22805e-11,0.277896,-0.147373,-3.33111e-11
9.44,0.435389,0.0368296,0.249796,-0.143404,-0.0783675,-0.00393875,0.669701,0.134775,2.8454e-11,0.695458,-0.160597,0.0217683,0.264546,0.156086,-1.22805e-11,0.277896,-0.147373,-3.33111e-11
9.441,0.435493,0.0367131,0.249882,-0.142729,-0.0779136,-0.00383099,0.669701,0.134775,2.8454e-11,0.695524,-0.160596,0.0214238,0.264546,0.156086,-1.22805e-11,0.277896,-0.147373,-3.33111e-11
9.442,0.435598,0.0365969,0.249966,-0.142052,-0.0774594,-0.00372338,0.669701,0.134775,2.8454e-11,0.695589,-0.160595,0.0210811,0.264546,0.156086,-1.22805e-11,0.277896,-0.147373,-3.33111e-11
9.443,0.435703,0.0364809,0.25005,-0.141372,-0.0770049,-0.00361592,0.669701,0.134775,2.8454e-11,0.695653,-0.160594,0.0207404,0.264546,0.156086,-1.22805e-11,0.277896,-0.147373,-3.33111e-11
9.444,0.43581,0.036365,0.250133,-0.14069,-0.0765501,-0.00350863,0.669701,0.134775,2.8454e-11,0.695717,-0.160593,0.0204015,0.264546,0.156086,-1.22805e-11,0.277896,-0.147373,-3.33111e-11
9.445,0.435917,0.0362494,0.250215,-0.140007,-0.0760951,-0.0034015,0.669701,0.134775,2.8454e-11,0.695779,-0.160592,0.0200646,0.264546,0.156086,-1.22805e-11,0.277896,-0.147373,-3.33111e-11
9.446,0.436025,0.036134,0.250297,-0.139321,-0.0756399,-0.00329454,0.669701,0.134775,2.8454e-11,0.695841,-0.160591,0.0197296,0.264546,0.156086,-1.22805e-11,0.277896,-0.147373,-3.33111e-11
9.447,0.436134,0.0360188,0.250378,-0.138633,-0.0751845,-0.00318776,0.669701,0.134775,2.8454e-11,0.695902,-0.16059,0.0193966,0.264546,0.156086,-1.22805e-11,0.277896,-0.147373,-3.33111e-11
9.448,0.436244,0.0359038,0.250459,-0.137944,-0.0747291,-0.00308116,0.669701,0.134775,2.8454e-11,0.695962,-0.160589,0.0190656,0.264546,0.156086,-1.22805e-11,0.277896,-0.147373,-3.33111e-11
9.449,0.436355,0.035789,0.250539,-0.137253,-0.0742736,-0.00297475,0.669701,0.134775,2.8454e-11,0.696022,-0.160588,0.0187367,0.264546,0.156086,-1.22805e-11,0.277896,-0.147373,-3.33111e-11
9.45,0.436467,0.0356744,0.250618,-0.13656,-0.073818,-0.00286854,0.669701,0.134775,2.8454e-11,0.69608,-0.160587,0.0184097,0.264546,0.156086,-1.22805e-11,0.277896,-0.147373,-3.33111e-11
9.451,0.43658,0.03556,0.250696,-0.135866,-0.0733625,-0.00276252,0.669701,0.134775,2.8454e-11,0.696138,-0.160586,0.0180849,0.264546,0.156086,-1.22805e-11,0.277896,-0.147373,-3.33111e-11
9.452,0.436693,0.0354458,0.250774,-0.135171,-0.072907,-0.00265672,0.669701,0.134775,2.8454e-11,0.696196,-0.160586,0.0177621,0.264546,0.156086,-1.22805e-11,0.277896,-0.147373,-3.33111e-11
9.453,0.436807,0.0353317,0.250851,-0.134474,-0.0724516,-0.00255112,0.669701,0.134775,2.8454e-11,0.696252,-0.160585,0.0174415,0.264546,0.156086,-1.22805e-11,0.277896,-0.147373,-3.33111e-11
9.454,0.436923,0.0352178,0.250927,-0.133776,-0.0719963,-0.00244574,0.669701,0.134775,2.8454e-11,0.696308,-0.160584,0.017123,0.264546,0.156086,-1.22805e-11,0.277896,-0.147373,-3.33111e-11
9.455,0.437039,0.0351041,0.251003,-0.133077,-0.0715411,-0.00234058,0.669701,0.134775,2.8454e-11,0.696363,-0.160583,0.0168066,0.264546,0.156086,-1.22805e-11,0.277896,-0.147373,-3.33111e-11
9.456,0.437156,0.0349906,0.251077,-0.132377,-0.0710862,-0.00223564,0.669701,0.134775,2.8454e-11,0.696417,-0.160582,0.0164925,0.264546,0.156086,-1.22805e-11,0.277896,-0.147373,-3.33111e-11
9.457,0.437273,0.0348773,0.251151,-0.131676,-0.0706315,-0.00213095,0.669701,0.134775,2.8454e-11,0.69647,-0.160581,0.0161805,0.264546,0.156086,-1.22805e-11,0.277896,-0.147373,-3.33111e-11
9.458,0.437392,0.0347641,0.251225,-0.130975,-0.0701771,-0.00202649,0.669701,0.134775,2.8454e-11,0.696523,-0.160581,0.0158708,0.264546,0.156086,-1.22805e-11,0.277896,-0.147373,-3.33111e-11
9.459,0.437511,0.034651,0.251297,-0.130273,-0.069723,-0.00192227,0.669701,0.134775,2.8454e-11,0.696575,-0.16058,0.0155634,0.264546,0.156086,-1.22805e-11,0.277896,-0.147373,-3.33111e-11
9.46,0.437632,0.0345382,0.251369,-0.12957,-0.0692693,-0.0018183,0.669701,0.134775,2.8454e-11,0.696626,-0.160579,0.0152582,0.264546,0.156086,-1.22805e-11,0.277896,-0.147373,-3.33111e-11
9.461,0.437753,0.0344255,0.25144,-0.128867,-0.0688159,-0.00171459,0.669701,0.134775,2.8454e-11,0.696677,-0.160578,0.0149553,0.264546,0.156086,-1.22805e-11,0.277896,-0.147373,-3.33111e-11
9.462,0.437875,0.0343129,0.25151,-0.128163,-0.068363,-0.00161115,0.669701,0.134775,2.8454e-11,0.696726,-0.160577,0.0146547,0.264546,0.156086,-1.22805e-11,0.277896,-0.147373,-3.33111e-11
9.463,0.437997,0.0342005,0.25158,-0.12746,-0.0679106,-0.00150796,0.669701,0.134775,2.8454e-11,0.696775,-0.160577,0.0143565,0.264546,0.156086,-1.22805e-11,0.277896,-0.147373,-3.33111e-11
9.464,0.438121,0.0340882,0.251648,-0.126756,-0.0674587,-0.00140505,0.669701,0.134775,2.8454e-11,0.696824,-0.160576,0.0140606,0.264546,0.156086,-1.22805e-11,0.277896,-0.147373,-3.33111e-11
9.465,0.438245,0.0339761,0.251716,-0.126052,-0.0670073,-0.00130242,0.669701,0.134775,2.8454e-11,0.696871,-0.160575,0.0137672,0.264546,0.156086,-1.22805e-11,0.277896,-0.147373,-3.33111e-11
9.466,0.43837,0.0338641,0.251783,-0.125348,-0.0665565,-0.00120008,0.669701,0.134775,2.8454e-11,0.696918,-0.160574,0.0134761,0.264546,0.156086,-1.22805e-11,0.277896,-0.147373,-3.33111e-11
9.467,0.438496,0.0337522,0.251849,-0.124644,-0.0661064,-0.00109802,0.669701,0.134775,2.8454e-11,0.696965,-0.160574,0.0131875,0.264546,0.156086,-1.22805e-11,0.277896,-0.147373,-3.33111e-11
9.468,0.438623,0.0336405,0.251915,-0.123941,-0.0656569,-0.000996252,0.669701,0.134775,2.8454e-11,0.69701,-0.160573,0.0129014,0.264546,0.156086,-1.22805e-11,0.277896,-0.147373,-3.33111e-11
9.469,0.438751,0.0335289,0.251979,-0.123237,-0.0652081,-0.000894788,0.669701,0.134775,2.8454e-11,0.697055,-0.160572,0.0126177,0.264546,0.156086,-1.22805e-11,0.277896,-0.147373,-3.33111e-11
9.47,0.438879,0.0334175,0.252043,-0.122535,-0.06476,-0.00079363,0.669701,0.134775,2.8454e-11,0.697099,-0.160572,0.0123365,0.264546,0.156086,-1.22805e-11,0.277896,-0.147373,-3.33111e-11
9.471,0.439008,0.0333061,0.252106,-0.121833,-0.0643128,-0.000692783,0.669701,0.134775,2.8454e-11,0.697142,-0.160571,0.0120579,0.264546,0.156086,-1.22805e-11,0.277896,-0.147373,-3.33111e-11
9.472,0.439138,0.0331949,0.252168,-0.121131,-0.0638663,-0.000592253,0.669701,0.134775,2.8454e-11,0.697185,-0.16057,0.0117818,0.264546,0.156086,-1.22805e-11,0.277896,-0.147373,-3.33111e-11
9.473,0.439269,0.0330837,0.252229,-0.12043,-0.0634207,-0.000492046,0.669701,0.134775,2.8454e-11,0.697227,-0.16057,0.0115083,0.264546,0.156086,-1.22805e-11,0.277896,-0.147373,-3.33111e-11
9.474,0.4394,0.0329727,0.252289,-0.11973,-0.0629761,-0.000392166,0.669701,0.134775,2.8454e-11,0.697269,-0.160569,0.0112374,0.264546,0.156086,-1.22805e-11,0.277896,-0.147373,-3.33111e-11
9.475,0.439533,0.0328618,0.252349,-0.119032,-0.0625323,-0.000292621,0.669701,0.134775,2.8454e-11,0.697309,-0.160568,0.0109691,0.264546,0.156086,-1.22805e-11,0.277896,-0.147373,-3.33111e-11
9.476,0.439666,0.032751,0.252407,-0.118334,-0.0620895,-0.000193415,0.669701,0.134775,2.8454e-11,0.697349,-0.160568,0.0107035,0.264546,0.156086,-1.22805e-11,0.277896,-0.147373,-3.33111e-11
9.477,0.4398,0.0326403,0.252465,-0.117637,-0.0616478,-9.45537e-05,0.669701,0.134775,2.8454e-11,0.697389,-0.160567,0.0104405,0.264546,0.156086,-1.22805e-11,0.277896,-0.147373,-3.33111e-11
9.478,0.439934,0.0325297,0.252521,-0.116942,-0.0612071,3.95706e-06,0.669701,0.134775,2.8454e-11,0.697428,-0.160567,0.0101802,0.264546,0.156086,-1.22805e-11,0.277896,-0.147373,-3.33111e-11
9.479,0.440069,0.0324192,0.252577,-0.116248,-0.0607674,0.000102112,0.669701,0.134775,2.8454e-11,0.697466,-0.160566,0.00992267,0.264546,0.156086,-1.22805e-11,0.277896,-0.147373,-3.33111e-11
9.48,0.440206,0.0323088,0.252632,-0.115555,-0.060329,0.000199905,0.669701,0.134775,2.8454e-11,0.697503,-0.160565,0.00966784,0.264546,0.156086,-1.22805e-11,0.277896,-0.147373,-3.33111e-11
9.481,0.440342,0.0321985,0.252686,-0.114864,-0.0598916,0.000297331,0.669701,0.134775,2.8454e-11,0.69754,-0.160565,0.00941576,0.264546,0.156086,-1.22805e-11,0.277896,-0.147373,-3.33111e-11
9.482,0.44048,0.0320882,0.252739,-0.114175,-0.0594555,0.000394384,0.669701,0.134775,2.8454e-11,0.697576,-0.160564,0.00916648,0.264546,0.156086,-1.22805e-11,0.277896,-0.147373,-3.33111e-11
9.483,0.440618,0.031978,0.252791,-0.113487,-0.0590207,0.000491058,0.669701,0.134775,2.8454e-11,0.697611,-0.160564,0.00891999,0.264546,0.156086,-1.22805e-11,0.277896,-0.147373,-3.33111e-11
9.484,0.440757,0.0318679,0.252842,-0.112801,-0.0585871,0.000587349,0.669701,0.134775,2.8454e-11,0.697646,-0.160563,0.00867634,0.264546,0.156086,-1.22805e-11,0.277896,-0.147373,-3.33111e-11
9.485,0.440897,0.0317579,0.252893,-0.112118,-0.0581548,0.00068325,0.669701,0.134775,2.8454e-11,0.69768,-0.160563,0.00843554,0.264546,0.156086,-1.22805e-11,0.277896,-0.147373,-3.33111e-11
9.486,0.441038,0.031648,0.252942,-0.111436,-0.0577239,0.000778756,0.669701,0.134775,2.8454e-11,0.697714,-0.160562,0.00819761,0.264546,0.156086,-1.22805e-11,0.277896,-0.147373,-3.33111e-11
9.487,0.441179,0.0315381,0.25299,-0.110756,-0.0572945,0.000873862,0.669701,0.134775,2.8454e-11,0.697747,-0.160562,0.00796258,0.264546,0.156086,-1.22805e-11,0.277896,-0.147373,-3.33111e-11
9.488,0.441321,0.0314282,0.253037,-0.110079,-0.0568664,0.000968561,0.669701,0.134775,2.8454e-11,0.697779,-0.160561,0.00773047,0.264546,0.156086,-1.22805e-11,0.277896,-0.147373,-3.33111e-11
9.489,0.441464,0.0313185,0.253084,-0.109404,-0.0564398,0.00106285,0.669701,0.134775,2.8454e-11,0.69781,-0.160561,0.0075013,0.264546,0.156086,-1.22805e-11,0.277896,-0.147373,-3.33111e-11
9.49,0.441607,0.0312088,0.253129,-0.108732,-0.0560148,0.00115672,0.669701,0.134775,2.8454e-11,0.697841,-0.16056,0.0072751,0.264546,0.156086,-1.22805e-11,0.277896,-0.147373,-3.33111e-11
9.491,0.441751,0.0310991,0.253173,-0.108062,-0.0555913,0.00125016,0.669701,0.134775,2.8454e-11,0.697872,-0.16056,0.00705189,0.264546,0.156086,-1.22805e-11,0.277896,-0.147373,-3.33111e-11
9.492,0.441896,0.0309895,0.253217,-0.107395,-0.0551694,0.00134318,0.669701,0.134775,2.8454e-11,0.697902,-0.160559,0.00683169,0.264546,0.156086,-1.22805e-11,0.277896,-0.147373,-3.33111e-11
9.493,0.442041,0.0308799,0.253259,-0.10673,-0.0547491,0.00143577,0.669701,0.134775,2.8454e-11,0.697931,-0.160559,0.00661453,0.264546,0.156086,-1.22805e-11,0.277896,-0.147373,-3.33111e-11
9.494,0.442188,0.0307704,0.253301,-0.106069,-0.0543305,0.00152791,0.669701,0.134775,2.8454e-11,0.697959,-0.160558,0.00640042,0.264546,0.156086,-1.22805e-11,0.277896,-0.147373,-3.33111e-11
9.495,0.442334,0.0306609,0.253341,-0.10541,-0.0539136,0.00161961,0.669701,0.134775,2.8454e-11,0.697987,-0.160558,0.0061894,0.264546,0.156086,-1.22805e-11,0.277896,-0.147373,-3.33111e-11
9.496,0.442482,0.0305514,0.25338,-0.104755,-0.0534985,0.00171086,0.669701,0.134775,2.8454e-11,0.698015,-0.160558,0.00598148,0.264546,0.156086,-1.22805e-11,0.277896,-0.147373,-3.33111e-11
9.497,0.44263,0.030442,0.253418,-0.104103,-0.0530851,0.00180165,0.669701,0.134775,2.8454e-11,0.698042,-0.160557,0.00577669,0.264546,0.156086,-1.22805e-11,0.277896,-0.147373,-3.33111e-11
9.498,0.442779,0.0303326,0.253456,-0.103454,-0.0526736,0.00189198,0.669701,0.134775,2.8454e-11,0.698068,-0.160557,0.00557505,0.264546,0.156086,-1.22805e-11,0.277896,-0.147373,-3.33111e-11
9.499,0.442929,0.0302232,0.253492,-0.102808,-0.0522639,0.00198184,0.669701,0.134775,2.8454e-11,0.698093,-0.160556,0.00537659,0.264546,0.156086,-1.22805e-11,0.277896,-0.147373,-3.33111e-11
9.5,0.443079,0.0301139,0.253527,-0.102166,-0.0518562,0.00207123,0.669701,0.134775,2.8454e-11,0.698118,-0.160556,0.00518132,0.264546,0.156086,-1.22805e-11,0.277896,-0.147373,-3.33111e-11
9.501,0.44323,0.0300045,0.253561,-0.101528,-0.0514504,0.00216013,0.669701,0.134775,2.8454e-11,0.698143,-0.160556,0.00498927,0.264546,0.156086,-1.22805e-11,0.277896,-0.147373,-3.33111e-11
9.502,0.443382,0.0298952,0.253594,-0.100893,-0.0510465,0.00224848,0.669701,0.134775,2.8454e-11,0.698167,-0.160555,0.00480046,0.264546,0.156086,-1.22805e-11,0.277896,-0.147373,-3.33111e-11
9.503,0.443534,0.0297859,0.253626,-0.100261,-0.0506446,0.00233621,0.669701,0.134775,2.8454e-11,0.69819,-0.160555,0.00461492,0.264546,0.156086,-1.22805e-11,0.277896,-0.147373,-3.33111e-11
9.504,0.443687,0.0296766,0.253656,-0.0996332,-0.0502447,0.00242325,0.669701,0.134775,2.8454e-11,0.698213,-0.160554,0.00443266,0.264546,0.156086,-1.22805e-11,0.277896,-0.147373,-3.33111e-11
9.505,0.443841,0.0295673,0.253686,-0.0990088,-0.0498467,0.00250954,0.669701,0.134775,2.8454e-11,0.698235,-0.160554,0.00425372,0.264546,0.156086,-1.22805e-11,0.277896,-0.147373,-3.33111e-11
9.506,0.443995,0.0294581,0.253715,-0.0983879,-0.0494507,0.00259499,0.669701,0.134775,2.8454e-11,0.698256,-0.160554,0.00407811,0.264546,0.156086,-1.22805e-11,0.277896,-0.147373,-3.33111e-11
9.507,0.44415,0.0293488,0.253742,-0.0977705,-0.0490567,0.00267955,0.669701,0.134775,2.8454e-11,0.698277,-0.160553,0.00390586,0.264546,0.156086,-1.22805e-11,0.277896,-0.147373,-3.33111e-11
9.508,0.444305,0.0292396,0.253769,-0.0971566,-0.0486646,0.00276314,0.669701,0.134775,2.8454e-11,0.698298,-0.160553,0.003737,0.264546,0.156086,-1.22805e-11,0.277896,-0.147373,-3.33111e-11
9.509,0.444461,0.0291304,0.253794,-0.0965461,-0.0482746,0.0028457,0.669701,0.134775,2.8454e-11,0.698318,-0.160553,0.00357153,0.264546,0.156086,-1.22805e-11,0.277896,-0.147373,-3.33111e-11
9.51,0.444618,0.0290212,0.253819,-0.095939,-0.0478866,0.00292714,0.669701,0.134775,2.8454e-11,0.698337,-0.160553,0.00340949,0.264546,0.156086,-1.22805e-11,0.277896,-0.147373,-3.33111e-11
9.511,0.444775,0.028912,0.253842,-0.0953354,-0.0475005,0.00300741,0.669701,0.134775,2.8454e-11,0.698356,-0.160552,0.0032509,0.264546,0.156086,-1.22805e-11,0.277896,-0.147373,-3.33111e-11
9.512,0.444933,0.0288028,0.253864,-0.0947352,-0.0471165,0.00308643,0.669701,0.134775,2.8454e-11,0.698374,-0.160552,0.00309578,0.264546,0.156086,-1.22805e-11,0.277896,-0.147373,-3.33111e-11
9.513,0.445092,0.0286937,0.253886,-0.0941384,-0.0467346,0.00316413,0.669701,0.134775,2.8454e-11,0.698392,-0.160552,0.00294416,0.264546,0.156086,-1.22805e-11,0.277896,-0.147373,-3.33111e-11
9.514,0.445251,0.0285845,0.253906,-0.0935449,-0.0463546,0.00324045,0.669701,0.134775,2.8454e-11,0.698409,-0.160551,0.00279606,0.264546,0.156086,-1.22805e-11,0.277896,-0.147373,-3.33111e-11
9.515,0.445411,0.0284754,0.253925,-0.0929548,-0.0459767,0.00331531,0.669701,0.134775,2.8454e-11,0.698426,-0.160551,0.0026515,0.264546,0.156086,-1.22805e-11,0.277896,-0.147373,-3.33111e-11
9.516,0.445571,0.0283663,0.253943,-0.092368,-0.0456008,0.00338864,0.669701,0.134775,2.8454e-11,0.698442,-0.160551,0.0025105,0.264546,0.156086,-1.22805e-11,0.277896,-0.147373,-3.33111e-11
9.517,0.445732,0.0282572,0.25396,-0.0917845,-0.045227,0.00346038,0.669701,0.134775,2.8454e-11,0.698458,-0.160551,0.00237309,0.264546,0.156086,-1.22805e-11,0.277896,-0.147373,-3.33111e-11
9.518,0.445893,0.0281481,0.253976,-0.0912044,-0.0448552,0.00353045,0.669701,0.134775,2.8454e-11,0.698473,-0.16055,0.00223929,0.264546,0.156086,-1.22805e-11,0.277896,-0.147373,-3.33111e-11
9.519,0.446055,0.028039,0.253991,-0.0906275,-0.0444855,0.00359878,0.669701,0.134775,2.8454e-11,0.698488,-0.16055,0.00210913,0.264546,0.156086,-1.22805e-11,0.277896,-0.147373,-3.33111e-11
9.52,0.446217,0.0279299,0.254005,-0.0900539,-0.0441179,0.00366531,0.669701,0.134775,2.8454e-11,0.698502,-0.16055,0.00198262,0.264546,0.156086,-1.22805e-11,0.277896,-0.147373,-3.33111e-11
9.521,0.44638,0.0278209,0.254017,-0.0894836,-0.0437523,0.00372996,0.669701,0.134775,2.8454e-11,0.698516,-0.16055,0.00185979,0.264546,0.156086,-1.22805e-11,0.277896,-0.147373,-3.33111e-11
9.522,0.446544,0.0277118,0.254029,-0.0889164,-0.0433889,0.00379266,0.669701,0.134775,2.8454e-11,0.698529,-0.16055,0.00174067,0.264546,0.156086,-1.22805e-11,0.277896,-0.147373,-3.33111e-11
9.523,0.446708,0.0276028,0.25404,-0.0883526,-0.0430275,0.00385335,0.669701,0.134775,2.8454e-11,0.698541,-0.160549,0.00162526,0.264546,0.156086,-1.22805e-11,0.277896,-0.147373,-3.33111e-11
9.524,0.446873,0.0274938,0.254049,-0.0877919,-0.0426682,0.00391195,0.669701,0.134775,2.8454e-11,0.698553,-0.160549,0.00151361,0.264546,0.156086,-1.22805e-11,0.277896,-0.147373,-3.33111e-11
9.525,0.447038,0.0273848,0.254058,-0.0872344,-0.042311,0.0039684,0.669701,0.134775,2.8454e-11,0.698565,-0.160549,0.00140573,0.264546,0.156086,-1.22805e-11,0.277896,-0.147373,-3.33111e-11
9.526,0.447204,0.0272758,0.254065,-0.0866801,-0.0419559,0.00402262,0.669701,0.134775,2.8454e-11,0.698576,-0.160549,0.00130165,0.264546,0.156086,-1.22805e-11,0.277896,-0.147373,-3.33111e-11
9.527,0.44737,0.0271668,0.254072,-0.0861289,-0.041603,0.00407454,0.669701,0.134775,2.8454e-11,0.698587,-0.160549,0.00120138,0.264546,0.156086,-1.22805e-11,0.277896,-0.147373,-3.33111e-11
9.528,0.447536,0.0270578,0.254077,-0.0855809,-0.0412521,0.0041241,0.669701,0.134775,2.8454e-11,0.698597,-0.160549,0.00110495,0.264546,0.156086,-1.22805e-11,0.277896,-0.147373,-3.33111e-11
9.529,0.447704,0.0269488,0.254081,-0.085036,-0.0409034,0.00417123,0.669701,0.134775,2.8454e-11,0.698607,-0.160548,0.00101239,0.264546,0.156086,-1.22805e-11,0.277896,-0.147373,-3.33111e-11
9.53,0.447871,0.0268398,0.254085,-0.0844942,-0.0405569,0.00421585,0.669701,0.134775,2.8454e-11,0.698616,-0.160548,0.000923709,0.264546,0.156086,-1.22805e-11,0.277896,-0.147373,-3.33111e-11
9.531,0.448039,0.0267309,0.254087,-0.0839555,-0.0402124,0.0042579,0.669701,0.134775,2.8454e-11,0.698625,-0.160548,0.000838941,0.264546,0.156086,-1.22805e-11,0.277896,-0.147373,-3.33111e-11
9.532,0.448208,0.0266219,0.254088,-0.0834198,-0.0398702,0.0042973,0.669701,0.134775,2.8454e-11,0.698633,-0.160548,0.000758106,0.264546,0.156086,-1.22805e-11,0.277896,-0.147373,-3.33111e-11
9.533,0.448377,0.026513,0.254088,-0.0828872,-0.03953,0.00433398,0.669701,0.134775,2.8454e-11,0.698641,-0.160548,0.000681226,0.264546,0.156086,-1.22805e-11,0.277896,-0.147373,-3.33111e-11
9.534,0.448546,0.0264041,0.254087,-0.0823577,-0.0391921,0.00436788,0.669701,0.134775,2.8454e-11,0.698648,-0.160548,0.000608325,0.264546,0.156086,-1.22805e-11,0.277896,-0.147373,-3.33111e-11
9.535,0.448716,0.0262951,0.254085,-0.0818312,-0.0388563,0.00439893,0.669701,0.134775,2.8454e-11,0.698655,-0.160548,0.000539425,0.264546,0.156086,-1.22805e-11,0.277896,-0.147373,-3.33111e-11
9.536,0.448887,0.0261862,0.254082,-0.0813077,-0.0385227,0.00442706,0.669701,0.134775,2.8454e-11,0.698662,-0.160548,0.000474551,0.264546,0.156086,-1.22805e-11,0.277896,-0.147373,-3.33111e-11
9.537,0.449058,0.0260773,0.254078,-0.0807872,-0.0381913,0.00445218,0.669701,0.134775,2.8454e-11,0.698668,-0.160547,0.000413723,0.264546,0.156086,-1.22805e-11,0.277896,-0.147373,-3.33111e-11
9.538,0.449229,0.0259684,0.254073,-0.0802696,-0.037862,0.00447425,0.669701,0.134775,2.8454e-11,0.698673,-0.160547,0.000356967,0.264546,0.156086,-1.22805e-11,0.277896,-0.147373,-3.33111e-11
9.539,0.449401,0.0258595,0.254067,-0.079755,-0.037535,0.00449318,0.669701,0.134775,2.8454e-11,0.698678,-0.160547,0.000304304,0.264546,0.156086,-1.22805e-11,0.277896,-0.147373,-3.33111e-11
9.54,0.449573,0.0257506,0.25406,-0.0792434,-0.0372101,0.00450891,0.669701,0.134775,2.8454e-11,0.698683,-0.160547,0.000255757,0.264546,0.156086,-1.22805e-11,0.277896,-0.147373,-3.33111e-11
9.541,0.449745,0.0256417,0.254052,-0.0787347,-0.0368875,0.00452136,0.669701,0.134775,2.8454e-11,0.698687,-0.160547,0.000211351,0.264546,0.156086,-1.22805e-11,0.277896,-0.147373,-3.33111e-11
9.542,0.449918,0.0255328,0.254042,-0.0782289,-0.0365671,0.00453047,0.669701,0.134775,2.8454e-11,0.698691,-0.160547,0.000171107,0.264546,0.156086,-1.22805e-11,0.277896,-0.147373,-3.33111e-11
9.543,0.450092,0.025424,0.254032,-0.077726,-0.0362489,0.00453617,0.669701,0.134775,2.8454e-11,0.698695,-0.160547,0.000135048,0.264546,0.156086,-1.22805e-11,0.277896,-0.147373,-3.33111e-11
9.544,0.450266,0.0253151,0.254021,-0.0772259,-0.0359329,0.00453839,0.669701,0.134775,2.8454e-11,0.698698,-0.160547,0.000103198,0.264546,0.156086,-1.22805e-11,0.277896,-0.147373,-3.33111e-11
9.545,0.45044,0.0252062,0.254008,-0.0767287,-0.0356192,0.00453705,0.669701,0.134775,2.8454e-11,0.6987,-0.160547,7.558e-05,0.264546,0.156086,-1.22805e-11,0.277896,-0.147373,-3.33111e-11
9.546,0.450614,0.0250974,0.253995,-0.0762344,-0.0353077,0.00453208,0.669701,0.134775,2.8454e-11,0.698702,-0.160547,5.22164e-05,0.264546,0.156086,-1.22805e-11,0.277896,-0.147373,-3.33111e-11
9.547,0.450789,0.0249885,0.25398,-0.0757429,-0.0349985,0.00452343,0.669701,0.134775,2.8454e-11,0.698704,-0.160547,3.31304e-05,0.264546,0.156086,-1.22805e-11,0.277896,-0.147373,-3.33111e-11
9.548,0.450965,0.0248797,0.253965,-0.0752542,-0.0346915,0.00451101,0.669701,0.134775,2.8454e-11,0.698706,-0.160547,1.8345e-05,0.264546,0.156086,-1.22805e-11,0.277896,-0.147373,-3.33111e-11
9.549,0.45114,0.0247708,0.253948,-0.0747683,-0.0343868,0.00449476,0.669701,0.134775,2.8454e-11,0.698706,-0.160547,7.88329e-06,0.264546,0.156086,-1.22805e-11,0.277896,-0.147373,-3.33111e-11
9.55,0.451316,0.024662,0.253931,-0.0742852,-0.0340843,0.00447461,0.669701,0.134775,2.8454e-11,0.698707,-0.160547,1.7682e-06,0.264546,0.156086,-1.22805e-11,0.277896,-0.147373,-3.33111e-11
9.551,0.451493,0.0245531,0.253912,-0.0738048,-0.0337842,0.00445049,0.669701,0.134775,2.8454e-11,0.698707,-0.160547,-2.60762e-12,0.264546,0.156086,-1.22805e-11,0.277896,-0.147373,-3.33111e-11
9.552,0.451669,0.0244443,0.253892,-0.0733272,-0.0334863,0.00442232,0.669701,0.134775,2.8454e-11,0.698707,-0.160547,-2.60762e-12,0.264546,0.156086,-1.22805e-11,0.277896,-0.147373,-3.33111e-11
9.553,0.451846,0.0243354,0.253872,-0.0728523,-0.0331907,0.00439004,0.669701,0.134775,2.8454e-11,0.698707,-0.160547,-2.60762e-12,0.264546,0.156086,-1.22805e-11,0.277896,-0.147373,-3.33111e-11
9.554,0.452024,0.0242266,0.25385,-0.0723801,-0.0328974,0.00435358,0.669701,0.134775,2.8454e-11,0.698707,-0.160547,-2.60762e-12,0.264546,0.156086,-1.22805e-11,0.277896,-0.147373,-3.33111e-11
9.555,0.452202,0.0241178,0.253827,-0.0719106,-0.0326064,0.00431287,0.669701,0.134775,2.8454e-11,0.698707,-0.160547,-2.60762e-12,0.264546,0.156086,-1.22805e-11,0.277896,-0.147373,-3.33111e-11
9.556,0.45238,0.0240089,0.253803,-0.0714438,-0.0323177,0.00426784,0.669701,0.134775,2.8454e-11,0.698707,-0.160547,-2.60762e-12,0.264546,0.156086,-1.22805e-11,0.277896,-0.147373,-3.33111e-11
9.557,0.452558,0.0239001,0.253778,-0.0709797,-0.0320313,0.00421841,0.669701,0.134775,2.8454e-11,0.698707,-0.160547,-2.60762e-12,0.264546,0.156086,-1.22805e-11,0.277896,-0.147373,-3.33111e-11
9.558,0.452737,0.0237913,0.253752,-0.0705182,-0.0317473,0.00416453,0.669701,0.134775,2.8454e-11,0.698707,-0.160547,-2.60762e-12,0.264546,0.156086,-1.22805e-11,0.277896,-0.147373,-3.33111e-11
9.559,0.452916,0.0236825,0.253726,-0.0700593,-0.0314655,0.00410611,0.669701,0.134775,2.8454e-11,0.698707,-0.160547,-2.60762e-12,0.264546,0.156086,-1.22805e-11,0.277896,-0.147373,-3.33111e-11
9.56,0.453095,0.0235736,0.253698,-0.069603,-0.0311861,0.00404309,0.669701,0.134775,2.8454e-11,0.698707,-0.160547,-2.60762e-12,0.264546,0.156086,-1.22805e-11,0.277896,-0.147373,-3.33111e-11
9.561,0.453275,0.0234648,0.253669,-0.0691494,-0.0309091,0.0039754,0.669701,0.134775,2.8454e-11,0.698707,-0.160547,-2.60762e-12,0.264546,0.156086,-1.22805e-11,0.277896,-0.147373,-3.33111e-11
9.562,0.453454,0.023356,0.253639,-0.0686983,-0.0306344,0.00390297,0.669701,0.134775,2.8454e-11,0.698707,-0.160547,-2.60762e-12,0.264546,0.156086,-1.22805e-11,0.277896,-0.147373,-3.33111e-11
9.563,0.453635,0.0232472,0.253607,-0.0682498,-0.0303621,0.00382573,0.669701,0.134775,2.8454e-11,0.698707,-0.160547,-2.60762e-12,0.264546,0.156086,-1.22805e-11,0.277896,-0.147373,-3.33111e-11
9.564,0.453815,0.0231383,0.253575,-0.0678038,-0.0300921,0.00374361,0.669701,0.134775,2.8454e-11,0.698707,-0.160547,-2.60762e-12,0.264546,0.156086,-1.22805e-11,0.277896,-0.147373,-3.33111e-11
9.565,0.453996,0.0230295,0.253542,-0.0673603,-0.0298245,0.00365654,0.669701,0.134775,2.8454e-11,0.698707,-0.160547,-2.60762e-12,0.264546,0.156086,-1.22805e-11,0.277896,-0.147373,-3.33111e-11
9.566,0.454177,0.0229207,0.253508,-0.0669194,-0.0295593,0.00356445,0.669701,0.134775,2.8454e-11,0.698707,-0.160547,-2.60762e-12,0.264546,0.156086,-1.22805e-11,0.277896,-0.147373,-3.33111e-11
9.567,0.454358,0.0228119,0.253473,-0.066481,-0.0292964,0.00346727,0.669701,0.134775,2.8454e-11,0.698707,-0.160547,-2.60762e-12,0.264546,0.156086,-1.22805e-11,0.277896,-0.147373,-3.33111e-11
9.568,0.454539,0.022703,0.253437,-0.066045,-0.029036,0.00336493,0.669701,0.134775,2.8454e-11,0.698707,-0.160547,-2.60762e-12,0.264546,0.156086,-1.22805e-11,0.277896,-0.147373,-3.33111e-11
9.569,0.454721,0.0225942,0.2534,-0.0656116,-0.0287779,0.00325735,0.669701,0.134775,2.8454e-11,0.698707,-0.160547,-2.60762e-12,0.264546,0.156086,-1.22805e-11,0.277896,-0.147373,-3.33111e-11
9.57,0.454903,0.0224854,0.253361,-0.0651805,-0.0285222,0.00314448,0.669701,0.134775,2.8454e-11,0.698707,-0.160547,-2.60762e-12,0.264546,0.156086,-1.22805e-11,0.277896,-0.147373,-3.33111e-11
9.571,0.455085,0.0223765,0.253322,-0.0647519,-0.028269,0.00302624,0.669701,0.134775,2.8454e-11,0.698707,-0.160547,-2.60762e-12,0.264546,0.156086,-1.22805e-11,0.277896,-0.147373,-3.33111e-11
9.572,0.455267,0.0222677,0.253282,-0.0643257,-0.0280182,0.00290256,0.669701,0.134775,2.8454e-11,0.698707,-0.160547,-2.60762e-12,0.264546,0.156086,-1.22805e-11,0.277896,-0.147373,-3.33111e-11
9.573,0.45545,0.0221589,0.25324,-0.0639019,-0.0277698,0.00277337,0.669701,0.134775,2.8454e-11,0.698707,-0.160547,-2.60762e-12,0.264546,0.156086,-1.22805e-11,0.277896,-0.147373,-3.33111e-11
9.574,0.455633,0.02205,0.253198,-0.0634805,-0.0275238,0.0026386,0.669701,0.134775,2.8454e-11,0.698707,-0.160547,-2.60762e-12,0.264546,0.156086,-1.22805e-11,0.277896,-0.147373,-3.33111e-11
9.575,0.455816,0.0219412,0.253155,-0.0630615,-0.0272802,0.00249818,0.669701,0.134775,2.8454e-11,0.698707,-0.160547,-2.60762e-12,0.264546,0.156086,-1.22805e-11,0.277896,-0.147373,-3.33111e-11
9.576,0.455999,0.0218323,0.25311,-0.0626448,-0.0270391,0.00235205,0.669701,0.134775,2.8454e-11,0.698707,-0.160547,-2.60762e-12,0.264546,0.156086,-1.22805e-11,0.277896,-0.147373,-3.33111e-11
9.577,0.456182,0.0217235,0.253065,-0.0622304,-0.0268005,0.00220012,0.669701,0.134775,2.8454e-11,0.698707,-0.160547,-2.60762e-12,0.264546,0.156086,-1.22805e-11,0.277896,-0.147373,-3.33111e-11
9.578,0.456366,0.0216146,0.253018,-0.0618184,-0.0265643,0.00204234,0.669701,0.134775,2.8454e-11,0.698707,-0.160547,-2.60762e-12,0.264546,0.156086,-1.22805e-11,0.277896,-0.147373,-3.33111e-11
9.579,0.456549,0.0215057,0.252971,-0.0614087,-0.0263305,0.00187863,0.669701,0.134775,2.8454e-11,0.698707,-0.160547,-2.60762e-12,0.264546,0.156086,-1.22805e-11,0.277896,-0.147373,-3.33111e-11
9.58,0.456733,0.0213969,0.252922,-0.0610012,-0.0260993,0.00170891,0.669701,0.134775,2.8454e-11,0.698707,-0.160547,-2.60762e-12,0.264546,0.156086,-1.22805e-11,0.277896,-0.147373,-3.33111e-11
9.581,0.456917,0.021288,0.252873,-0.060596,-0.0258705,0.00153313,0.669701,0.134775,2.8454e-11,0.698707,-0.160547,-2.60762e-12,0.264546,0.156086,-1.22805e-11,0.277896,-0.147373,-3.33111e-11
9.582,0.457102,0.0211791,0.252822,-0.0601931,-0.0256442,0.00135122,0.669701,0.134775,2.8454e-11,0.698707,-0.160547,-2.60762e-12,0.264546,0.156086,-1.22805e-11,0.277896,-0.147373,-3.33111e-11
9.583,0.457286,0.0210702,0.252771,-0.0597924,-0.0254204,0.00116309,0.669701,0.134775,2.8454e-11,0.698707,-0.160547,-2.60762e-12,0.264546,0.156086,-1.22805e-11,0.277896,-0.147373,-3.33111e-11
9.584,0.45747,0.0209613,0.252718,-0.0593939,-0.025199,0.000968688,0.669701,0.134775,2.8454e-11,0.698707,-0.160547,-2.60762e-12,0.264546,0.156086,-1.22805e-11,0.277896,-0.147373,-3.33111e-11
9.585,0.457655,0.0208524,0.252665,-0.0589976,-0.0249802,0.000767936,0.669701,0.134775,2.8454e-11,0.698707,-0.160547,-2.60762e-12,0.264546,0.156086,-1.22805e-11,0.277896,-0.147373,-3.33111e-11
9.586,0.45784,0.0207435,0.25261,-0.0586035,-0.0247639,0.000560768,0.669701,0.134775,2.8454e-11,0.698707,-0.160547,-2.60762e-12,0.264546,0.156086,-1.22805e-11,0.277896,-0.147373,-3.33111e-11
9.587,0.458025,0.0206346,0.252555,-0.0582116,-0.0245501,0.000347111,0.669701,0.134775,2.8454e-11,0.698707,-0.160547,-2.60762e-12,0.264546,0.156086,-1.22805e-11,0.277896,-0.147373,-3.33111e-11
9.588,0.45821,0.0205257,0.252498,-0.0578218,-0.0243389,0.000126898,0.669701,0.134775,2.8454e-11,0.698707,-0.160547,-2.60762e-12,0.264546,0.156086,-1.22805e-11,0.277896,-0.147373,-3.33111e-11
9.589,0.458395,0.0204168,0.25244,-0.0574342,-0.0241301,-9.99432e-05,0.669701,0.134775,2.8454e-11,0.698707,-0.160547,-2.60762e-12,0.264546,0.156086,-1.22805e-11,0.277896,-0.147373,-3.33111e-11
9.59,0.45858,0.0203079,0.252382,-0.0570487,-0.0239239,-0.000333481,0.669701,0.134775,2.8454e-11,0.698707,-0.160547,-2.60762e-12,0.264546,0.156086,-1.22805e-11,0.277896,-0.147373,-3.33111e-11
9.591,0.458766,0.0201989,0.252322,-0.0566652,-0.0237203,-0.000573786,0.669701,0.134775,2.8454e-11,0.698707,-0.160547,-2.60762e-12,0.264546,0.156086,-1.22805e-11,0.277896,-0.147373,-3.33111e-11
9.592,0.458951,0.02009,0.252261,-0.0562839,-0.0235191,-0.000820928,0.669701,0.134775,2.8454e-11,0.698707,-0.160547,-2.60762e-12,0.264546,0.156086,-1.22805e-11,0.277896,-0.147373,-3.33111e-11
9.593,0.459137,0.019981,0.2522,-0.0559047,-0.0233206,-0.00107498,0.669701,0.134775,2.8454e-11,0.698707,-0.160547,-2.60762e-12,0.264546,0.156086,-1.22805e-11,0.277896,-0.147373,-3.33111e-11
9.594,0.459322,0.0198721,0.252137,-0.0555274,-0.0231246,-0.001336,0.669701,0.134775,2.8454e-11,0.698707,-0.160547,-2.60762e-12,0.264546,0.156086,-1.22805e-11,0.277896,-0.147373,-3.33111e-11
9.595,0.459508,0.0197631,0.252073,-0.0551523,-0.0229312,-0.00160407,0.669701,0.134775,2.8454e-11,0.698707,-0.160547,-2.60762e-12,0.264546,0.156086,-1.22805e-11,0.277896,-0.147373,-3.33111e-11
9.596,0.459694,0.0196541,0.252008,-0.0547791,-0.0227403,-0.00187926,0.669701,0.134775,2.8454e-11,0.698707,-0.160547,-2.60762e-12,0.264546,0.156086,-1.22805e-11,0.277896,-0.147373,-3.33111e-11
9.597,0.459879,0.0195451,0.251943,-0.054408,-0.0225521,-0.00216163,0.669701,0.134775,2.8454e-11,0.698707,-0.160547,-2.60762e-12,0.264546,0.156086,-1.22805e-11,0.277896,-0.147373,-3.33111e-11
9.598,0.460065,0.0194361,0.251876,-0.0540388,-0.0223664,-0.00245126,0.669701,0.134775,2.8454e-11,0.698707,-0.160547,-2.60762e-12,0.264546,0.156086,-1.22805e-11,0.277896,-0.147373,-3.33111e-11
9.599,0.460251,0.0193271,0.251808,-0.0536716,-0.0221833,-0.00274822,0.669701,0.134775,2.8454e-11,0.698707,-0.160547,-2.60762e-12,0.264546,0.156086,-1.22805e-11,0.277896,-0.147373,-3.33111e-11
9.6,0.460437,0.0192181,0.251739,-0.0533064,-0.0220028,-0.00305257,0.669701,0.134775,2.8454e-11,0.698707,-0.160547,-2.60762e-12,0.264546,0.156086,-1.22805e-11,0.277896,-0.147373,-3.33111e-11
9.601,0.460623,0.0191091,0.25167,-0.0529431,-0.0218249,-0.00336435,0.669701,0.134775,2.8454e-11,0.698707,-0.160547,-2.60762e-12,0.264546,0.156086,-1.22805e-11,0.277896,-0.147373,-3.33111e-11
9.602,0.460809,0.019,0.251599,-0.0525818,-0.0216496,-0.00368341,0.669701,0.134775,2.8454e-11,0.698707,-0.160547,-2.60762e-12,0.264546,0.156086,-1.22805e-11,0.277896,-0.147373,-3.33111e-11
9.603,0.460995,0.018891,0.251527,-0.0522226,-0.0214769,-0.00400958,0.669701,0.134775,2.8454e-11,0.698707,-0.160547,-2.60762e-12,0.264546,0.156086,-1.22805e-11,0.277896,-0.147373,-3.33111e-11
9.604,0.461181,0.018782,0.251454,-0.0518654,-0.0213066,-0.00434267,0.669701,0.134775,2.8454e-11,0.698707,-0.160547,-2.60762e-12,0.264546,0.156086,-1.22805e-11,0.277896,-0.147373,-3.33111e-11
9.605,0.461368,0.0186729,0.251381,-0.0515103,-0.0211387,-0.00468252,0.669701,0.134775,2.8454e-11,0.698707,-0.160547,-2.60762e-12,0.264546,0.156086,-1.22805e-11,0.277896,-0.147373,-3.33111e-11
9.606,0.461554,0.0185639,0.251306,-0.0511574,-0.0209733,-0.00502894,0.669701,0.134775,2.8454e-11,0.698707,-0.160547,-2.60762e-12,0.264546,0.156086,-1.22805e-11,0.277896,-0.147373,-3.33111e-11
9.607,0.46174,0.0184549,0.251231,-0.0508067,-0.0208103,-0.00538174,0.669701,0.134775,2.8454e-11,0.698707,-0.160547,-2.60762e-12,0.264546,0.156086,-1.22805e-11,0.277896,-0.147373,-3.33111e-11
9.608,0.461926,0.018346,0.251154,-0.0504582,-0.0206496,-0.00574076,0.669701,0.134775,2.8454e-11,0.698707,-0.160547,-2.60762e-12,0.264546,0.156086,-1.22805e-11,0.277896,-0.147373,-3.33111e-11
9.609,0.462112,0.018237,0.251077,-0.050112,-0.0204912,-0.00610581,0.669701,0.134775,2.8454e-11,0.698707,-0.160547,-2.60762e-12,0.264546,0.156086,-1.22805e-11,0.277896,-0.147373,-3.33111e-11
9.61,0.462298,0.0181281,0.250999,-0.0497682,-0.020335,-0.00647671,0.669701,0.134775,2.8454e-11,0.698707,-0.160547,-2.60762e-12,0.264546,0.156086,-1.22805e-11,0.277896,-0.147373,-3.33111e-11
9.611,0.462484,0.0180193,0.25092,-0.0494268,-0.0201811,-0.00685329,0.669701,0.134775,2.8454e-11,0.698707,-0.160547,-2.60762e-12,0.264546,0.156086,-1.22805e-11,0.277896,-0.147373,-3.33111e-11
9.612,0.46267,0.0179105,0.25084,-0.0490877,-0.0200293,-0.00723536,0.669701,0.134775,2.8454e-11,0.698707,-0.160547,-2.60762e-12,0.264546,0.156086,-1.22805e-11,0.277896,-0.147373,-3.33111e-11
9.613,0.462856,0.0178017,0.250759,-0.0487512,-0.0198797,-0.00762275,0.669701,0.134775,2.8454e-11,0.698707,-0.160547,-2.60762e-12,0.264546,0.156086,-1.22805e-11,0.277896,-0.147373,-3.33111e-11
9.614,0.463042,0.017693,0.250677,-0.0484172,-0.0197322,-0.00801527,0.669701,0.134775,2.8454e-11,0.698707,-0.160547,-2.60762e-12,0.264546,0.156086,-1.22805e-11,0.277896,-0.147373,-3.33111e-11
9.615,0.463228,0.0175843,0.250595,-0.0480857,-0.0195867,-0.00841275,0.669701,0.134775,2.8454e-11,0.698707,-0.160547,-2.60762e-12,0.264546,0.156086,-1.22805e-11,0.277896,-0.147373,-3.33111e-11
9.616,0.463413,0.0174758,0.250512,-0.0477569,-0.0194433,-0.008815,0.669701,0.134775,2.8454e-11,0.698707,-0.160547,-2.60762e-12,0.264546,0.156086,-1.22805e-11,0.277896,-0.147373,-3.33111e-11
9.617,0.463599,0.0173672,0.250428,-0.0474307,-0.0193018,-0.00922186,0.669701,0.134775,2.8454e-11,0.698707,-0.160547,-2.60762e-12,0.264546,0.156086,-1.22805e-11,0.277896,-0.147373,-3.33111e-11
9.618,0.463785,0.0172588,0.250343,-0.0471071,-0.0191623,-0.00963313,0.669701,0.134775,2.8454e-11,0.698707,-0.160547,-2.60762e-12,0.264546,0.156086,-1.22805e-11,0.277896,-0.147373,-3.33111e-11
9.619,0.46397,0.0171504,0.250257,-0.0467864,-0.0190247,-0.0100486,0.669701,0.134775,2.8454e-11,0.698707,-0.160547,-2.60762e-12,0.264546,0.156086,-1.22805e-11,0.277896,-0.147373,-3.33111e-11
9.62,0.464156,0.0170421,0.250171,-0.0464684,-0.018889,-0.0104682,0.669701,0.134775,2.8454e-11,0.698707,-0.160547,-2.60762e-12,0.264546,0.156086,-1.22805e-11,0.277896,-0.147373,-3.33111e-11
9.621,0.464341,0.0169339,0.250084,-0.0461532,-0.0187551,-0.0108917,0.669701,0.134775,2.8454e-11,0.698707,-0.160547,-2.60762e-12,0.264546,0.156086,-1.22805e-11,0.277896,-0.147373,-3.33111e-11
9.622,0.464526,0.0168259,0.249997,-0.0458409,-0.018623,-0.0113188,0.669701,0.134775,2.8454e-11,0.698707,-0.160547,-2.60762e-12,0.264546,0.156086,-1.22805e-11,0.277896,-0.147373,-3.33111e-11
9.623,0.464711,0.0167179,0.249908,-0.0455316,-0.0184926,-0.0117495,0.669701,0.134775,2.8454e-11,0.698707,-0.160547,-2.60762e-12,0.264546,0.156086,-1.22805e-11,0.277896,-0.147373,-3.33111e-11
9.624,0.464896,0.01661,0.249819,-0.0452252,-0.0183639,-0.0121836,0.669701,0.134775,2.8454e-11,0.698707,-0.160547,-2.60762e-12,0.264546,0.156086,-1.22805e-11,0.277896,-0.147373,-3.33111e-11
9.625,0.465081,0.0165022,0.249729,-0.0449218,-0.0182369,-0.0126207,0.669701,0.134775,2.8454e-11,0.698707,-0.160547,-2.60762e-12,0.264546,0.156086,-1.22805e-11,0.277896,-0.147373,-3.33111e-11
9.626,0.465266,0.0163945,0.249639,-0.0446214,-0.0181116,-0.0130609,0.669701,0.134775,2.8454e-11,0.698707,-0.160547,-2.60762e-12,0.264546,0.156086,-1.22805e-11,0.277896,-0.147373,-3.33111e-11
9.627,0.46545,0.016287,0.249548,-0.0443242,-0.0179878,-0.0135039,0.669701,0.134775,2.8454e-11,0.698707,-0.160547,-2.60762e-12,0.264546,0.156086,-1.22805e-11,0.277896,-0.147373,-3.33111e-11
9.628,0.465634,0.0161795,0.249456,-0.0440301,-0.0178656,-0.0139495,0.669701,0.134775,2.8454e-11,0.698707,-0.160547,-2.60762e-12,0.264546,0.156086,-1.22805e-11,0.277896,-0.147373,-3.33111e-11
9.629,0.465819,0.0160722,0.249364,-0.0437392,-0.0177449,-0.0143976,0.669701,0.134775,2.8454e-11,0.698707,-0.160547,-2.60762e-12,0.264546,0.156086,-1.22805e-11,0.277896,-0.147373,-3.33111e-11
9.63,0.466003,0.0159651,0.249271,-0.0434515,-0.0176257,-0.0148479,0.669701,0.134775,2.8454e-11,0.698707,-0.160547,-2.60762e-12,0.264546,0.156086,-1.22805e-11,0.277896,-0.147373,-3.33111e-11
9.631,0.466187,0.015858,0.249177,-0.043167,-0.0175079,-0.0153003,0.669701,0.134775,2.8454e-11,0.698707,-0.160547,-2.60762e-12,0.264546,0.156086,-1.22805e-11,0.277896,-0.147373,-3.33111e-11
9.632,0.46637,0.0157512,0.249083,-0.0428859,-0.0173915,-0.0157547,0.669701,0.134775,2.8454e-11,0.698707,-0.160547,-2.60762e-12,0.264546,0.156086,-1.22805e-11,0.277896,-0.147373,-3.33111e-11
9.633,0.466554,0.0156444,0.248989,-0.0426082,-0.0172764,-0.0162107,0.669701,0.134775,2.8454e-11,0.698707,-0.160547,-2.60762e-12,0.264546,0.156086,-1.22805e-11,0.277896,-0.147373,-3.33111e-11
9.634,0.466737,0.0155379,0.248893,-0.0423339,-0.0171627,-0.0166683,0.669701,0.134775,2.8454e-11,0.698707,-0.160547,-2.60762e-12,0.264546,0.156086,-1.22805e-11,0.277896,-0.147373,-3.33111e-11
9.635,0.46692,0.0154314,0.248798,-0.042063,-0.0170503,-0.0171273,0.669701,0.134775,2.8454e-11,0.698707,-0.160547,-2.60762e-12,0.264546,0.156086,-1.22805e-11,0.277896,-0.147373,-3.33111e-11
9.636,0.467103,0.0153252,0.248701,-0.0417956,-0.0169391,-0.0175875,0.669701,0.134775,2.8454e-11,0.698707,-0.160547,-2.60762e-12,0.264546,0.156086,-1.22805e-11,0.277896,-0.147373,-3.33111e-11
9.637,0.467286,0.0152191,0.248605,-0.0415318,-0.0168291,-0.0180487,0.669701,0.134775,2.8454e-11,0.698707,-0.160547,-2.60762e-12,0.264546,0.156086,-1.22805e-11,0.277896,-0.147373,-3.33111e-11
9.638,0.467468,0.0151132,0.248507,-0.0412715,-0.0167202,-0.0185107,0.669701,0.134775,2.8454e-11,0.698707,-0.160547,-2.60762e-12,0.264546,0.156086,-1.22805e-11,0.277896,-0.147373,-3.33111e-11
9.639,0.467651,0.0150075,0.24841,-0.0410149,-0.0166125,-0.0189734,0.669701,0.134775,2.8454e-11,0.698707,-0.160547,-2.60762e-12,0.264546,0.156086,-1.22805e-11,0.277896,-0.147373,-3.33111e-11
9.64,0.467833,0.0149019,0.248311,-0.040762,-0.0165059,-0.0194366,0.669701,0.134775,2.8454e-11,0.698707,-0.160547,-2.60762e-12,0.264546,0.156086,-1.22805e-11,0.277896,-0.147373,-3.33111e-11
9.641,0.468015,0.0147966,0.248213,-0.0405127,-0.0164003,-0.0199,0.669701,0.134775,2.8454e-11,0.698707,-0.160547,-2.60762e-12,0.264546,0.156086,-1.22805e-11,0.277896,-0.147373,-3.33111e-11
9.642,0.468196,0.0146914,0.248114,-0.0402673,-0.0162957,-0.0203636,0.669701,0.134775,2.8454e-11,0.698707,-0.160547,-2.60762e-12,0.264546,0.156086,-1.22805e-11,0.277896,-0.147373,-3.33111e-11
9.643,0.468377,0.0145864,0.248014,-0.0400256,-0.0161921,-0.0208272,0.669701,0.134775,2.8454e-11,0.698707,-0.160547,-2.60762e-12,0.264546,0.156086,-1.22805e-11,0.277896,-0.147373,-3.33111e-11
9.644,0.468558,0.0144817,0.247914,-0.0397878,-0.0160894,-0.0212904,0.669701,0.134775,2.8454e-11,0.698707,-0.160547,-2.60762e-12,0.264546,0.156086,-1.22805e-11,0.277896,-0.147373,-3.33111e-11
9.645,0.468739,0.0143771,0.247814,-0.0395539,-0.0159876,-0.0217533,0.669701,0.134775,2.8454e-11,0.698707,-0.160547,-2.60762e-12,0.264546,0.156086,-1.22805e-11,0.277896,-0.147373,-3.33111e-11
9.646,0.46892,0.0142728,0.247713,-0.039324,-0.0158866,-0.0222156,0.669701,0.134775,2.8454e-11,0.698707,-0.160547,-2.60762e-12,0.264546,0.156086,-1.22805e-11,0.277896,-0.147373,-3.33111e-11
9.647,0.4691,0.0141687,0.247612,-0.039098,-0.0157864,-0.022677,0.669701,0.134775,2.8454e-11,0.698707,-0.160547,-2.60762e-12,0.264546,0.156086,-1.22805e-11,0.277896,-0.147373,-3.33111e-11
9.648,0.46928,0.0140648,0.247511,-0.038876,-0.0156871,-0.0231376,0.669701,0.134775,2.8454e-11,0.698707,-0.160547,-2.60762e-12,0.264546,0.156086,-1.22805e-11,0.277896,-0.147373,-3.33111e-11
9.649,0.469459,0.0139611,0.247409,-0.0386582,-0.0155884,-0.023597,0.669701,0.134775,2.8454e-11,0.698707,-0.160547,-2.60762e-12,0.264546,0.156086,-1.22805e-11,0.277896,-0.147373,-3.33111e-11
9.65,0.469638,0.0138577,0.247307,-0.0384444,-0.0154905,-0.0240551,0.669701,0.134775,2.8454e-11,0.698707,-0.160547,-2.60762e-12,0.264546,0.156086,-1.22805e-11,0.277896,-0.147373,-3.33111e-11
9.651,0.469817,0.0137545,0.247205,-0.0382348,-0.0153932,-0.0245116,0.669701,0.134775,2.8454e-11,0.698707,-0.160547,-2.60762e-12,0.264546,0.156086,-1.22805e-11,0.277896,-0.147373,-3.33111e-11
9.652,0.469996,0.0136515,0.247102,-0.0380295,-0.0152965,-0.0249666,0.669701,0.134775,2.8454e-11,0.698707,-0.160547,-2.60762e-12,0.264546,0.156086,-1.22805e-11,0.277896,-0.147373,-3.33111e-11
9.653,0.470174,0.0135488,0.246999,-0.0378284,-0.0152004,-0.0254196,0.669701,0.134775,2.8454e-11,0.698707,-0.160547,-2.60762e-12,0.264546,0.156086,-1.22805e-11,0.277896,-0.147373,-3.33111e-11
9.654,0.470352,0.0134464,0.246896,-0.0376315,-0.0151048,-0.0258706,0.669701,0.134775,2.8454e-11,0.698707,-0.160547,-2.60762e-12,0.264546,0.156086,-1.22805e-11,0.277896,-0.147373,-3.33111e-11
9.655,0.47053,0.0133442,0.246792,-0.0374391,-0.0150097,-0.0263195,0.669701,0.134775,2.8454e-11,0.698707,-0.160547,-2.60762e-12,0.264546,0.156086,-1.22805e-11,0.277896,-0.147373,-3.33111e-11
9.656,0.470707,0.0132423,0.246689,-0.037251,-0.0149151,-0.0267659,0.669701,0.134775,2.8454e-11,0.698707,-0.160547,-2.60762e-12,0.264546,0.156086,-1.22805e-11,0.277896,-0.147373,-3.33111e-11
9.657,0.470884,0.0131406,0.246585,-0.0370673,-0.0148209,-0.0272097,0.669701,0.134775,2.8454e-11,0.698707,-0.160547,-2.60762e-12,0.264546,0.156086,-1.22805e-11,0.277896,-0.147373,-3.33111e-11
9.658,0.471061,0.0130393,0.24648,-0.0368881,-0.014727,-0.0276509,0.669701,0.134775,2.8454e-11,0.698707,-0.160547,-2.60762e-12,0.264546,0.156086,-1.22805e-11,0.277896,-0.147373,-3.33111e-11
9.659,0.471237,0.0129382,0.246376,-0.0367135,-0.0146335,-0.028089,0.669701,0.134775,2.8454e-11,0.698707,-0.160547,-2.60762e-12,0.264546,0.156086,-1.22805e-11,0.277896,-0.147373,-3.33111e-11
9.66,0.471413,0.0128374,0.246272,-0.0365434,-0.0145403,-0.0285241,0.669701,0.134775,2.8454e-11,0.698707,-0.160547,-2.60762e-12,0.264546,0.156086,-1.22805e-11,0.277896,-0.147373,-3.33111e-11
9.661,0.471588,0.0127368,0.246167,-0.0363779,-0.0144474,-0.0289559,0.669701,0.134775,2.8454e-11,0.698707,-0.160547,-2.60762e-12,0.264546,0.156086,-1.22805e-11,0.277896,-0.147373,-3.33111e-11
9.662,0.471763,0.0126366,0.246062,-0.036217,-0.0143547,-0.0293842,0.669701,0.134775,2.8454e-11,0.698707,-0.160547,-2.60762e-12,0.264546,0.156086,-1.22805e-11,0.277896,-0.147373,-3.33111e-11
9.663,0.471938,0.0125367,0.245957,-0.0360609,-0.0142622,-0.0298089,0.669701,0.134775,2.8454e-11,0.698707,-0.160547,-2.60762e-12,0.264546,0.156086,-1.22805e-11,0.277896,-0.147373,-3.33111e-11
9.664,0.472112,0.012437,0.245852,-0.0359095,-0.0141698,-0.0302298,0.669701,0.134775,2.8454e-11,0.698707,-0.160547,-2.60762e-12,0.264546,0.156086,-1.22805e-11,0.277896,-0.147373,-3.33111e-11
9.665,0.472286,0.0123377,0.245747,-0.0357629,-0.0140775,-0.0306466,0.669701,0.134775,2.8454e-11,0.698707,-0.160547,-2.60762e-12,0.264546,0.156086,-1.22805e-11,0.277896,-0.147373,-3.33111e-11
9.666,0.472459,0.0122387,0.245641,-0.0356211,-0.0139853,-0.0310593,0.669701,0.134775,2.8454e-11,0.698707,-0.160547,-2.60762e-12,0.264546,0.156086,-1.22805e-11,0.277896,-0.147373,-3.33111e-11
9.667,0.472632,0.01214,0.245536,-0.0354842,-0.0138931,-0.0314676,0.669701,0.134775,2.8454e-11,0.698707,-0.160547,-2.60762e-12,0.264546,0.156086,-1.22805e-11,0.277896,-0.147373,-3.33111e-11
9.668,0.472805,0.0120417,0.24543,-0.0353523,-0.0138009,-0.0318714,0.669701,0.134775,2.8454e-11,0.698707,-0.160547,-2.60762e-12,0.264546,0.156086,-1.22805e-11,0.277896,-0.147373,-3.33111e-11
9.669,0.472977,0.0119436,0.245325,-0.0352253,-0.0137087,-0.0322704,0.669701,0.134775,2.8454e-11,0.698707,-0.160547,-2.60762e-12,0.264546,0.156086,-1.22805e-11,0.277896,-0.147373,-3.33111e-11
9.67,0.473149,0.0118459,0.245219,-0.0351033,-0.0136164,-0.0326646,0.669701,0.134775,2.8454e-11,0.698707,-0.160547,-2.60762e-12,0.264546,0.156086,-1.22805e-11,0.277896,-0.147373,-3.33111e-11
9.671,0.47332,0.0117486,0.245113,-0.0349863,-0.0135239,-0.0330537,0.669701,0.134775,2.8454e-11,0.698707,-0.160547,-2.60762e-12,0.264546,0.156086,-1.22805e-11,0.277896,-0.147373,-3.33111e-11
9.672,0.473491,0.0116515,0.245008,-0.0348745,-0.0134313,-0.0334375,0.669701,0.134775,2.8454e-11,0.698707,-0.160547,-2.60762e-12,0.264546,0.156086,-1.22805e-11,0.277896,-0.147373,-3.33111e-11
9.673,0.473661,0.0115549,0.244902,-0.0347678,-0.0133384,-0.0338159,0.669701,0.134775,2.8454e-11,0.698707,-0.160547,-2.60762e-12,0.264546,0.156086,-1.22805e-11,0.277896,-0.147373,-3.33111e-11
9.674,0.473831,0.0114586,0.244796,-0.0346663,-0.0132453,-0.0341886,0.669701,0.134775,2.8454e-11,0.698707,-0.160547,-2.60762e-12,0.264546,0.156086,-1.22805e-11,0.277896,-0.147373,-3.33111e-11
9.675,0.474,0.0113626,0.244691,-0.03457,-0.013152,-0.0345556,0.669701,0.134775,2.8454e-11,0.698707,-0.160547,-2.60762e-12,0.264546,0.156086,-1.22805e-11,0.277896,-0.147373,-3.33111e-11
9.676,0.474169,0.011267,0.244585,-0.034479,-0.0130583,-0.0349166,0.669701,0.134775,2.8454e-11,0.698707,-0.160547,-2.60762e-12,0.264546,0.156086,-1.22805e-11,0.277896,-0.147373,-3.33111e-11
9.677,0.474337,0.0111718,0.244479,-0.0343933,-0.0129642,-0.0352714,0.669701,0.134775,2.8454e-11,0.698707,-0.160547,-2.60762e-12,0.264546,0.156086,-1.22805e-11,0.277896,-0.147373,-3.33111e-11
9.678,0.474505,0.0110769,0.244374,-0.034313,-0.0128697,-0.03562,0.669701,0.134775,2.8454e-11,0.698707,-0.160547,-2.60762e-12,0.264546,0.156086,-1.22805e-11,0.277896,-0.147373,-3.33111e-11
9.679,0.474672,0.0109825,0.244268,-0.0342381,-0.0127748,-0.035962,0.669701,0.134775,2.8454e-11,0.698707,-0.160547,-2.60762e-12,0.264546,0.156086,-1.22805e-11,0.277896,-0.147373,-3.33111e-11
9.68,0.474839,0.0108884,0.244163,-0.0341687,-0.0126794,-0.0362973,0.669701,0.134775,2.8454e-11,0.698707,-0.160547,-2.60762e-12,0.264546,0.156086,-1.22805e-11,0.277896,-0.147373,-3.33111e-11
9.681,0.475006,0.0107947,0.244058,-0.0341048,-0.0125835,-0.0366257,0.669701,0.134775,2.8454e-11,0.698707,-0.160547,-2.60762e-12,0.264546,0.156086,-1.22805e-11,0.277896,-0.147373,-3.33111e-11
9.682,0.475171,0.0107014,0.243953,-0.0340464,-0.012487,-0.0369471,0.669701,0.134775,2.8454e-11,0.698707,-0.160547,-2.60762e-12,0.264546,0.156086,-1.22805e-11,0.277896,-0.147373,-3.33111e-11
9.683,0.475337,0.0106085,0.243848,-0.0339935,-0.0123899,-0.0372613,0.669701,0.134775,2.8454e-11,0.698707,-0.160547,-2.60762e-12,0.264546,0.156086,-1.22805e-11,0.277896,-0.147373,-3.33111e-11
9.684,0.475501,0.010516,0.243743,-0.0339464,-0.0122922,-0.037568,0.669701,0.134775,2.8454e-11,0.698707,-0.160547,-2.60762e-12,0.264546,0.156086,-1.22805e-11,0.277896,-0.147373,-3.33111e-11
9.685,0.475665,0.0104239,0.243638,-0.0339049,-0.0121938,-0.0378672,0.669701,0.134775,2.8454e-11,0.698707,-0.160547,-2.60762e-12,0.264546,0.156086,-1.22805e-11,0.277896,-0.147373,-3.33111e-11
9.686,0.475829,0.0103322,0.243534,-0.0338691,-0.0120947,-0.0381586,0.669701,0.134775,2.8454e-11,0.698707,-0.160547,-2.60762e-12,0.264546,0.156086,-1.22805e-11,0.277896,-0.147373,-3.33111e-11
9.687,0.475992,0.0102409,0.24343,-0.0338391,-0.0119949,-0.0384421,0.669701,0.134775,2.8454e-11,0.698707,-0.160547,-2.60762e-12,0.264546,0.156086,-1.22805e-11,0.277896,-0.147373,-3.33111e-11
9.688,0.476154,0.0101501,0.243326,-0.0338149,-0.0118942,-0.0387174,0.669701,0.134775,2.8454e-11,0.698707,-0.160547,-2.60762e-12,0.264546,0.156086,-1.22805e-11,0.277896,-0.147373,-3.33111e-11
9.689,0.476316,0.0100597,0.243222,-0.0337966,-0.0117927,-0.0389844,0.669701,0.134775,2.8454e-11,0.698707,-0.160547,-2.60762e-12,0.264546,0.156086,-1.22805e-11,0.277896,-0.147373,-3.33111e-11
9.69,0.476477,0.00996973,0.243118,-0.0337841,-0.0116903,-0.039243,0.669701,0.134775,2.8454e-11,0.698707,-0.160547,-2.60762e-12,0.264546,0.156086,-1.22805e-11,0.277896,-0.147373,-3.33111e-11
9.691,0.476638,0.00988019,0.243015,-0.0337777,-0.0115871,-0.0394929,0.669701,0.134775,2.8454e-11,0.698707,-0.160547,-2.60762e-12,0.264546,0.156086,-1.22805e-11,0.277896,-0.147373,-3.33111e-11
9.692,0.476798,0.0097911,0.242912,-0.0337772,-0.0114828,-0.0397339,0.669701,0.134775,2.8454e-11,0.698707,-0.160547,-2.60762e-12,0.264546,0.156086,-1.22805e-11,0.277896,-0.147373,-3.33111e-11
9.693,0.476958,0.00970246,0.242809,-0.0337827,-0.0113776,-0.0399659,0.669701,0.134775,2.8454e-11,0.698707,-0.160547,-2.60762e-12,0.264546,0.156086,-1.22805e-11,0.277896,-0.147373,-3.33111e-11
9.694,0.477116,0.00961427,0.242706,-0.0337943,-0.0112714,-0.0401888,0.669701,0.134775,2.8454e-11,0.698707,-0.160547,-2.60762e-12,0.264546,0.156086,-1.22805e-11,0.277896,-0.147373,-3.33111e-11
9.695,0.477275,0.00952654,0.242604,-0.033812,-0.011164,-0.0404022,0.669701,0.134775,2.8454e-11,0.698707,-0.160547,-2.60762e-12,0.264546,0.156086,-1.22805e-11,0.277896,-0.147373,-3.33111e-11
9.696,0.477432,0.00943927,0.242502,-0.0338359,-0.0110556,-0.0406061,0.669701,0.134775,2.8454e-11,0.698707,-0.160547,-2.60762e-12,0.264546,0.156086,-1.22805e-11,0.277896,-0.147373,-3.33111e-11
9.697,0.477589,0.00935247,0.2424,-0.0338661,-0.010946,-0.0408003,0.669701,0.134775,2.8454e-11,0.698707,-0.160547,-2.60762e-12,0.264546,0.156086,-1.22805e-11,0.277896,-0.147373,-3.33111e-11
9.698,0.477745,0.00926615,0.242299,-0.0339024,-0.0108353,-0.0409845,0.669701,0.134775,2.8454e-11,0.698707,-0.160547,-2.60762e-12,0.264546,0.156086,-1.22805e-11,0.277896,-0.147373,-3.33111e-11
9.699,0.477901,0.0091803,0.242198,-0.0339451,-0.0107233,-0.0411586,0.669701,0.134775,2.8454e-11,0.698707,-0.160547,-2.60762e-12,0.264546,0.156086,-1.22805e-11,0.277896,-0.147373,-3.33111e-11
9.7,0.478056,0.00909494,0.242098,-0.0339941,-0.01061,-0.0413225,0.669701,0.134775,2.8454e-11,0.698707,-0.160547,-2.60762e-12,0.264546,0.156086,-1.22805e-11,0.277896,-0.147373,-3.33111e-11
9.701,0.47821,0.00901006,0.241997,-0.0340495,-0.0104955,-0.041476,0.669701,0.134775,2.8454e-11,0.698707,-0.160547,-2.60762e-12,0.264546,0.156086,-1.22805e-11,0.277896,-0.147373,-3.33111e-11
9.702,0.478364,0.00892567,0.241898,-0.0341111,-0.0103797,-0.0416191,0.669701,0.134775,2.8454e-11,0.698707,-0.160547,-2.60762e-12,0.264546,0.156086,-1.22805e-11,0.277896,-0.147373,-3.33111e-11
9.703,0.478517,0.00884177,0.241798,-0.0341788,-0.0102626,-0.0417521,0.669701,0.134775,2.8454e-11,0.698707,-0.160547,-2.60762e-12,0.264546,0.156086,-1.22805e-11,0.277896,-0.147373,-3.33111e-11
9.704,0.478669,0.00875836,0.241699,-0.0342524,-0.0101443,-0.0418751,0.669701,0.134775,2.8454e-11,0.698707,-0.160547,-2.60762e-12,0.264546,0.156086,-1.22805e-11,0.277896,-0.147373,-3.33111e-11
9.705,0.478821,0.00867543,0.241601,-0.0343318,-0.0100248,-0.0419881,0.669701,0.134775,2.8454e-11,0.698707,-0.160547,-2.60762e-12,0.264546,0.156086,-1.22805e-11,0.277896,-0.147373,-3.33111e-11
9.706,0.478972,0.00859298,0.241502,-0.0344168,-0.00990411,-0.0420914,0.669701,0.134775,2.8454e-11,0.698707,-0.160547,-2.60762e-12,0.264546,0.156086,-1.22805e-11,0.277896,-0.147373,-3.33111e-11
9.707,0.479123,0.00851102,0.241405,-0.0345072,-0.00978228,-0.0421851,0.669701,0.134775,2.8454e-11,0.698707,-0.160547,-2.60762e-12,0.264546,0.156086,-1.22805e-11,0.277896,-0.147373,-3.33111e-11
9.708,0.479272,0.00842954,0.241307,-0.034603,-0.00965933,-0.0422693,0.669701,0.134775,2.8454e-11,0.698707,-0.160547,-2.60762e-12,0.264546,0.156086,-1.22805e-11,0.277896,-0.147373,-3.33111e-11
9.709,0.479421,0.00834854,0.24121,-0.0347038,-0.00953529,-0.0423442,0.669701,0.134775,2.8454e-11,0.698707,-0.160547,-2.60762e-12,0.264546,0.156086,-1.22805e-11,0.277896,-0.147373,-3.33111e-11
9.71,0.47957,0.00826802,0.241113,-0.0348097,-0.00941017,-0.0424099,0.669701,0.134775,2.8454e-11,0.698707,-0.160547,-2.60762e-12,0.264546,0.156086,-1.22805e-11,0.277896,-0.147373,-3.33111e-11
9.711,0.479717,0.00818798,0.241017,-0.0349204,-0.009284,-0.0424666,0.669701,0.134775,2.8454e-11,0.698707,-0.160547,-2.60762e-12,0.264546,0.156086,-1.22805e-11,0.277896,-0.147373,-3.33111e-11
9.712,0.479865,0.00810842,0.240921,-0.0350357,-0.00915682,-0.0425143,0.669701,0.134775,2.8454e-11,0.698707,-0.160547,-2.60762e-12,0.264546,0.156086,-1.22805e-11,0.277896,-0.147373,-3.33111e-11
9.713,0.480011,0.00802934,0.240825,-0.0351556,-0.00902864,-0.0425533,0.669701,0.134775,2.8454e-11,0.698707,-0.160547,-2.60762e-12,0.264546,0.156086,-1.22805e-11,0.277896,-0.147373,-3.33111e-11
9.714,0.480157,0.00795073,0.24073,-0.0352798,-0.00889949,-0.0425836,0.669701,0.134775,2.8454e-11,0.698707,-0.160547,-2.60762e-12,0.264546,0.156086,-1.22805e-11,0.277896,-0.147373,-3.33111e-11
9.715,0.480302,0.0078726,0.240635,-0.0354082,-0.0087694,-0.0426055,0.669701,0.134775,2.8454e-11,0.698707,-0.160547,-2.60762e-12,0.264546,0.156086,-1.22805e-11,0.277896,-0.147373,-3.33111e-11
9.716,0.480447,0.00779494,0.240541,-0.0355406,-0.00863839,-0.042619,0.669701,0.134775,2.8454e-11,0.698707,-0.160547,-2.60762e-12,0.264546,0.156086,-1.22805e-11,0.277896,-0.147373,-3.33111e-11
9.717,0.480591,0.00771776,0.240447,-0.035677,-0.00850649,-0.0426243,0.669701,0.134775,2.8454e-11,0.698707,-0.160547,-2.60762e-12,0.264546,0.156086,-1.22805e-11,0.277896,-0.147373,-3.33111e-11
9.718,0.480734,0.00764104,0.240353,-0.035817,-0.00837373,-0.0426215,0.669701,0.134775,2.8454e-11,0.698707,-0.160547,-2.60762e-12,0.264546,0.156086,-1.22805e-11,0.277896,-0.147373,-3.33111e-11
9.719,0.480876,0.00756481,0.24026,-0.0359606,-0.00824013,-0.0426109,0.669701,0.134775,2.8454e-11,0.698707,-0.160547,-2.60762e-12,0.264546,0.156086,-1.22805e-11,0.277896,-0.147373,-3.33111e-11
9.72,0.481018,0.00748904,0.240167,-0.0361077,-0.00810571,-0.0425924,0.669701,0.134775,2.8454e-11,0.698707,-0.160547,-2.60762e-12,0.264546,0.156086,-1.22805e-11,0.277896,-0.147373,-3.33111e-11
9.721,0.48116,0.00741374,0.240074,-0.036258,-0.0079705,-0.0425663,0.669701,0.134775,2.8454e-11,0.698707,-0.160547,-2.60762e-12,0.264546,0.156086,-1.22805e-11,0.277896,-0.147373,-3.33111e-11
9.722,0.481301,0.00733891,0.239982,-0.0364114,-0.00783453,-0.0425326,0.669701,0.134775,2.8454e-11,0.698707,-0.160547,-2.60762e-12,0.264546,0.156086,-1.22805e-11,0.277896,-0.147373,-3.33111e-11
9.723,0.481441,0.00726455,0.23989,-0.0365678,-0.00769783,-0.0424916,0.669701,0.134775,2.8454e-11,0.698707,-0.160547,-2.60762e-12,0.264546,0.156086,-1.22805e-11,0.277896,-0.147373,-3.33111e-11
9.724,0.48158,0.00719066,0.239798,-0.0367269,-0.00756041,-0.0424434,0.669701,0.134775,2.8454e-11,0.698707,-0.160547,-2.60762e-12,0.264546,0.156086,-1.22805e-11,0.277896,-0.147373,-3.33111e-11
9.725,0.481719,0.00711723,0.239707,-0.0368887,-0.00742231,-0.0423881,0.669701,0.134775,2.8454e-11,0.698707,-0.160547,-2.60762e-12,0.264546,0.156086,-1.22805e-11,0.277896,-0.147373,-3.33111e-11
9.726,0.481857,0.00704427,0.239616,-0.0370529,-0.00728355,-0.0423259,0.669701,0.134775,2.8454e-11,0.698707,-0.160547,-2.60762e-12,0.264546,0.156086,-1.22805e-11,0.277896,-0.147373,-3.33111e-11
9.727,0.481995,0.00697177,0.239526,-0.0372195,-0.00714416,-0.0422568,0.669701,0.134775,2.8454e-11,0.698707,-0.160547,-2.60762e-12,0.264546,0.156086,-1.22805e-11,0.277896,-0.147373,-3.33111e-11
9.728,0.482132,0.00689973,0.239436,-0.0373882,-0.00700416,-0.0421811,0.669701,0.134775,2.8454e-11,0.698707,-0.160547,-2.60762e-12,0.264546,0.156086,-1.22805e-11,0.277896,-0.147373,-3.33111e-11
9.729,0.482268,0.00682816,0.239346,-0.037559,-0.00686358,-0.0420989,0.669701,0.134775,2.8454e-11,0.698707,-0.160547,-2.60762e-12,0.264546,0.156086,-1.22805e-11,0.277896,-0.147373,-3.33111e-11
9.73,0.482404,0.00675705,0.239257,-0.0377316,-0.00672244,-0.0420102,0.669701,0.134775,2.8454e-11,0.698707,-0.160547,-2.60762e-12,0.264546,0.156086,-1.22805e-11,0.277896,-0.147373,-3.33111e-11
9.731,0.482539,0.0066864,0.239168,-0.0379058,-0.00658077,-0.0419154,0.669701,0.134775,2.8454e-11,0.698707,-0.160547,-2.60762e-12,0.264546,0.156086,-1.22805e-11,0.277896,-0.147373,-3.33111e-11
9.732,0.482674,0.00661621,0.239079,-0.0380817,-0.00643859,-0.0418144,0.669701,0.134775,2.8454e-11,0.698707,-0.160547,-2.60762e-12,0.264546,0.156086,-1.22805e-11,0.277896,-0.147373,-3.33111e-11
9.733,0.482808,0.00654648,0.238991,-0.0382588,-0.00629594,-0.0417075,0.669701,0.134775,2.8454e-11,0.698707,-0.160547,-2.60762e-12,0.264546,0.156086,-1.22805e-11,0.277896,-0.147373,-3.33111e-11
9.734,0.482941,0.00647721,0.238903,-0.0384373,-0.00615284,-0.0415947,0.669701,0.134775,2.8454e-11,0.698707,-0.160547,-2.60762e-12,0.264546,0.156086,-1.22805e-11,0.277896,-0.147373,-3.33111e-11
9.735,0.483074,0.00640839,0.238816,-0.0386167,-0.0060093,-0.0414763,0.669701,0.134775,2.8454e-11,0.698707,-0.160547,-2.60762e-12,0.264546,0.156086,-1.22805e-11,0.277896,-0.147373,-3.33111e-11
9.736,0.483206,0.00634003,0.238729,-0.0387971,-0.00586537,-0.0413524,0.669701,0.134775,2.8454e-11,0.698707,-0.160547,-2.60762e-12,0.264546,0.156086,-1.22805e-11,0.277896,-0.147373,-3.33111e-11
9.737,0.483337,0.00627213,0.238642,-0.0389783,-0.00572106,-0.041223,0.669701,0.134775,2.8454e-11,0.698707,-0.160547,-2.60762e-12,0.264546,0.156086,-1.22805e-11,0.277896,-0.147373,-3.33111e-11
9.738,0.483468,0.00620467,0.238555,-0.03916,-0.0055764,-0.0410884,0.669701,0.134775,2.8454e-11,0.698707,-0.160547,-2.60762e-12,0.264546,0.156086,-1.22805e-11,0.277896,-0.147373,-3.33111e-11
9.739,0.483598,0.00613768,0.238469,-0.0393422,-0.00543142,-0.0409486,0.669701,0.134775,2.8454e-11,0.698707,-0.160547,-2.60762e-12,0.264546,0.156086,-1.22805e-11,0.277896,-0.147373,-3.33111e-11
9.74,0.483728,0.00607113,0.238383,-0.0395247,-0.00528613,-0.0408039,0.669701,0.134775,2.8454e-11,0.698707,-0.160547,-2.60762e-12,0.264546,0.156086,-1.22805e-11,0.277896,-0.147373,-3.33111e-11
9.741,0.483857,0.00600504,0.238298,-0.0397073,-0.00514058,-0.0406543,0.669701,0.134775,2.8454e-11,0.698707,-0.160547,-2.60762e-12,0.264546,0.156086,-1.22805e-11,0.277896,-0.147373,-3.33111e-11
9.742,0.483985,0.00593939,0.238213,-0.0398898,-0.00499478,-0.0405001,0.669701,0.134775,2.8454e-11,0.698707,-0.160547,-2.60762e-12,0.264546,0.156086,-1.22805e-11,0.277896,-0.147373,-3.33111e-11
9.743,0.484113,0.0058742,0.238128,-0.0400722,-0.00484876,-0.0403413,0.669701,0.134775,2.8454e-11,0.698707,-0.160547,-2.60762e-12,0.264546,0.156086,-1.22805e-11,0.277896,-0.147373,-3.33111e-11
9.744,0.484241,0.00580945,0.238044,-0.0402542,-0.00470254,-0.040178,0.669701,0.134775,2.8454e-11,0.698707,-0.160547,-2.60762e-12,0.264546,0.156086,-1.22805e-11,0.277896,-0.147373,-3.33111e-11
9.745,0.484367,0.00574515,0.23796,-0.0404358,-0.00455615,-0.0400105,0.669701,0.134775,2.8454e-11,0.698707,-0.160547,-2.60762e-12,0.264546,0.156086,-1.22805e-11,0.277896,-0.147373,-3.33111e-11
9.746,0.484493,0.0056813,0.237876,-0.0406166,-0.00440962,-0.0398389,0.669701,0.134775,2.8454e-11,0.698707,-0.160547,-2.60762e-12,0.264546,0.156086,-1.22805e-11,0.277896,-0.147373,-3.33111e-11
9.747,0.484619,0.0056179,0.237793,-0.0407967,-0.00426297,-0.0396632,0.669701,0.134775,2.8454e-11,0.698707,-0.160547,-2.60762e-12,0.264546,0.156086,-1.22805e-11,0.277896,-0.147373,-3.33111e-11
9.748,0.484744,0.00555494,0.23771,-0.0409758,-0.00411623,-0.0394837,0.669701,0.134775,2.8454e-11,0.698707,-0.160547,-2.60762e-12,0.264546,0.156086,-1.22805e-11,0.277896,-0.147373,-3.33111e-11
9.749,0.484868,0.00549242,0.237627,-0.0411537,-0.00396943,-0.0393005,0.669701,0.134775,2.8454e-11,0.698707,-0.160547,-2.60762e-12,0.264546,0.156086,-1.22805e-11,0.277896,-0.147373,-3.33111e-11
9.75,0.484992,0.00543034,0.237545,-0.0413304,-0.00382258,-0.0391137,0.669701,0.134775,2.8454e-11,0.698707,-0.160547,-2.60762e-12,0.264546,0.156086,-1.22805e-11,0.277896,-0.147373,-3.33111e-11
9.751,0.485115,0.00536871,0.237463,-0.0415057,-0.00367572,-0.0389235,0.669701,0.134775,2.8454e-11,0.698707,-0.160547,-2.60762e-12,0.264546,0.156086,-1.22805e-11,0.277896,-0.147373,-3.33111e-11
9.752,0.485238,0.00530752,0.237382,-0.0416793,-0.00352887,-0.03873,0.669701,0.134775,2.8454e-11,0.698707,-0.160547,-2.60762e-12,0.264546,0.156086,-1.22805e-11,0.277896,-0.147373,-3.33111e-11
9.753,0.48536,0.00524677,0.2373,-0.0418512,-0.00338205,-0.0385333,0.669701,0.134775,2.8454e-11,0.698707,-0.160547,-2.60762e-12,0.264546,0.156086,-1.22805e-11,0.277896,-0.147373,-3.33111e-11
9.754,0.485481,0.00518646,0.23722,-0.0420212,-0.0032353,-0.0383337,0.669701,0.134775,2.8454e-11,0.698707,-0.160547,-2.60762e-12,0.264546,0.156086,-1.22805e-11,0.277896,-0.147373,-3.33111e-11
9.755,0.485602,0.00512658,0.237139,-0.0421891,-0.00308864,-0.0381311,0.669701,0.134775,2.8454e-11,0.698707,-0.160547,-2.60762e-12,0.264546,0.156086,-1.22805e-11,0.277896,-0.147373,-3.33111e-11
9.756,0.485722,0.00506715,0.237059,-0.0423548,-0.00294209,-0.0379258,0.669701,0.134775,2.8454e-11,0.698707,-0.160547,-2.60762e-12,0.264546,0.156086,-1.22805e-11,0.277896,-0.147373,-3.33111e-11
9.757,0.485842,0.00500815,0.236979,-0.0425181,-0.00279568,-0.0377179,0.669701,0.134775,2.8454e-11,0.698707,-0.160547,-2.60762e-12,0.264546,0.156086,-1.22805e-11,0.277896,-0.147373,-3.33111e-11
9.758,0.485961,0.00494958,0.236899,-0.0426789,-0.00264944,-0.0375076,0.669701,0.134775,2.8454e-11,0.698707,-0.160547,-2.60762e-12,0.264546,0.156086,-1.22805e-11,0.277896,-0.147373,-3.33111e-11
9.759,0.486079,0.00489145,0.23682,-0.042837,-0.00250339,-0.037295,0.669701,0.134775,2.8454e-11,0.698707,-0.160547,-2.60762e-12,0.264546,0.156086,-1.22805e-11,0.277896,-0.147373,-3.33111e-11
9.76,0.486197,0.00483376,0.236741,-0.0429922,-0.00235755,-0.0370802,0.669701,0.134775,2.8454e-11,0.698707,-0.160547,-2.60762e-12,0.264546,0.156086,-1.22805e-11,0.277896,-0.147373,-3.33111e-11
9.761,0.486315,0.0047765,0.236663,-0.0431444,-0.00221196,-0.0368633,0.669701,0.134775,2.8454e-11,0.698707,-0.160547,-2.60762e-12,0.264546,0.156086,-1.22805e-11,0.277896,-0.147373,-3.33111e-11
9.762,0.486432,0.00471966,0.236585,-0.0432935,-0.00206664,-0.0366446,0.669701,0.134775,2.8454e-11,0.698707,-0.160547,-2.60762e-12,0.264546,0.156086,-1.22805e-11,0.277896,-0.147373,-3.33111e-11
9.763,0.486548,0.00466326,0.236507,-0.0434393,-0.00192161,-0.0364241,0.669701,0.134775,2.8454e-11,0.698707,-0.160547,-2.60762e-12,0.264546,0.156086,-1.22805e-11,0.277896,-0.147373,-3.33111e-11
9.764,0.486663,0.00460729,0.236429,-0.0435815,-0.0017769,-0.036202,0.669701,0.134775,2.8454e-11,0.698707,-0.160547,-2.60762e-12,0.264546,0.156086,-1.22805e-11,0.277896,-0.147373,-3.33111e-11
9.765,0.486779,0.00455175,0.236352,-0.0437202,-0.00163254,-0.0359784,0.669701,0.134775,2.8454e-11,0.698707,-0.160547,-2.60762e-12,0.264546,0.156086,-1.22805e-11,0.277896,-0.147373,-3.33111e-11
9.766,0.486893,0.00449664,0.236275,-0.043855,-0.00148855,-0.0357536,0.669701,0.134775,2.8454e-11,0.698707,-0.160547,-2.60762e-12,0.264546,0.156086,-1.22805e-11,0.277896,-0.147373,-3.33111e-11
9.767,0.487007,0.00444195,0.236199,-0.0439859,-0.00134496,-0.0355275,0.669701,0.134775,2.8454e-11,0.698707,-0.160547,-2.60762e-12,0.264546,0.156086,-1.22805e-11,0.277896,-0.147373,-3.33111e-11
9.768,0.487121,0.00438769,0.236123,-0.0441127,-0.00120179,-0.0353004,0.669701,0.134775,2.8454e-11,0.698707,-0.160547,-2.60762e-12,0.264546,0.156086,-1.22805e-11,0.277896,-0.147373,-3.33111e-11
9.769,0.487234,0.00433385,0.236047,-0.0442353,-0.00105908,-0.0350723,0.669701,0.134775,2.8454e-11,0.698707,-0.160547,-2.60762e-12,0.264546,0.156086,-1.22805e-11,0.277896,-0.147373,-3.33111e-11
9.77,0.487346,0.00428044,0.235971,-0.0443534,-0.000916833,-0.0348435,0.669701,0.134775,2.8454e-11,0.698707,-0.160547,-2.60762e-12,0.264546,0.156086,-1.22805e-11,0.277896,-0.147373,-3.33111e-11
9.771,0.487458,0.00422746,0.235896,-0.044467,-0.00077509,-0.0346141,0.669701,0.134775,2.8454e-11,0.698707,-0.160547,-2.60762e-12,0.264546,0.156086,-1.22805e-11,0.277896,-0.147373,-3.33111e-11
9.772,0.487569,0.00417489,0.235821,-0.0445758,-0.000633875,-0.0343842,0.669701,0.134775,2.8454e-11,0.698707,-0.160547,-2.60762e-12,0.264546,0.156086,-1.22805e-11,0.277896,-0.147373,-3.33111e-11
9.773,0.48768,0.00412275,0.235747,-0.0446798,-0.000493211,-0.0341539,0.669701,0.134775,2.8454e-11,0.698707,-0.160547,-2.60762e-12,0.264546,0.156086,-1.22805e-11,0.277896,-0.147373,-3.33111e-11
9.774,0.48779,0.00407102,0.235672,-0.0447787,-0.000353126,-0.0339235,0.669701,0.134775,2.8454e-11,0.698707,-0.160547,-2.60762e-12,0.264546,0.156086,-1.22805e-11,0.277896,-0.147373,-3.33111e-11
9.775,0.4879,0.00401972,0.235598,-0.0448724,-0.000213645,-0.0336929,0.669701,0.134775,2.8454e-11,0.698707,-0.160547,-2.60762e-12,0.264546,0.156086,-1.22805e-11,0.277896,-0.147373,-3.33111e-11
9.776,0.488009,0.00396884,0.235525,-0.0449607,-7.47936e-05,-0.0334625,0.669701,0.134775,2.8454e-11,0.698707,-0.160547,-2.60762e-12,0.264546,0.156086,-1.22805e-11,0.277896,-0.147373,-3.33111e-11
9.777,0.488117,0.00391837,0.235452,-0.0450436,6.34021e-05,-0.0332323,0.669701,0.134775,2.8454e-11,0.698707,-0.160547,-2.60762e-12,0.264546,0.156086,-1.22805e-11,0.277896,-0.147373,-3.33111e-11
9.778,0.488225,0.00386832,0.235379,-0.0451207,0.000200917,-0.0330024,0.669701,0.134775,2.8454e-11,0.698707,-0.160547,-2.60762e-12,0.264546,0.156086,-1.22805e-11,0.277896,-0.147373,-3.33111e-11
9.779,0.488333,0.00381869,0.235306,-0.0451921,0.000337724,-0.032773,0.669701,0.134775,2.8454e-11,0.698707,-0.160547,-2.60762e-12,0.264546,0.156086,-1.22805e-11,0.277896,-0.147373,-3.33111e-11
9.78,0.48844,0.00376947,0.235234,-0.0452574,0.000473798,-0.0325442,0.669701,0.134775,2.8454e-11,0.698707,-0.160547,-2.60762e-12,0.264546,0.156086,-1.22805e-11,0.277896,-0.147373,-3.33111e-11
9.781,0.488546,0.00372066,0.235162,-0.0453167,0.000609114,-0.0323163,0.669701,0.134775,2.8454e-11,0.698707,-0.160547,-2.60762e-12,0.264546,0.156086,-1.22805e-11,0.277896,-0.147373,-3.33111e-11
9.782,0.488652,0.00367227,0.23509,-0.0453696,0.000743645,-0.0320892,0.669701,0.134775,2.8454e-11,0.698707,-0.160547,-2.60762e-12,0.264546,0.156086,-1.22805e-11,0.277896,-0.147373,-3.33111e-11
9.783,0.488757,0.00362429,0.235019,-0.0454161,0.000877366,-0.0318632,0.669701,0.134775,2.8454e-11,0.698707,-0.160547,-2.60762e-12,0.264546,0.156086,-1.22805e-11,0.277896,-0.147373,-3.33111e-11
9.784,0.488862,0.00357672,0.234948,-0.045456,0.00101025,-0.0316384,0.669701,0.134775,2.8454e-11,0.698707,-0.160547,-2.60762e-12,0.264546,0.156086,-1.22805e-11,0.277896,-0.147373,-3.33111e-11
9.785,0.488966,0.00352956,0.234877,-0.0454891,0.00114227,-0.031415,0.669701,0.134775,2.8454e-11,0.698707,-0.160547,-2.60762e-12,0.264546,0.156086,-1.22805e-11,0.277896,-0.147373,-3.33111e-11
9.786,0.48907,0.00348281,0.234807,-0.0455153,0.00127341,-0.031193,0.669701,0.134775,2.8454e-11,0.698707,-0.160547,-2.60762e-12,0.264546,0.156086,-1.22805e-11,0.277896,-0.147373,-3.33111e-11
9.787,0.489173,0.00343647,0.234737,-0.0455344,0.00140363,-0.0309727,0.669701,0.134775,2.8454e-11,0.698707,-0.160547,-2.60762e-12,0.264546,0.156086,-1.22805e-11,0.277896,-0.147373,-3.33111e-11
9.788,0.489276,0.00339054,0.234667,-0.0455463,0.00153292,-0.0307541,0.669701,0.134775,2.8454e-11,0.698707,-0.160547,-2.60762e-12,0.264546,0.156086,-1.22805e-11,0.277896,-0.147373,-3.33111e-11
9.789,0.489378,0.00334501,0.234597,-0.0455508,0.00166123,-0.0305374,0.669701,0.134775,2.8454e-11,0.698707,-0.160547,-2.60762e-12,0.264546,0.156086,-1.22805e-11,0.277896,-0.147373,-3.33111e-11
9.79,0.48948,0.00329989,0.234528,-0.0455477,0.00178856,-0.0303227,0.669701,0.134775,2.8454e-11,0.698707,-0.160547,-2.60762e-12,0.264546,0.156086,-1.22805e-11,0.277896,-0.147373,-3.33111e-11
9.791,0.489581,0.00325518,0.23446,-0.0455369,0.00191487,-0.0301102,0.669701,0.134775,2.8454e-11,0.698707,-0.160547,-2.60762e-12,0.264546,0.156086,-1.22805e-11,0.277896,-0.147373,-3.33111e-11
9.792,0.489681,0.00321087,0.234391,-0.0455183,0.00204014,-0.0299001,0.669701,0.134775,2.8454e-11,0.698707,-0.160547,-2.60762e-12,0.264546,0.156086,-1.22805e-11,0.277896,-0.147373,-3.33111e-11
9.793,0.489781,0.00316696,0.234323,-0.0454917,0.00216434,-0.0296924,0.669701,0.134775,2.8454e-11,0.698707,-0.160547,-2.60762e-12,0.264546,0.156086,-1.22805e-11,0.277896,-0.147373,-3.33111e-11
9.794,0.489881,0.00312345,0.234255,-0.0454569,0.00228745,-0.0294873,0.669701,0.134775,2.8454e-11,0.698707,-0.160547,-2.60762e-12,0.264546,0.156086,-1.22805e-11,0.277896,-0.147373,-3.33111e-11
9.795,0.48998,0.00308034,0.234187,-0.0454137,0.00240944,-0.0292849,0.669701,0.134775,2.8454e-11,0.698707,-0.160547,-2.60762e-12,0.264546,0.156086,-1.22805e-11,0.277896,-0.147373,-3.33111e-11
9.796,0.490078,0.00303764,0.23412,-0.0453621,0.00253028,-0.0290855,0.669701,0.134775,2.8454e-11,0.698707,-0.160547,-2.60762e-12,0.264546,0.156086,-1.22805e-11,0.277896,-0.147373,-3.33111e-11
9.797,0.490177,0.00299533,0.234053,-0.0453018,0.00264995,-0.028889,0.669701,0.134775,2.8454e-11,0.698707,-0.160547,-2.60762e-12,0.264546,0.156086,-1.22805e-11,0.277896,-0.147373,-3.33111e-11
9.798,0.490274,0.00295342,0.233987,-0.0452327,0.00276842,-0.0286958,0.669701,0.134775,2.8454e-11,0.698707,-0.160547,-2.60762e-12,0.264546,0.156086,-1.22805e-11,0.277896,-0.147373,-3.33111e-11
9.799,0.490371,0.00291191,0.23392,-0.0451547,0.00288567,-0.0285058,0.669701,0.134775,2.8454e-11,0.698707,-0.160547,-2.60762e-12,0.264546,0.156086,-1.22805e-11,0.277896,-0.147373,-3.33111e-11
9.8,0.490468,0.00287079,0.233854,-0.0450675,0.00300168,-0.0283193,0.669701,0.134775,2.8454e-11,0.698707,-0.160547,-2.60762e-12,0.264546,0.156086,-1.22805e-11,0.277896,-0.147373,-3.33111e-11
9.801,0.490564,0.00283007,0.233788,-0.0449712,0.00311641,-0.0281363,0.669701,0.134775,2.8454e-11,0.698707,-0.160547,-2.60762e-12,0.264546,0.156086,-1.22805e-11,0.277896,-0.147373,-3.33111e-11
9.802,0.490659,0.00278975,0.233723,-0.0448657,0.00322986,-0.0279568,0.669701,0.134775,2.8454e-11,0.698707,-0.160547,-2.60762e-12,0.264546,0.156086,-1.22805e-11,0.277896,-0.147373,-3.33111e-11
9.803,0.490754,0.00274981,0.233658,-0.0447512,0.00334202,-0.0277808,0.669701,0.134775,2.8454e-11,0.698707,-0.160547,-2.60762e-12,0.264546,0.156086,-1.22805e-11,0.277896,-0.147373,-3.33111e-11
9.804,0.490849,0.00271027,0.233593,-0.0446279,0.00345288,-0.0276082,0.669701,0.134775,2.8454e-11,0.698707,-0.160547,-2.60762e-12,0.264546,0.156086,-1.22805e-11,0.277896,-0.147373,-3.33111e-11
9.805,0.490943,0.00267111,0.233528,-0.0444958,0.00356243,-0.0274389,0.669701,0.134775,2.8454e-11,0.698707,-0.160547,-2.60762e-12,0.264546,0.156086,-1.22805e-11,0.277896,-0.147373,-3.33111e-11
9.806,0.491036,0.00263234,0.233464,-0.0443552,0.00367067,-0.0272728,0.669701,0.134775,2.8454e-11,0.698707,-0.160547,-2.60762e-12,0.264546,0.156086,-1.22805e-11,0.277896,-0.147373,-3.33111e-11
9.807,0.491129,0.00259395,0.2334,-0.0442062,0.00377759,-0.0271099,0.669701,0.134775,2.8454e-11,0.698707,-0.160547,-2.60762e-12,0.264546,0.156086,-1.22805e-11,0.277896,-0.147373,-3.33111e-11
9.808,0.491222,0.00255594,0.233337,-0.0440489,0.00388319,-0.0269501,0.669701,0.134775,2.8454e-11,0.698707,-0.160547,-2.60762e-12,0.264546,0.156086,-1.22805e-11,0.277896,-0.147373,-3.33111e-11
9.809,0.491314,0.00251831,0.233273,-0.0438834,0.00398744,-0.0267934,0.669701,0.134775,2.8454e-11,0.698707,-0.160547,-2.60762e-12,0.264546,0.156086,-1.22805e-11,0.277896,-0.147373,-3.33111e-11
9.81,0.491405,0.00248106,0.23321,-0.0437099,0.00409035,-0.0266396,0.669701,0.134775,2.8454e-11,0.698707,-0.160547,-2.60762e-12,0.264546,0.156086,-1.22805e-11,0.277896,-0.147373,-3.33111e-11
9.811,0.491496,0.00244419,0.233148,-0.0435286,0.0041919,-0.0264888,0.669701,0.134775,2.8454e-11,0.698707,-0.160547,-2.60762e-12,0.264546,0.156086,-1.22805e-11,0.277896,-0.147373,-3.33111e-11
9.812,0.491587,0.00240769,0.233085,-0.0433396,0.0042921,-0.0263407,0.669701,0.134775,2.8454e-11,0.698707,-0.160547,-2.60762e-12,0.264546,0.156086,-1.22805e-11,0.277896,-0.147373,-3.33111e-11
9.813,0.491677,0.00237156,0.233023,-0.0431429,0.00439093,-0.0261955,0.669701,0.134775,2.8454e-11,0.698707,-0.160547,-2.60762e-12,0.264546,0.156086,-1.22805e-11,0.277896,-0.147373,-3.33111e-11
9.814,0.491766,0.0023358,0.232961,-0.0429389,0.00448838,-0.0260529,0.669701,0.134775,2.8454e-11,0.698707,-0.160547,-2.60762e-12,0.264546,0.156086,-1.22805e-11,0.277896,-0.147373,-3.33111e-11
9.815,0.491855,0.0023004,0.2329,-0.0427275,0.00458444,-0.025913,0.669701,0.134775,2.8454e-11,0.698707,-0.160547,-2.60762e-12,0.264546,0.156086,-1.22805e-11,0.277896,-0.147373,-3.33111e-11
9.816,0.491944,0.00226538,0.232839,-0.042509,0.00467912,-0.0257756,0.669701,0.134775,2.8454e-11,0.698707,-0.160547,-2.60762e-12,0.264546,0.156086,-1.22805e-11,0.277896,-0.147373,-3.33111e-11
9.817,0.492032,0.00223071,0.232778,-0.0422834,0.00477239,-0.0256408,0.669701,0.134775,2.8454e-11,0.698707,-0.160547,-2.60762e-12,0.264546,0.156086,-1.22805e-11,0.277896,-0.147373,-3.33111e-11
9.818,0.492119,0.00219641,0.232717,-0.042051,0.00486426,-0.0255084,0.669701,0.134775,2.8454e-11,0.698707,-0.160547,-2.60762e-12,0.264546,0.156086,-1.22805e-11,0.277896,-0.147373,-3.33111e-11
9.819,0.492206,0.00216247,0.232657,-0.0418118,0.00495471,-0.0253783,0.669701,0.134775,2.8454e-11,0.698707,-0.160547,-2.60762e-12,0.264546,0.156086,-1.22805e-11,0.277896,-0.147373,-3.33111e-11
9.82,0.492293,0.00212888,0.232597,-0.0415661,0.00504373,-0.0252505,0.669701,0.134775,2.8454e-11,0.698707,-0.160547,-2.60762e-12,0.264546,0.156086,-1.22805e-11,0.277896,-0.147373,-3.33111e-11
9.821,0.492379,0.00209566,0.232537,-0.0413139,0.00513133,-0.025125,0.669701,0.134775,2.8454e-11,0.698707,-0.160547,-2.60762e-12,0.264546,0.156086,-1.22805e-11,0.277896,-0.147373,-3.33111e-11
9.822,0.492464,0.00206278,0.232478,-0.0410554,0.00521748,-0.0250016,0.669701,0.134775,2.8454e-11,0.698707,-0.160547,-2.60762e-12,0.264546,0.156086,-1.22805e-11,0.277896,-0.147373,-3.33111e-11
9.823,0.492549,0.00203026,0.232419,-0.0407907,0.00530219,-0.0248803,0.669701,0.134775,2.8454e-11,0.698707,-0.160547,-2.60762e-12,0.264546,0.156086,-1.22805e-11,0.277896,-0.147373,-3.33111e-11
9.824,0.492634,0.00199808,0.23236,-0.0405199,0.00538545,-0.024761,0.669701,0.134775,2.8454e-11,0.698707,-0.160547,-2.60762e-12,0.264546,0.156086,-1.22805e-11,0.277896,-0.147373,-3.33111e-11
9.825,0.492718,0.00196626,0.232302,-0.0402433,0.00546724,-0.0246436,0.669701,0.134775,2.8454e-11,0.698707,-0.160547,-2.60762e-12,0.264546,0.156086,-1.22805e-11,0.277896,-0.147373,-3.33111e-11
9.826,0.492801,0.00193478,0.232244,-0.0399609,0.00554756,-0.0245282,0.669701,0.134775,2.8454e-11,0.698707,-0.160547,-2.60762e-12,0.264546,0.156086,-1.22805e-11,0.277896,-0.147373,-3.33111e-11
9.827,0.492884,0.00190364,0.232186,-0.0396729,0.0056264,-0.0244146,0.669701,0.134775,2.8454e-11,0.698707,-0.160547,-2.60762e-12,0.264546,0.156086,-1.22805e-11,0.277896,-0.147373,-3.33111e-11
9.828,0.492967,0.00187285,0.232129,-0.0393795,0.00570375,-0.0243027,0.669701,0.134775,2.8454e-11,0.698707,-0.160547,-2.60762e-12,0.264546,0.156086,-1.22805e-11,0.277896,-0.147373,-3.33111e-11
9.829,0.493049,0.0018424,0.232072,-0.0390807,0.00577961,-0.0241925,0.669701,0.134775,2.8454e-11,0.698707,-0.160547,-2.60762e-12,0.264546,0.156086,-1.22805e-11,0.277896,-0.147373,-3.33111e-11
9.83,0.49313,0.00181228,0.232015,-0.0387767,0.00585397,-0.0240839,0.669701,0.134775,2.8454e-11,0.698707,-0.160547,-2.60762e-12,0.264546,0.156086,-1.22805e-11,0.277896,-0.147373,-3.33111e-11
9.831,0.493212,0.0017825,0.231958,-0.0384677,0.00592682,-0.0239769,0.669701,0.134775,2.8454e-11,0.698707,-0.160547,-2.60762e-12,0.264546,0.156086,-1.22805e-11,0.277896,-0.147373,-3.33111e-11
9.832,0.493292,0.00175305,0.231902,-0.0381538,0.00599815,-0.0238713,0.669701,0.134775,2.8454e-11,0.698707,-0.160547,-2.60762e-12,0.264546,0.156086,-1.22805e-11,0.277896,-0.147373,-3.33111e-11
9.833,0.493372,0.00172394,0.231846,-0.0378351,0.00606795,-0.0237671,0.669701,0.134775,2.8454e-11,0.698707,-0.160547,-2.60762e-12,0.264546,0.156086,-1.22805e-11,0.277896,-0.147373,-3.33111e-11
9.834,0.493452,0.00169515,0.23179,-0.0375117,0.00613622,-0.0236643,0.669701,0.134775,2.8454e-11,0.698707,-0.160547,-2.60762e-12,0.264546,0.156086,-1.22805e-11,0.277896,-0.147373,-3.33111e-11
9.835,0.493531,0.00166669,0.231735,-0.0371839,0.00620295,-0.0235628,0.669701,0.134775,2.8454e-11,0.698707,-0.160547,-2.60762e-12,0.264546,0.156086,-1.22805e-11,0.277896,-0.147373,-3.33111e-11
9.836,0.493609,0.00163856,0.23168,-0.0368518,0.00626813,-0.0234625,0.669701,0.134775,2.8454e-11,0.698707,-0.160547,-2.60762e-12,0.264546,0.156086,-1.22805e-11,0.277896,-0.147373,-3.33111e-11
9.837,0.493687,0.00161076,0.231625,-0.0365154,0.00633176,-0.0233633,0.669701,0.134775,2.8454e-11,0.698707,-0.160547,-2.60762e-12,0.264546,0.156086,-1.22805e-11,0.277896,-0.147373,-3.33111e-11
9.838,0.493765,0.00158327,0.231571,-0.036175,0.00639381,-0.0232651,0.669701,0.134775,2.8454e-11,0.698707,-0.160547,-2.60762e-12,0.264546,0.156086,-1.22805e-11,0.277896,-0.147373,-3.33111e-11
9.839,0.493842,0.00155611,0.231517,-0.0358307,0.0064543,-0.023168,0.669701,0.134775,2.8454e-11,0.698707,-0.160547,-2.60762e-12,0.264546,0.156086,-1.22805e-11,0.277896,-0.147373,-3.33111e-11
9.84,0.493919,0.00152926,0.231463,-0.0354825,0.0065132,-0.0230718,0.669701,0.134775,2.8454e-11,0.698707,-0.160547,-2.60762e-12,0.264546,0.156086,-1.22805e-11,0.277896,-0.147373,-3.33111e-11
9.841,0.493995,0.00150273,0.23141,-0.0351308,0.00657052,-0.0229765,0.669701,0.134775,2.8454e-11,0.698707,-0.160547,-2.60762e-12,0.264546,0.156086,-1.22805e-11,0.277896,-0.147373,-3.33111e-11
9.842,0.494071,0.00147651,0.231357,-0.0347755,0.00662624,-0.022882,0.669701,0.134775,2.8454e-11,0.698707,-0.160547,-2.60762e-12,0.264546,0.156086,-1.22805e-11,0.277896,-0.147373,-3.33111e-11
9.843,0.494146,0.00145061,0.231304,-0.0344169,0.00668035,-0.0227882,0.669701,0.134775,2.8454e-11,0.698707,-0.160547,-2.60762e-12,0.264546,0.156086,-1.22805e-11,0.277896,-0.147373,-3.33111e-11
9.844,0.49422,0.00142501,0.231251,-0.0340551,0.00673285,-0.022695,0.669701,0.134775,2.8454e-11,0.698707,-0.160547,-2.60762e-12,0.264546,0.156086,-1.22805e-11,0.277896,-0.147373,-3.33111e-11
9.845,0.494295,0.00139972,0.231199,-0.0336901,0.00678374,-0.0226025,0.669701,0.134775,2.8454e-11,0.698707,-0.160547,-2.60762e-12,0.264546,0.156086,-1.22805e-11,0.277896,-0.147373,-3.33111e-11
9.846,0.494368,0.00137474,0.231147,-0.0333223,0.00683299,-0.0225105,0.669701,0.134775,2.8454e-11,0.698707,-0.160547,-2.60762e-12,0.264546,0.156086,-1.22805e-11,0.277896,-0.147373,-3.33111e-11
9.847,0.494441,0.00135007,0.231096,-0.0329516,0.00688061,-0.0224189,0.669701,0.134775,2.8454e-11,0.698707,-0.160547,-2.60762e-12,0.264546,0.156086,-1.22805e-11,0.277896,-0.147373,-3.33111e-11
9.848,0.494514,0.00132569,0.231045,-0.0325783,0.00692658,-0.0223278,0.669701,0.134775,2.8454e-11,0.698707,-0.160547,-2.60762e-12,0.264546,0.156086,-1.22805e-11,0.277896,-0.147373,-3.33111e-11
9.849,0.494586,0.00130162,0.230994,-0.0322025,0.00697091,-0.0222369,0.669701,0.134775,2.8454e-11,0.698707,-0.160547,-2.60762e-12,0.264546,0.156086,-1.22805e-11,0.277896,-0.147373,-3.33111e-11
9.85,0.494658,0.00127784,0.230943,-0.0318243,0.00701357,-0.0221463,0.669701,0.134775,2.8454e-11,0.698707,-0.160547,-2.60762e-12,0.264546,0.156086,-1.22805e-11,0.277896,-0.147373,-3.33111e-11
9.851,0.494729,0.00125436,0.230893,-0.0314439,0.00705457,-0.0220559,0.669701,0.134775,2.8454e-11,0.698707,-0.160547,-2.60762e-12,0.264546,0.156086,-1.22805e-11,0.277896,-0.147373,-3.33111e-11
9.852,0.4948,0.00123117,0.230843,-0.0310614,0.00709389,-0.0219656,0.669701,0.134775,2.8454e-11,0.698707,-0.160547,-2.60762e-12,0.264546,0.156086,-1.22805e-11,0.277896,-0.147373,-3.33111e-11
9.853,0.49487,0.00120828,0.230793,-0.0306769,0.00713153,-0.0218754,0.669701,0.134775,2.8454e-11,0.698707,-0.160547,-2.60762e-12,0.264546,0.156086,-1.22805e-11,0.277896,-0.147373,-3.33111e-11
9.854,0.49494,0.00118568,0.230744,-0.0302906,0.00716747,-0.0217851,0.669701,0.134775,2.8454e-11,0.698707,-0.160547,-2.60762e-12,0.264546,0.156086,-1.22805e-11,0.277896,-0.147373,-3.33111e-11
9.855,0.495009,0.00116336,0.230695,-0.0299027,0.00720172,-0.0216948,0.669701,0.134775,2.8454e-11,0.698707,-0.160547,-2.60762e-12,0.264546,0.156086,-1.22805e-11,0.277896,-0.147373,-3.33111e-11
9.856,0.495078,0.00114133,0.230646,-0.0295132,0.00723426,-0.0216042,0.669701,0.134775,2.8454e-11,0.698707,-0.160547,-2.60762e-12,0.264546,0.156086,-1.22805e-11,0.277896,-0.147373,-3.33111e-11
9.857,0.495146,0.00111959,0.230598,-0.0291223,0.00726509,-0.0215135,0.669701,0.134775,2.8454e-11,0.698707,-0.160547,-2.60762e-12,0.264546,0.156086,-1.22805e-11,0.277896,-0.147373,-3.33111e-11
9.858,0.495214,0.00109812,0.23055,-0.0287302,0.0072942,-0.0214225,0.669701,0.134775,2.8454e-11,0.698707,-0.160547,-2.60762e-12,0.264546,0.156086,-1.22805e-11,0.277896,-0.147373,-3.33111e-11
9.859,0.495282,0.00107694,0.230502,-0.028337,0.00732157,-0.0213311,0.669701,0.134775,2.8454e-11,0.698707,-0.160547,-2.60762e-12,0.264546,0.156086,-1.22805e-11,0.277896,-0.147373,-3.33111e-11
9.86,0.495348,0.00105604,0.230454,-0.0279428,0.00734721,-0.0212393,0.669701,0.134775,2.8454e-11,0.698707,-0.160547,-2.60762e-12,0.264546,0.156086,-1.22805e-11,0.277896,-0.147373,-3.33111e-11
9.861,0.495415,0.00103541,0.230407,-0.0275478,0.0073711,-0.021147,0.669701,0.134775,2.8454e-11,0.698707,-0.160547,-2.60762e-12,0.264546,0.156086,-1.22805e-11,0.277896,-0.147373,-3.33111e-11
9.862,0.495481,0.00101505,0.23036,-0.0271521,0.00739324,-0.0210542,0.669701,0.134775,2.8454e-11,0.698707,-0.160547,-2.60762e-12,0.264546,0.156086,-1.22805e-11,0.277896,-0.147373,-3.33111e-11
9.863,0.495546,0.000994973,0.230314,-0.0267558,0.00741362,-0.0209607,0.669701,0.134775,2.8454e-11,0.698707,-0.160547,-2.60762e-12,0.264546,0.156086,-1.22805e-11,0.277896,-0.147373,-3.33111e-11
9.864,0.495611,0.000975162,0.230268,-0.0263592,0.00743222,-0.0208665,0.669701,0.134775,2.8454e-11,0.698707,-0.160547,-2.60762e-12,0.264546,0.156086,-1.22805e-11,0.277896,-0.147373,-3.33111e-11
9.865,0.495675,0.000955619,0.230222,-0.0259622,0.00744905,-0.0207716,0.669701,0.134775,2.8454e-11,0.698707,-0.160547,-2.60762e-12,0.264546,0.156086,-1.22805e-11,0.277896,-0.147373,-3.33111e-11
9.866,0.495739,0.000936343,0.230176,-0.0255652,0.0074641,-0.0206758,0.669701,0.134775,2.8454e-11,0.698707,-0.160547,-2.60762e-12,0.264546,0.156086,-1.22805e-11,0.277896,-0.147373,-3.33111e-11
9.867,0.495803,0.000917331,0.230131,-0.0251682,0.00747735,-0.0205791,0.669701,0.134775,2.8454e-11,0.698707,-0.160547,-2.60762e-12,0.264546,0.156086,-1.22805e-11,0.277896,-0.147373,-3.33111e-11
9.868,0.495866,0.000898582,0.230086,-0.0247713,0.0074888,-0.0204814,0.669701,0.134775,2.8454e-11,0.698707,-0.160547,-2.60762e-12,0.264546,0.156086,-1.22805e-11,0.277896,-0.147373,-3.33111e-11
9.869,0.495928,0.000880093,0.230042,-0.0243748,0.00749844,-0.0203827,0.669701,0.134775,2.8454e-11,0.698707,-0.160547,-2.60762e-12,0.264546,0.156086,-1.22805e-11,0.277896,-0.147373,-3.33111e-11
9.87,0.49599,0.000861863,0.229997,-0.0239787,0.00750627,-0.0202829,0.669701,0.134775,2.8454e-11,0.698707,-0.160547,-2.60762e-12,0.264546,0.156086,-1.22805e-11,0.277896,-0.147373,-3.33111e-11
9.871,0.496052,0.000843888,0.229953,-0.0235831,0.00751227,-0.0201819,0.669701,0.134775,2.8454e-11,0.698707,-0.160547,-2.60762e-12,0.264546,0.156086,-1.22805e-11,0.277896,-0.147373,-3.33111e-11
9.872,0.496113,0.000826169,0.22991,-0.0231883,0.00751644,-0.0200797,0.669701,0.134775,2.8454e-11,0.698707,-0.160547,-2.60762e-12,0.264546,0.156086,-1.22805e-11,0.277896,-0.147373,-3.33111e-11
9.873,0.496173,0.000808702,0.229866,-0.0227944,0.00751877,-0.0199762,0.669701,0.134775,2.8454e-11,0.698707,-0.160547,-2.60762e-12,0.264546,0.156086,-1.22805e-11,0.277896,-0.147373,-3.33111e-11
9.874,0.496234,0.000791485,0.229823,-0.0224014,0.00751925,-0.0198713,0.669701,0.134775,2.8454e-11,0.698707,-0.160547,-2.60762e-12,0.264546,0.156086,-1.22805e-11,0.277896,-0.147373,-3.33111e-11
9.875,0.496293,0.000774517,0.229781,-0.0220096,0.00751787,-0.0197649,0.669701,0.134775,2.8454e-11,0.698707,-0.160547,-2.60762e-12,0.264546,0.156086,-1.22805e-11,0.277896,-0.147373,-3.33111e-11
9.876,0.496352,0.000757795,0.229738,-0.0216191,0.00751463,-0.0196571,0.669701,0.134775,2.8454e-11,0.698707,-0.160547,-2.60762e-12,0.264546,0.156086,-1.22805e-11,0.277896,-0.147373,-3.33111e-11
9.877,0.496411,0.000741318,0.229696,-0.02123,0.00750952,-0.0195476,0.669701,0.134775,2.8454e-11,0.698707,-0.160547,-2.60762e-12,0.264546,0.156086,-1.22805e-11,0.277896,-0.147373,-3.33111e-11
9.878,0.496469,0.000725084,0.229655,-0.0208425,0.00750253,-0.0194365,0.669701,0.134775,2.8454e-11,0.698707,-0.160547,-2.60762e-12,0.264546,0.156086,-1.22805e-11,0.277896,-0.147373,-3.33111e-11
9.879,0.496527,0.00070909,0.229613,-0.0204567,0.00749366,-0.0193237,0.669701,0.134775,2.8454e-11,0.698707,-0.160547,-2.60762e-12,0.264546,0.156086,-1.22805e-11,0.277896,-0.147373,-3.33111e-11
9.88,0.496584,0.000693335,0.229572,-0.0200727,0.00748288,-0.0192091,0.669701,0.134775,2.8454e-11,0.698707,-0.160547,-2.60762e-12,0.264546,0.156086,-1.22805e-11,0.277896,-0.147373,-3.33111e-11
9.881,0.496641,0.000677816,0.229532,-0.0196907,0.00747021,-0.0190926,0.669701,0.134775,2.8454e-11,0.698707,-0.160547,-2.60762e-12,0.264546,0.156086,-1.22805e-11,0.277896,-0.147373,-3.33111e-11
9.882,0.496697,0.000662532,0.229491,-0.0193109,0.00745562,-0.0189742,0.669701,0.134775,2.8454e-11,0.698707,-0.160547,-2.60762e-12,0.264546,0.156086,-1.22805e-11,0.277896,-0.147373,-3.33111e-11
9.883,0.496753,0.000647481,0.229451,-0.0189333,0.00743912,-0.0188539,0.669701,0.134775,2.8454e-11,0.698707,-0.160547,-2.60762e-12,0.264546,0.156086,-1.22805e-11,0.277896,-0.147373,-3.33111e-11
9.884,0.496808,0.00063266,0.229411,-0.0185582,0.00742068,-0.0187314,0.669701,0.134775,2.8454e-11,0.698707,-0.160547,-2.60762e-12,0.264546,0.156086,-1.22805e-11,0.277896,-0.147373,-3.33111e-11
9.885,0.496863,0.000618068,0.229372,-0.0181855,0.00740032,-0.0186069,0.669701,0.134775,2.8454e-11,0.698707,-0.160547,-2.60762e-12,0.264546,0.156086,-1.22805e-11,0.277896,-0.147373,-3.33111e-11
9.886,0.496917,0.000603702,0.229333,-0.0178156,0.00737801,-0.0184801,0.669701,0.134775,2.8454e-11,0.698707,-0.160547,-2.60762e-12,0.264546,0.156086,-1.22805e-11,0.277896,-0.147373,-3.33111e-11
9.887,0.496971,0.000589561,0.229294,-0.0174485,0.00735375,-0.0183511,0.669701,0.134775,2.8454e-11,0.698707,-0.160547,-2.60762e-12,0.264546,0.156086,-1.22805e-11,0.277896,-0.147373,-3.33111e-11
9.888,0.497024,0.000575643,0.229255,-0.0170844,0.00732753,-0.0182198,0.669701,0.134775,2.8454e-11,0.698707,-0.160547,-2.60762e-12,0.264546,0.156086,-1.22805e-11,0.277896,-0.147373,-3.33111e-11
9.889,0.497077,0.000561946,0.229217,-0.0167234,0.00729935,-0.018086,0.669701,0.134775,2.8454e-11,0.698707,-0.160547,-2.60762e-12,0.264546,0.156086,-1.22805e-11,0.277896,-0.147373,-3.33111e-11
9.89,0.49713,0.000548467,0.229179,-0.0163657,0.0072692,-0.0179498,0.669701,0.134775,2.8454e-11,0.698707,-0.160547,-2.60762e-12,0.264546,0.156086,-1.22805e-11,0.277896,-0.147373,-3.33111e-11
9.891,0.497182,0.000535205,0.229142,-0.0160113,0.00723706,-0.0178111,0.669701,0.134775,2.8454e-11,0.698707,-0.160547,-2.60762e-12,0.264546,0.156086,-1.22805e-11,0.277896,-0.147373,-3.33111e-11
9.892,0.497233,0.000522158,0.229105,-0.0156605,0.00720293,-0.0176697,0.669701,0.134775,2.8454e-11,0.698707,-0.160547,-2.60762e-12,0.264546,0.156086,-1.22805e-11,0.277896,-0.147373,-3.33111e-11
9.893,0.497284,0.000509324,0.229068,-0.0153134,0.00716681,-0.0175257,0.669701,0.134775,2.8454e-11,0.698707,-0.160547,-2.60762e-12,0.264546,0.156086,-1.22805e-11,0.277896,-0.147373,-3.33111e-11
9.894,0.497334,0.000496701,0.229031,-0.0149701,0.00712868,-0.017379,0.669701,0.134775,2.8454e-11,0.698707,-0.160547,-2.60762e-12,0.264546,0.156086,-1.22805e-11,0.277896,-0.147373,-3.33111e-11
9.895,0.497385,0.000484286,0.228995,-0.0146307,0.00708853,-0.0172294,0.669701,0.134775,2.8454e-11,0.698707,-0.160547,-2.60762e-12,0.264546,0.156086,-1.22805e-11,0.277896,-0.147373,-3.33111e-11
9.896,0.497434,0.000472078,0.228959,-0.0142955,0.00704637,-0.017077,0.669701,0.134775,2.8454e-11,0.698707,-0.160547,-2.60762e-12,0.264546,0.156086,-1.22805e-11,0.277896,-0.147373,-3.33111e-11
9.897,0.497483,0.000460075,0.228924,-0.0139645,0.00700218,-0.0169216,0.669701,0.134775,2.8454e-11,0.698707,-0.160547,-2.60762e-12,0.264546,0.156086,-1.22805e-11,0.277896,-0.147373,-3.33111e-11
9.898,0.497532,0.000448275,0.228888,-0.0136378,0.00695595,-0.0167632,0.669701,0.134775,2.8454e-11,0.698707,-0.160547,-2.60762e-12,0.264546,0.156086,-1.22805e-11,0.277896,-0.147373,-3.33111e-11
9.899,0.49758,0.000436675,0.228854,-0.0133157,0.00690767,-0.0166017,0.669701,0.134775,2.8454e-11,0.698707,-0.160547,-2.60762e-12,0.264546,0.156086,-1.22805e-11,0.277896,-0.147373,-3.33111e-11
9.9,0.497628,0.000425275,0.228819,-0.0129983,0.00685735,-0.0164371,0.669701,0.134775,2.8454e-11,0.698707,-0.160547,-2.60762e-12,0.264546,0.156086,-1.22805e-11,0.277896,-0.147373,-3.33111e-11
9.901,0.497675,0.000414072,0.228785,-0.0126856,0.00680497,-0.0162693,0.669701,0.134775,2.8454e-11,0.698707,-0.160547,-2.60762e-12,0.264546,0.156086,-1.22805e-11,0.277896,-0.147373,-3.33111e-11
9.902,0.497721,0.000403063,0.228751,-0.0123777,0.00675058,-0.0160984,0.669701,0.134775,2.8454e-11,0.698707,-0.160547,-2.60762e-12,0.264546,0.156086,-1.22805e-11,0.277896,-0.147373,-3.33111e-11
9.903,0.497768,0.000392249,0.228717,-0.0120745,0.00669424,-0.0159245,0.669701,0.134775,2.8454e-11,0.698707,-0.160547,-2.60762e-12,0.264546,0.156086,-1.22805e-11,0.277896,-0.147373,-3.33111e-11
9.904,0.497814,0.000381626,0.228684,-0.0117761,0.00663599,-0.0157476,0.669701,0.134775,2.8454e-11,0.698707,-0.160547,-2.60762e-12,0.264546,0.156086,-1.22805e-11,0.277896,-0.147373,-3.33111e-11
9.905,0.497859,0.000371193,0.228651,-0.0114823,0.00657589,-0.015568,0.669701,0.134775,2.8454e-11,0.698707,-0.160547,-2.60762e-12,0.264546,0.156086,-1.22805e-11,0.277896,-0.147373,-3.33111e-11
9.906,0.497904,0.000360949,0.228618,-0.0111931,0.00651399,-0.0153855,0.669701,0.134775,2.8454e-11,0.698707,-0.160547,-2.60762e-12,0.264546,0.156086,-1.22805e-11,0.277896,-0.147373,-3.33111e-11
9.907,0.497948,0.000350892,0.228586,-0.0109086,0.00645033,-0.0152005,0.669701,0.134775,2.8454e-11,0.698707,-0.160547,-2.60762e-12,0.264546,0.156086,-1.22805e-11,0.277896,-0.147373,-3.33111e-11
9.908,0.497992,0.00034102,0.228554,-0.0106286,0.00638497,-0.015013,0.669701,0.134775,2.8454e-11,0.698707,-0.160547,-2.60762e-12,0.264546,0.156086,-1.22805e-11,0.277896,-0.147373,-3.33111e-11
9.909,0.498035,0.000331331,0.228523,-0.0103532,0.00631797,-0.014823,0.669701,0.134775,2.8454e-11,0.698707,-0.160547,-2.60762e-12,0.264546,0.156086,-1.22805e-11,0.277896,-0.147373,-3.33111e-11
9.91,0.498078,0.000321824,0.228491,-0.0100823,0.00624936,-0.0146306,0.669701,0.134775,2.8454e-11,0.698707,-0.160547,-2.60762e-12,0.264546,0.156086,-1.22805e-11,0.277896,-0.147373,-3.33111e-11
9.911,0.498121,0.000312497,0.22846,-0.00981581,0.00617922,-0.014436,0.669701,0.134775,2.8454e-11,0.698707,-0.160547,-2.60762e-12,0.264546,0.156086,-1.22805e-11,0.277896,-0.147373,-3.33111e-11
9.912,0.498163,0.000303349,0.22843,-0.0095538,0.00610758,-0.0142393,0.669701,0.134775,2.8454e-11,0.698707,-0.160547,-2.60762e-12,0.264546,0.156086,-1.22805e-11,0.277896,-0.147373,-3.33111e-11
9.913,0.498204,0.000294378,0.228399,-0.00929619,0.00603449,-0.0140406,0.669701,0.134775,2.8454e-11,0.698707,-0.160547,-2.60762e-12,0.264546,0.156086,-1.22805e-11,0.277896,-0.147373,-3.33111e-11
9.914,0.498245,0.000285581,0.228369,-0.00904296,0.00596002,-0.0138399,0.669701,0.134775,2.8454e-11,0.698707,-0.160547,-2.60762e-12,0.264546,0.156086,-1.22805e-11,0.277896,-0.147373,-3.33111e-11
9.915,0.498286,0.000276958,0.22834,-0.00879407,0.0058842,-0.0136373,0.669701,0.134775,2.8454e-11,0.698707,-0.160547,-2.60762e-12,0.264546,0.156086,-1.22805e-11,0.277896,-0.147373,-3.33111e-11
9.916,0.498326,0.000268507,0.22831,-0.00854949,0.0058071,-0.013433,0.669701,0.134775,2.8454e-11,0.698707,-0.160547,-2.60762e-12,0.264546,0.156086,-1.22805e-11,0.277896,-0.147373,-3.33111e-11
9.917,0.498365,0.000260226,0.228281,-0.00830918,0.00572876,-0.0132271,0.669701,0.134775,2.8454e-11,0.698707,-0.160547,-2.60762e-12,0.264546,0.156086,-1.22805e-11,0.277896,-0.147373,-3.33111e-11
9.918,0.498405,0.000252113,0.228253,-0.00807311,0.00564924,-0.0130195,0.669701,0.134775,2.8454e-11,0.698707,-0.160547,-2.60762e-12,0.264546,0.156086,-1.22805e-11,0.277896,-0.147373,-3.33111e-11
9.919,0.498443,0.000244167,0.228224,-0.00784126,0.00556858,-0.0128106,0.669701,0.134775,2.8454e-11,0.698707,-0.160547,-2.60762e-12,0.264546,0.156086,-1.22805e-11,0.277896,-0.147373,-3.33111e-11
9.92,0.498481,0.000236385,0.228196,-0.00761358,0.00548684,-0.0126002,0.669701,0.134775,2.8454e-11,0.698707,-0.160547,-2.60762e-12,0.264546,0.156086,-1.22805e-11,0.277896,-0.147373,-3.33111e-11
9.921,0.498519,0.000228768,0.228169,-0.00739004,0.00540407,-0.0123886,0.669701,0.134775,2.8454e-11,0.698707,-0.160547,-2.60762e-12,0.264546,0.156086,-1.22805e-11,0.277896,-0.147373,-3.33111e-11
9.922,0.498556,0.000221312,0.228141,-0.00717061,0.00532032,-0.0121759,0.669701,0.134775,2.8454e-11,0.698707,-0.160547,-2.60762e-12,0.264546,0.156086,-1.22805e-11,0.277896,-0.147373,-3.33111e-11
9.923,0.498593,0.000214015,0.228114,-0.00695525,0.00523564,-0.011962,0.669701,0.134775,2.8454e-11,0.698707,-0.160547,-2.60762e-12,0.264546,0.156086,-1.22805e-11,0.277896,-0.147373,-3.33111e-11
9.924,0.498629,0.000206878,0.228088,-0.00674394,0.00515009,-0.0117472,0.669701,0.134775,2.8454e-11,0.698707,-0.160547,-2.60762e-12,0.264546,0.156086,-1.22805e-11,0.277896,-0.147373,-3.33111e-11
9.925,0.498665,0.000199897,0.228061,-0.00653664,0.00506371,-0.0115316,0.669701,0.134775,2.8454e-11,0.698707,-0.160547,-2.60762e-12,0.264546,0.156086,-1.22805e-11,0.277896,-0.147373,-3.33111e-11
9.926,0.498701,0.00019307,0.228036,-0.00633332,0.00497655,-0.0113151,0.669701,0.134775,2.8454e-11,0.698707,-0.160547,-2.60762e-12,0.264546,0.156086,-1.22805e-11,0.277896,-0.147373,-3.33111e-11
9.927,0.498735,0.000186397,0.22801,-0.00613394,0.00488868,-0.011098,0.669701,0.134775,2.8454e-11,0.698707,-0.160547,-2.60762e-12,0.264546,0.156086,-1.22805e-11,0.277896,-0.147373,-3.33111e-11
9.928,0.49877,0.000179876,0.227985,-0.00593847,0.00480014,-0.0108803,0.669701,0.134775,2.8454e-11,0.698707,-0.160547,-2.60762e-12,0.264546,0.156086,-1.22805e-11,0.277896,-0.147373,-3.33111e-11
9.929,0.498804,0.000173505,0.22796,-0.00574689,0.00471097,-0.0106621,0.669701,0.134775,2.8454e-11,0.698707,-0.160547,-2.60762e-12,0.264546,0.156086,-1.22805e-11,0.277896,-0.147373,-3.33111e-11
9.93,0.498837,0.000167282,0.227935,-0.00555914,0.00462124,-0.0104435,0.669701,0.134775,2.8454e-11,0.698707,-0.160547,-2.60762e-12,0.264546,0.156086,-1.22805e-11,0.277896,-0.147373,-3.33111e-11
9.931,0.49887,0.000161205,0.227911,-0.00537521,0.00453099,-0.0102246,0.669701,0.134775,2.8454e-11,0.698707,-0.160547,-2.60762e-12,0.264546,0.156086,-1.22805e-11,0.277896,-0.147373,-3.33111e-11
9.932,0.498903,0.000155273,0.227887,-0.00519506,0.00444028,-0.0100056,0.669701,0.134775,2.8454e-11,0.698707,-0.160547,-2.60762e-12,0.264546,0.156086,-1.22805e-11,0.277896,-0.147373,-3.33111e-11
9.933,0.498935,0.000149485,0.227863,-0.00501865,0.00434916,-0.0097864,0.669701,0.134775,2.8454e-11,0.698707,-0.160547,-2.60762e-12,0.264546,0.156086,-1.22805e-11,0.277896,-0.147373,-3.33111e-11
9.934,0.498966,0.000143838,0.22784,-0.00484595,0.00425767,-0.00956725,0.669701,0.134775,2.8454e-11,0.698707,-0.160547,-2.60762e-12,0.264546,0.156086,-1.22805e-11,0.277896,-0.147373,-3.33111e-11
9.935,0.498997,0.000138331,0.227817,-0.00467694,0.00416588,-0.0093482,0.669701,0.134775,2.8454e-11,0.698707,-0.160547,-2.60762e-12,0.264546,0.156086,-1.22805e-11,0.277896,-0.147373,-3.33111e-11
9.936,0.499028,0.000132962,0.227794,-0.00451157,0.00407382,-0.00912935,0.669701,0.134775,2.8454e-11,0.698707,-0.160547,-2.60762e-12,0.264546,0.156086,-1.22805e-11,0.277896,-0.147373,-3.33111e-11
9.937,0.499058,0.00012773,0.227772,-0.00434981,0.00398156,-0.0089108,0.669701,0.134775,2.8454e-11,0.698707,-0.160547,-2.60762e-12,0.264546,0.156086,-1.22805e-11,0.277896,-0.147373,-3.33111e-11
9.938,0.499088,0.000122632,0.22775,-0.00419164,0.00388914,-0.00869264,0.669701,0.134775,2.8454e-11,0.698707,-0.160547,-2.60762e-12,0.264546,0.156086,-1.22805e-11,0.277896,-0.147373,-3.33111e-11
9.939,0.499117,0.000117668,0.227728,-0.00403701,0.00379662,-0.00847498,0.669701,0.134775,2.8454e-11,0.698707,-0.160547,-2.60762e-12,0.264546,0.156086,-1.22805e-11,0.277896,-0.147373,-3.33111e-11
9.94,0.499146,0.000112835,0.227707,-0.0038859,0.00370405,-0.0082579,0.669701,0.134775,2.8454e-11,0.698707,-0.160547,-2.60762e-12,0.264546,0.156086,-1.22805e-11,0.277896,-0.147373,-3.33111e-11
9.941,0.499174,0.000108131,0.227686,-0.00373827,0.00361147,-0.00804151,0.669701,0.134775,2.8454e-11,0.698707,-0.160547,-2.60762e-12,0.264546,0.156086,-1.22805e-11,0.277896,-0.147373,-3.33111e-11
9.942,0.499202,0.000103556,0.227666,-0.00359408,0.00351895,-0.0078259,0.669701,0.134775,2.8454e-11,0.698707,-0.160547,-2.60762e-12,0.264546,0.156086,-1.22805e-11,0.277896,-0.147373,-3.33111e-11
9.943,0.499229,9.91079e-05,0.227646,-0.00345331,0.00342653,-0.00761118,0.669701,0.134775,2.8454e-11,0.698707,-0.160547,-2.60762e-12,0.264546,0.156086,-1.22805e-11,0.277896,-0.147373,-3.33111e-11
9.944,0.499256,9.4784e-05,0.227626,-0.00331593,0.00333426,-0.00739743,0.669701,0.134775,2.8454e-11,0.698707,-0.160547,-2.60762e-12,0.264546,0.156086,-1.22805e-11,0.277896,-0.147373,-3.33111e-11
9.945,0.499282,9.05833e-05,0.227606,-0.00318189,0.00324219,-0.00718477,0.669701,0.134775,2.8454e-11,0.698707,-0.160547,-2.60762e-12,0.264546,0.156086,-1.22805e-11,0.277896,-0.147373,-3.33111e-11
9.946,0.499308,8.65039e-05,0.227587,-0.00305117,0.00315038,-0.00697327,0.669701,0.134775,2.8454e-11,0.698707,-0.160547,-2.60762e-12,0.264546,0.156086,-1.22805e-11,0.277896,-0.147373,-3.33111e-11
9.947,0.499333,8.25443e-05,0.227568,-0.00292373,0.00305888,-0.00676305,0.669701,0.134775,2.8454e-11,0.698707,-0.160547,-2.60762e-12,0.264546,0.156086,-1.22805e-11,0.277896,-0.147373,-3.33111e-11
9.948,0.499358,7.87027e-05,0.22755,-0.00279954,0.00296774,-0.0065542,0.669701,0.134775,2.8454e-11,0.698707,-0.160547,-2.60762e-12,0.264546,0.156086,-1.22805e-11,0.277896,-0.147373,-3.33111e-11
9.949,0.499383,7.49775e-05,0.227531,-0.00267857,0.00287701,-0.00634681,0.669701,0.134775,2.8454e-11,0.698707,-0.160547,-2.60762e-12,0.264546,0.156086,-1.22805e-11,0.277896,-0.147373,-3.33111e-11
9.95,0.499407,7.1367e-05,0.227514,-0.00256078,0.00278674,-0.00614099,0.669701,0.134775,2.8454e-11,0.698707,-0.160547,-2.60762e-12,0.264546,0.156086,-1.22805e-11,0.277896,-0.147373,-3.33111e-11
9.951,0.49943,6.78696e-05,0.227496,-0.00244615,0.00269698,-0.00593684,0.669701,0.134775,2.8454e-11,0.698707,-0.160547,-2.60762e-12,0.264546,0.156086,-1.22805e-11,0.277896,-0.147373,-3.33111e-11
9.952,0.499453,6.44834e-05,0.227479,-0.00233463,0.00260779,-0.00573444,0.669701,0.134775,2.8454e-11,0.698707,-0.160547,-2.60762e-12,0.264546,0.156086,-1.22805e-11,0.277896,-0.147373,-3.33111e-11
9.953,0.499476,6.12069e-05,0.227462,-0.00222619,0.00251921,-0.0055339,0.669701,0.134775,2.8454e-11,0.698707,-0.160547,-2.60762e-12,0.264546,0.156086,-1.22805e-11,0.277896,-0.147373,-3.33111e-11
9.954,0.499498,5.80384e-05,0.227446,-0.00212081,0.00243131,-0.00533531,0.669701,0.134775,2.8454e-11,0.698707,-0.160547,-2.60762e-12,0.264546,0.156086,-1.22805e-11,0.277896,-0.147373,-3.33111e-11
9.955,0.499519,5.49762e-05,0.22743,-0.00201844,0.00234412,-0.00513877,0.669701,0.134775,2.8454e-11,0.698707,-0.160547,-2.60762e-12,0.264546,0.156086,-1.22805e-11,0.277896,-0.147373,-3.33111e-11
9.956,0.49954,5.20186e-05,0.227414,-0.00191906,0.0022577,-0.00494439,0.669701,0.134775,2.8454e-11,0.698707,-0.160547,-2.60762e-12,0.264546,0.156086,-1.22805e-11,0.277896,-0.147373,-3.33111e-11
9.957,0.499561,4.9164e-05,0.227398,-0.00182264,0.00217211,-0.00475225,0.669701,0.134775,2.8454e-11,0.698707,-0.160547,-2.60762e-12,0.264546,0.156086,-1.22805e-11,0.277896,-0.147373,-3.33111e-11
9.958,0.499581,4.64107e-05,0.227383,-0.00172913,0.00208739,-0.00456246,0.669701,0.134775,2.8454e-11,0.698707,-0.160547,-2.60762e-12,0.264546,0.156086,-1.22805e-11,0.277896,-0.147373,-3.33111e-11
9.959,0.499601,4.37569e-05,0.227369,-0.00163851,0.0020036,-0.00437511,0.669701,0.134775,2.8454e-11,0.698707,-0.160547,-2.60762e-12,0.264546,0.156086,-1.22805e-11,0.277896,-0.147373,-3.33111e-11
9.96,0.49962,4.12011e-05,0.227354,-0.00155074,0.00192078,-0.0041903,0.669701,0.134775,2.8454e-11,0.698707,-0.160547,-2.60762e-12,0.264546,0.156086,-1.22805e-11,0.277896,-0.147373,-3.33111e-11
9.961,0.499639,3.87415e-05,0.22734,-0.00146579,0.00183899,-0.00400812,0.669701,0.134775,2.8454e-11,0.698707,-0.160547,-2.60762e-12,0.264546,0.156086,-1.22805e-11,0.277896,-0.147373,-3.33111e-11
9.962,0.499657,3.63765e-05,0.227327,-0.00138363,0.00175828,-0.00382868,0.669701,0.134775,2.8454e-11,0.698707,-0.160547,-2.60762e-12,0.264546,0.156086,-1.22805e-11,0.277896,-0.147373,-3.33111e-11
9.963,0.499675,3.41043e-05,0.227313,-0.00130422,0.0016787,-0.00365208,0.669701,0.134775,2.8454e-11,0.698707,-0.160547,-2.60762e-12,0.264546,0.156086,-1.22805e-11,0.277896,-0.147373,-3.33111e-11
9.964,0.499692,3.19234e-05,0.2273,-0.00122753,0.0016003,-0.0034784,0.669701,0.134775,2.8454e-11,0.698707,-0.160547,-2.60762e-12,0.264546,0.156086,-1.22805e-11,0.277896,-0.147373,-3.33111e-11
9.965,0.499709,2.98319e-05,0.227288,-0.00115353,0.00152314,-0.00330775,0.669701,0.134775,2.8454e-11,0.698707,-0.160547,-2.60762e-12,0.264546,0.156086,-1.22805e-11,0.277896,-0.147373,-3.33111e-11
9.966,0.499726,2.78284e-05,0.227275,-0.00108219,0.00144727,-0.00314022,0.669701,0.134775,2.8454e-11,0.698707,-0.160547,-2.60762e-12,0.264546,0.156086,-1.22805e-11,0.277896,-0.147373,-3.33111e-11
9.967,0.499741,2.5911e-05,0.227263,-0.00101347,0.00137273,-0.00297592,0.669701,0.134775,2.8454e-11,0.698707,-0.160547,-2.60762e-12,0.264546,0.156086,-1.22805e-11,0.277896,-0.147373,-3.33111e-11
9.968,0.499757,2.40781e-05,0.227252,-0.000947332,0.00129958,-0.00281494,0.669701,0.134775,2.8454e-11,0.698707,-0.160547,-2.60762e-12,0.264546,0.156086,-1.22805e-11,0.277896,-0.147373,-3.33111e-11
9.969,0.499772,2.2328e-05,0.227241,-0.000883753,0.00122787,-0.00265737,0.669701,0.134775,2.8454e-11,0.698707,-0.160547,-2.60762e-12,0.264546,0.156086,-1.22805e-11,0.277896,-0.147373,-3.33111e-11
9.97,0.499786,2.06591e-05,0.22723,-0.000822697,0.00115765,-0.00250332,0.669701,0.134775,2.8454e-11,0.698707,-0.160547,-2.60762e-12,0.264546,0.156086,-1.22805e-11,0.277896,-0.147373,-3.33111e-11
9.971,0.4998,1.90696e-05,0.227219,-0.000764131,0.00108898,-0.00235289,0.669701,0.134775,2.8454e-11,0.698707,-0.160547,-2.60762e-12,0.264546,0.156086,-1.22805e-11,0.277896,-0.147373,-3.33111e-11
9.972,0.499814,1.75579e-05,0.227209,-0.000708021,0.00102189,-0.00220616,0.669701,0.134775,2.8454e-11,0.698707,-0.160547,-2.60762e-12,0.264546,0.156086,-1.22805e-11,0.277896,-0.147373,-3.33111e-11
9.973,0.499827,1.61223e-05,0.227199,-0.000654334,0.000956459,-0.00206324,0.669701,0.134775,2.8454e-11,0.698707,-0.160547,-2.60762e-12,0.264546,0.156086,-1.22805e-11,0.277896,-0.147373,-3.33111e-11
9.974,0.49984,1.47612e-05,0.22719,-0.000603037,0.000892722,-0.00192423,0.669701,0.134775,2.8454e-11,0.698707,-0.160547,-2.60762e-12,0.264546,0.156086,-1.22805e-11,0.277896,-0.147373,-3.33111e-11
9.975,0.499852,1.34728e-05,0.227181,-0.000554098,0.000830734,-0.00178921,0.669701,0.134775,2.8454e-11,0.698707,-0.160547,-2.60762e-12,0.264546,0.156086,-1.22805e-11,0.277896,-0.147373,-3.33111e-11
9.976,0.499863,1.22555e-05,0.227172,-0.000507483,0.000770546,-0.0016583,0.669701,0.134775,2.8454e-11,0.698707,-0.160547,-2.60762e-12,0.264546,0.156086,-1.22805e-11,0.277896,-0.147373,-3.33111e-11
9.977,0.499874,1.11075e-05,0.227164,-0.000463159,0.00071221,-0.00153159,0.669701,0.134775,2.8454e-11,0.698707,-0.160547,-2.60762e-12,0.264546,0.156086,-1.22805e-11,0.277896,-0.147373,-3.33111e-11
9.978,0.499885,1.00273e-05,0.227155,-0.000421093,0.000655777,-0.00140917,0.669701,0.134775,2.8454e-11,0.698707,-0.160547,-2.60762e-12,0.264546,0.156086,-1.22805e-11,0.277896,-0.147373,-3.33111e-11
9.979,0.499895,9.01317e-06,0.227148,-0.000381252,0.000601299,-0.00129114,0.669701,0.134775,2.8454e-11,0.698707,-0.160547,-2.60762e-12,0.264546,0.156086,-1.22805e-11,0.277896,-0.147373,-3.33111e-11
9.98,0.499905,8.06336e-06,0.22714,-0.000343602,0.000548828,-0.0011776,0.669701,0.134775,2.8454e-11,0.698707,-0.160547,-2.60762e-12,0.264546,0.156086,-1.22805e-11,0.277896,-0.147373,-3.33111e-11
9.981,0.499914,7.17624e-06,0.227133,-0.000308112,0.000498414,-0.00106865,0.669701,0.134775,2.8454e-11,0.698707,-0.160547,-2.60762e-12,0.264546,0.156086,-1.22805e-11,0.277896,-0.147373,-3.33111e-11
9.982,0.499923,6.35013e-06,0.227127,-0.000274747,0.00045011,-0.000964391,0.669701,0.134775,2.8454e-11,0.698707,-0.160547,-2.60762e-12,0.264546,0.156086,-1.22805e-11,0.277896,-0.147373,-3.33111e-11
9.983,0.499931,5.58335e-06,0.227121,-0.000243475,0.000403966,-0.000864911,0.669701,0.134775,2.8454e-11,0.698707,-0.160547,-2.60762e-12,0.264546,0.156086,-1.22805e-11,0.277896,-0.147373,-3.33111e-11
9.984,0.499939,4.87423e-06,0.227115,-0.000214263,0.000360035,-0.00077031,0.669701,0.134775,2.8454e-11,0.698707,-0.160547,-2.60762e-12,0.264546,0.156086,-1.22805e-11,0.277896,-0.147373,-3.33111e-11
9.985,0.499947,4.22108e-06,0.227109,-0.000187077,0.000318367,-0.000680687,0.669701,0.134775,2.8454e-11,0.698707,-0.160547,-2.60762e-12,0.264546,0.156086,-1.22805e-11,0.277896,-0.147373,-3.33111e-11
9.986,0.499953,3.62222e-06,0.227104,-0.000161885,0.000279015,-0.00059614,0.669701,0.134775,2.8454e-11,0.698707,-0.160547,-2.60762e-12,0.264546,0.156086,-1.22805e-11,0.277896,-0.147373,-3.33111e-11
9.987,0.49996,3.07599e-06,0.227099,-0.000138653,0.000242029,-0.000516766,0.669701,0.134775,2.8454e-11,0.698707,-0.160547,-2.60762e-12,0.264546,0.156086,-1.22805e-11,0.277896,-0.147373,-3.33111e-11
9.988,0.499966,2.58069e-06,0.227094,-0.000117349,0.000207461,-0.000442662,0.669701,0.134775,2.8454e-11,0.698707,-0.160547,-2.60762e-12,0.264546,0.156086,-1.22805e-11,0.277896,-0.147373,-3.33111e-11
9.989,0.499971,2.13467e-06,0.22709,-9.7939e-05,0.000175363,-0.000373925,0.669701,0.134775,2.8454e-11,0.698707,-0.160547,-2.60762e-12,0.264546,0.156086,-1.22805e-11,0.277896,-0.147373,-3.33111e-11
9.99,0.499976,1.73623e-06,0.227087,-8.03903e-05,0.000145786,-0.000310655,0.669701,0.134775,2.8454e-11,0.698707,-0.160547,-2.60762e-12,0.264546,0.156086,-1.22805e-11,0.277896,-0.147373,-3.33111e-11
9.991,0.499981,1.38369e-06,0.227083,-6.46698e-05,0.000118782,-0.000252947,0.669701,0.134775,2.8454e-11,0.698707,-0.160547,-2.60762e-12,0.264546,0.156086,-1.22805e-11,0.277896,-0.147373,-3.33111e-11
9.992,0.499985,1.07539e-06,0.22708,-5.07445e-05,9.44013e-05,-0.000200899,0.669701,0.134775,2.8454e-11,0.698707,-0.160547,-2.60762e-12,0.264546,0.156086,-1.22805e-11,0.277896,-0.147373,-3.33111e-11
9.993,0.499988,8.09648e-07,0.227077,-3.85812e-05,7.26964e-05,-0.00015461,0.669701,0.134775,2.8454e-11,0.698707,-0.160547,-2.60762e-12,0.264546,0.156086,-1.22805e-11,0.277896,-0.147373,-3.33111e-11
9.994,0.499991,5.84777e-07,0.227075,-2.8147e-05,5.37184e-05,-0.000114176,0.669701,0.134775,2.8454e-11,0.698707,-0.160547,-2.60762e-12,0.264546,0.156086,-1.22805e-11,0.277896,-0.147373,-3.33111e-11
9.995,0.499994,3.99105e-07,0.227073,-1.94088e-05,3.75189e-05,-7.96954e-05,0.669701,0.134775,2.8454e-11,0.698707,-0.160547,-2.60762e-12,0.264546,0.156086,-1.22805e-11,0.277896,-0.147373,-3.33111e-11
9.996,0.499996,2.50953e-07,0.227071,-1.23335e-05,2.41494e-05,-5.12651e-05,0.669701,0.134775,2.8454e-11,0.698707,-0.160547,-2.60762e-12,0.264546,0.156086,-1.22805e-11,0.277896,-0.147373,-3.33111e-11
9.997,0.499998,1.38645e-07,0.22707,-6.88798e-06,1.36612e-05,-2.89829e-05,0.669701,0.134775,2.8454e-11,0.698707,-0.160547,-2.60762e-12,0.264546,0.156086,-1.22805e-11,0.277896,-0.147373,-3.33111e-11
9.998,0.499999,6.05014e-08,0.227069,-3.03928e-06,6.10598e-06,-1.29463e-05,0.669701,0.134775,2.8454e-11,0.698707,-0.160547,-2.60762e-12,0.264546,0.156086,-1.22805e-11,0.277896,-0.147373,-3.33111e-11
9.999,0.5,1.48457e-08,0.227069,-7.54311e-07,1.53507e-06,-3.25283e-06,0.669701,0.134775,2.8454e-11,0.698707,-0.160547,-2.60762e-12,0.264546,0.156086,-1.22805e-11,0.277896,-0.147373,-3.33111e-11
10,0.5,2.1684e-19,0.227069,6.93889e-18,1.73472e-18,-2.65889e-19,0.669701,0.134775,2.8454e-11,0.698707,-0.160547,-2.60762e-12,0.264546,0.156086,-1.22805e-11,0.277896,-0.147373,-3.33111e-11